G3:
15227493 4319460 15327699 4350300
15227493 4135140 15327699 4165980
15227493 4258020 15327699 4288860
15227493 4196580 15327699 4227420
15227493 4380900 15327699 4396380
15334881 4193700 15468375 4224540
15183945 4368420 15192723 4369980
15183945 4358820 15192723 4360380
15181095 4353540 15195801 4355100
15181095 4363140 15195801 4364700
15181095 4348740 15195801 4350300
15183945 4392420 15192723 4393980
15181095 4329540 15195801 4331100
15181095 4343940 15195801 4345500
15181095 4339140 15195801 4340700
15334881 4266660 15468375 4297500
15334881 4312740 15468375 4320540
15181095 4334340 15195801 4335900
15334881 4339620 15468375 4370460
15334881 4390500 15468375 4392540
15334881 4143780 15468375 4174620
15334881 4379940 15468375 4383900
15179499 4316580 15183261 4318140
15334881 4255140 15468375 4262940
15334881 4326180 15468375 4330140
15334881 4264740 15468375 4265820
15334881 4395300 15468375 4396380
15150087 4252740 15152253 4255740
15334881 4189860 15468375 4191900
15168327 4168260 15169581 4168860
15163311 4283460 15165021 4284060
15164223 4193700 15166389 4194300
15159207 4176900 15160005 4177980
15160575 4294500 15162285 4295100
15157839 4322820 15159321 4323420
15164223 4208100 15166389 4208700
15155559 4322820 15156813 4323420
15161259 4233540 15162057 4234140
15149403 4262340 15153621 4262940
15149631 4272420 15152253 4273020
15151683 4285380 15152481 4285980
15157383 4221060 15162057 4222140
15161943 4296900 15164793 4297500
15175965 4201860 15176877 4202940
15163539 4259460 15164337 4260060
15160575 4172100 15161373 4172700
15148149 4311780 15150201 4312380
15157383 4250820 15162057 4251900
15162171 4328100 15162969 4328700
15334881 4135140 15468375 4142940
15164223 4136100 15165705 4136700
15164223 4256100 15165591 4256700
15174939 4190820 15176877 4191420
15159435 4298820 15160575 4299900
15166503 4194180 15169125 4194780
15170835 4294020 15173229 4294620
15161145 4135620 15162285 4136700
15148947 4231620 15150885 4232220
15156471 4313700 15157269 4314300
15158979 4205700 15159777 4206780
15186339 4177860 15197397 4178460
15166503 4296900 15167529 4297980
15166503 4154820 15169353 4155420
15154647 4314180 15154989 4315260
15195687 4221060 15198651 4221660
15156015 4300260 15156813 4300860
15171519 4169220 15171861 4170300
15164223 4284420 15164565 4285500
15154419 4195140 15155217 4196220
15151455 4206660 15153393 4207260
15168897 4298820 15169809 4299420
15146781 4330020 15150201 4330620
15172887 4231620 15174597 4232220
15154875 4219140 15159549 4220220
15161715 4231620 15164337 4232220
15160575 4284420 15162285 4285020
15155559 4257540 15157041 4258140
15155559 4228260 15158181 4228860
15163311 4147140 15165249 4147740
15156927 4173540 15159777 4174140
15155217 4308900 15156585 4309500
15153051 4261380 15154533 4261980
15161373 4147140 15162741 4147740
15154647 4305540 15155445 4306140
15175623 4193700 15178473 4194300
15154875 4167300 15159549 4168380
15154875 4293060 15159549 4294140
15159435 4196100 15160917 4196700
15149859 4301700 15152709 4302300
15159435 4323780 15162285 4324380
15164679 4236900 15166617 4237500
15173343 4146660 15174597 4147260
15160347 4288260 15163197 4288860
15168669 4262340 15169581 4263420
15150087 4294980 15154761 4296060
15164679 4235940 15165705 4236540
15148149 4187460 15149289 4188540
15156813 4309380 15157725 4309980
15150087 4168260 15154761 4169340
15155331 4306980 15156813 4307580
15174825 4283940 15176193 4284540
15163539 4165860 15164451 4166460
15146781 4200900 15149973 4201500
15172431 4207620 15175281 4208220
15152367 4183140 15153849 4183740
15149403 4172100 15150201 4173180
15150087 4217220 15154761 4218300
15167415 4165380 15170037 4165980
15166959 4157700 15171633 4158780
15149859 4300260 15152709 4300860
15157839 4265220 15159777 4265820
15169011 4202820 15171861 4203420
15176307 4192260 15179157 4192860
15148149 4315140 15150201 4315740
15178131 4228260 15182349 4228860
15148947 4221540 15151797 4222140
15152139 4311300 15153279 4312380
15158751 4228260 15161145 4228860
15161031 4159620 15163881 4160220
15148947 4139460 15149745 4140540
15148263 4212420 15149289 4213020
15154647 4153860 15155787 4154940
15161943 4196100 15164793 4196700
15183945 4365540 15192723 4366140
15187251 4259460 15198309 4260060
15168897 4210500 15170265 4211100
15168669 4260420 15169581 4261500
15162399 4255620 15163881 4256220
15178017 4152420 15184059 4153020
15152139 4248900 15154989 4249500
15148149 4136580 15149973 4137180
15149631 4233060 15152481 4233660
15148263 4217220 15149289 4217820
15168669 4213380 15172089 4213980
15158751 4184100 15161145 4184700
15175167 4149540 15176649 4150140
15146781 4188900 15150201 4189500
15164451 4171140 15165249 4172220
15148149 4204260 15149745 4204860
15148149 4264260 15149745 4264860
15164223 4314660 15182577 4315260
15168897 4212420 15171747 4213020
15175965 4200420 15177333 4201020
15148149 4299300 15151569 4299900
15161715 4209540 15162855 4210620
15157383 4253700 15162057 4254780
15152139 4273380 15157725 4273980
15148149 4181700 15149745 4182300
15158751 4192740 15161145 4193340
15148149 4235940 15150201 4236540
15148149 4246980 15150999 4247580
15148149 4213380 15149745 4213980
15148149 4320900 15150201 4321500
15183945 4148580 15192723 4149180
15183945 4360740 15192723 4361340
15146781 4176900 15149973 4177500
15146781 4242660 15149973 4243260
15177447 4234500 15195801 4235100
15161259 4183140 15163197 4183740
15148149 4278660 15149745 4279260
15146781 4210980 15149973 4211580
15165135 4379460 15188505 4380060
15175395 4213380 15177333 4213980
15154875 4302660 15159549 4303740
15146781 4241220 15149973 4241820
15186567 4258500 15197625 4259100
15148149 4302660 15150201 4303260
15152367 4139460 15154077 4140060
15179727 4190340 15180981 4190940
15180639 4195620 15184059 4196220
15182463 4269060 15197169 4269660
15148149 4252260 15149745 4252860
15148149 4222500 15149973 4223100
15148149 4317060 15150201 4317660
15181095 4217700 15184059 4218300
15154191 4325220 15155331 4325820
15148149 4324740 15149745 4325340
15146781 4202820 15148605 4203420
15148149 4135140 15149973 4135740
15148149 4344900 15162855 4345500
15171519 4277220 15182577 4277820
15152139 4212900 15155559 4213500
15156927 4244580 15160005 4245180
15174939 4289700 15175965 4290300
15154647 4138500 15156357 4139100
15169011 4201380 15170721 4201980
15148149 4167780 15149973 4168380
15152367 4282020 15156129 4282620
15147579 4319940 15149289 4320540
15166503 4205700 15169353 4206300
15146781 4340100 15165135 4340700
15148149 4292580 15151569 4293180
15157839 4285860 15159093 4286460
15148149 4256100 15151569 4256700
15146781 4182660 15148605 4183260
15146781 4263300 15148605 4263900
15159435 4144740 15161373 4145340
15148035 4180260 15149745 4180860
15154647 4226340 15158067 4226940
15156927 4203780 15158067 4204380
15183945 4370340 15192723 4370940
15146781 4293540 15150201 4294140
15146781 4271460 15149973 4272060
15177903 4256580 15196257 4257180
15146781 4309860 15150201 4310460
15184515 4198980 15195573 4199580
15159891 4149540 15161601 4150140
15146781 4250820 15148605 4251420
15177447 4165380 15195801 4165980
15148149 4265220 15150201 4265820
15171291 4258980 15182349 4259580
15148149 4173540 15149973 4174140
15148149 4306500 15150201 4307100
15152367 4287780 15155787 4288380
15148149 4184100 15149745 4184700
15148149 4333380 15149973 4333980
15146781 4307460 15148605 4308060
15146781 4186500 15150201 4187100
15177675 4203300 15179157 4203900
15148149 4244100 15150201 4244700
15159435 4164900 15165021 4165500
15148149 4196580 15149745 4197180
15148149 4239780 15150201 4240380
15157155 4215780 15160233 4216380
15177219 4197540 15178701 4198140
15176763 4294020 15195117 4294620
15168327 4263780 15170037 4264380
15152367 4162980 15154077 4163580
15148149 4266660 15151569 4267260
15165135 4394820 15188505 4395420
15165135 4389060 15188505 4389660
15154419 4202820 15157839 4203420
15146781 4225380 15149289 4225980
15146781 4247940 15148605 4248540
15146781 4331460 15148605 4332060
15155103 4234500 15157383 4235100
15166275 4279140 15169353 4279740
15146781 4144740 15149289 4145340
15146781 4197540 15150201 4198140
15151911 4155780 15153621 4156380
15164109 4315620 15182463 4316220
15148149 4282500 15149973 4283100
15171519 4200420 15173229 4201020
15148149 4325700 15149973 4326300
15177447 4181700 15195801 4182300
15169923 4301220 15171633 4301820
15146781 4170180 15150201 4170780
15164109 4319460 15182463 4320060
15164223 4212900 15165933 4213500
15146781 4158660 15148605 4159260
15153507 4312260 15154761 4312860
15173571 4189380 15174711 4189980
15167187 4201860 15168897 4202460
15181095 4222500 15184059 4223100
15146781 4174980 15148605 4175580
15152139 4267620 15155217 4268220
15146781 4219140 15148605 4219740
15148149 4270500 15149745 4271100
15156471 4205220 15158409 4205820
15186567 4277700 15197625 4278300
15167415 4306500 15196713 4307100
15148491 4259460 15150201 4260060
15177333 4167300 15195687 4167900
15175167 4150980 15197169 4151580
15148149 4288740 15149973 4289340
15161943 4174020 15163653 4174620
15146781 4343940 15148605 4344540
15179271 4186500 15197625 4187100
15167415 4277700 15169125 4278300
15165591 4320420 15183945 4321020
15183945 4262820 15192723 4263420
15148149 4234500 15149517 4235100
15166503 4273860 15168213 4274460
15182919 4216740 15184059 4217340
15146781 4185060 15150201 4185660
15146781 4195140 15148605 4195740
15181095 4309860 15184059 4310460
15154647 4259940 15155787 4260540
15161715 4230180 15163653 4230780
15168783 4303140 15171861 4303740
15154647 4310340 15156357 4310940
15146781 4279620 15148605 4280220
15167415 4289220 15168897 4289820
15146781 4323780 15148605 4324380
15161943 4177380 15163653 4177980
15148149 4248900 15150201 4249500
15174483 4185540 15176991 4186140
15148149 4352100 15149973 4352700
15158865 4174980 15160005 4175580
15146781 4154820 15148605 4155420
15148035 4285860 15149745 4286460
15177447 4183620 15195801 4184220
15165477 4271460 15167985 4272060
15153507 4143780 15154989 4144380
15163995 4175940 15165249 4176540
15159435 4330980 15161373 4331580
15146781 4387620 15176079 4388220
15152367 4138500 15154077 4139100
15183603 4254660 15198309 4255260
15179727 4230660 15194433 4231260
15157839 4188900 15159549 4189500
15171747 4180260 15174141 4180860
15151455 4251780 15152937 4252380
15146781 4227780 15148605 4228380
15148149 4149540 15149973 4150140
15170151 4305060 15181209 4305660
15149631 4274820 15153051 4275420
15152139 4207620 15152481 4208220
15156699 4231140 15158409 4231740
15151683 4289220 15153393 4289820
15146781 4162500 15148605 4163100
15156927 4312740 15158637 4313340
15165135 4375620 15188505 4376220
15183033 4259940 15184059 4260540
15148149 4164420 15149973 4165020
15161373 4279620 15162855 4280220
15163767 4184100 15165477 4184700
15158637 4207620 15159777 4208220
15146781 4230660 15147921 4231260
15164223 4160580 15166617 4161180
15148149 4298340 15150657 4298940
15192609 4394340 15198651 4394940
15161943 4303620 15163653 4304220
15164223 4244100 15166617 4244700
15152025 4156740 15154989 4157340
15157155 4229220 15159663 4229820
15184515 4176900 15195573 4177500
15148149 4354980 15177447 4355580
15151911 4246020 15154305 4246620
15164223 4226340 15165933 4226940
15168099 4266660 15169353 4267260
15148149 4207140 15149517 4207740
15172431 4221060 15173913 4221660
15148149 4179300 15149517 4179900
15166731 4298340 15168441 4298940
15164907 4321380 15183261 4321980
15161487 4265700 15162741 4266300
15148149 4143300 15149973 4143900
15158979 4271940 15160233 4272540
15150771 4316100 15152025 4316700
15197511 4169220 15198651 4169820
15172431 4223940 15173913 4224540
15181095 4192260 15195801 4192860
15164109 4317060 15165249 4317660
15168441 4211460 15169581 4212060
15151227 4303620 15152709 4304220
15158523 4160100 15160005 4160700
15149745 4287300 15151113 4287900
15151455 4199940 15152823 4200540
15192495 4301700 15198081 4302300
15166959 4301220 15168213 4301820
15163995 4294980 15165249 4295580
15184857 4143300 15195915 4143900
15160803 4202820 15162057 4203420
15163539 4243140 15165249 4243740
15146781 4354020 15176079 4354620
15165363 4165860 15166845 4166460
15170379 4193700 15171861 4194300
15161031 4150980 15162285 4151580
15197511 4214340 15198651 4214940
15168555 4258500 15170949 4259100
15148149 4327140 15149517 4327740
15160803 4138020 15162285 4138620
15158523 4150980 15159663 4151580
15185313 4245540 15196371 4246140
15170037 4152420 15172545 4153020
15158295 4179300 15159777 4179900
15146781 4233060 15148149 4233660
15161259 4289700 15162513 4290300
15176307 4198500 15178815 4199100
15167871 4220580 15169353 4221180
15160803 4293540 15162285 4294140
15164907 4330980 15179613 4331580
15158523 4232100 15159777 4232700
15161259 4152900 15162741 4153500
15150771 4202820 15152481 4203420
15164223 4222020 15166617 4222620
15181095 4355460 15195801 4356060
15171063 4210980 15173457 4211580
15175851 4196100 15178245 4196700
15165819 4169700 15167073 4170300
15181095 4205700 15195801 4206300
15153735 4204740 15155103 4205340
15153279 4214340 15154761 4214940
15164223 4169700 15165249 4170300
15150771 4140420 15152025 4141020
15170151 4234500 15171861 4235100
15163995 4327620 15165249 4328220
15148149 4177860 15149517 4178460
15157611 4214340 15159321 4214940
15146781 4359780 15176079 4360380
15156471 4316100 15157725 4316700
15146781 4350180 15176079 4350780
15163767 4263300 15165249 4263900
15164223 4294020 15166617 4294620
15160917 4310820 15175623 4311420
15157155 4168740 15158409 4169340
15156129 4164420 15157497 4165020
15146781 4392420 15176079 4393020
15183261 4163460 15197967 4164060
15160803 4235940 15162285 4236540
15164223 4149060 15166617 4149660
15148149 4349220 15177447 4349820
15174711 4139460 15189417 4140060
15172887 4268100 15187593 4268700
15169467 4248900 15184173 4249500
15163539 4224900 15165249 4225500
15149859 4174500 15151113 4175100
15156243 4334820 15157497 4335420
15175965 4370340 15183375 4370940
15182691 4250340 15184059 4250940
15156699 4305060 15159549 4305660
15181095 4326660 15195801 4327260
15167415 4253220 15182121 4253820
15181095 4239300 15195801 4239900
15182235 4292580 15184059 4293180
15164223 4220100 15166617 4220700
15160917 4178340 15162285 4178940
15148149 4258020 15149517 4258620
15161031 4274820 15162285 4275420
15176079 4208580 15177561 4209180
15158295 4327620 15160005 4328220
15152139 4194660 15153849 4195260
15181095 4341060 15195801 4341660
15182235 4173060 15196941 4173660
15173001 4218180 15174369 4218780
15148149 4224420 15149517 4225020
15153963 4228740 15155217 4229340
15171519 4188420 15173001 4189020
15152823 4221540 15154761 4222140
15167871 4231620 15169353 4232220
15154647 4166340 15156357 4166940
15182691 4213860 15184059 4214460
15173001 4183140 15174597 4183740
15180639 4229700 15195345 4230300
15152139 4201860 15153849 4202460
15180981 4215300 15195687 4215900
15179499 4211460 15194205 4212060
15164223 4158660 15166617 4159260
15154077 4358820 15159663 4359420
15170151 4189380 15171405 4189980
15164907 4269540 15166389 4270140
15183261 4307460 15197967 4308060
15153507 4253220 15155217 4253820
15181095 4244100 15195801 4244700
15181095 4331460 15195801 4332060
15173799 4291620 15175053 4292220
15153507 4207140 15155217 4207740
15161487 4311780 15176193 4312380
15168441 4162500 15170151 4163100
15181779 4225860 15196485 4226460
15149859 4177860 15152709 4178460
15161031 4229220 15162513 4229820
15152367 4258980 15153849 4259580
15181095 4138500 15195801 4139100
15185199 4220100 15192609 4220700
15181095 4311300 15195801 4311900
15148149 4335300 15155559 4335900
15164109 4300740 15165249 4301340
15165135 4194660 15166389 4195260
15182919 4178820 15197625 4179420
15160575 4320900 15162057 4321500
15160461 4243140 15162057 4243740
15148491 4166340 15150201 4166940
15166503 4325700 15195801 4326300
15164223 4144260 15166617 4144860
15152367 4174500 15154077 4175100
15154647 4324260 15155901 4324860
15148149 4246020 15149745 4246620
15167871 4255140 15168897 4255740
15154191 4313220 15155445 4313820
15157155 4169700 15159093 4170300
15161943 4302180 15167529 4302780
15149859 4191780 15151113 4192380
15167187 4192260 15170151 4192860
15164223 4304100 15167073 4304700
15146781 4364580 15176079 4365180
15187821 4250820 15197055 4251420
15177219 4190340 15178929 4190940
15180981 4210500 15195687 4211100
15160803 4138980 15162285 4139580
15170607 4291620 15171861 4292220
15162969 4153860 15164565 4154460
15165591 4203300 15167073 4203900
15146781 4221540 15148377 4222140
15173685 4296900 15188391 4297500
15174483 4162500 15189189 4163100
15146781 4383780 15176079 4384380
15166503 4336260 15181209 4336860
15181095 4345860 15195801 4346460
15174027 4155300 15176421 4155900
15156471 4296420 15158067 4297020
15152139 4165380 15154989 4165980
15154191 4232100 15155445 4232700
15146781 4393380 15176079 4393980
15174711 4273860 15189417 4274460
15167415 4237380 15168669 4237980
15174939 4164420 15196941 4165020
15153507 4252260 15154647 4252860
15173799 4225860 15176649 4226460
15166503 4235460 15168213 4236060
15166047 4282020 15166503 4282620
15176991 4278660 15191697 4279260
15166503 4378500 15195801 4379100
15192495 4282500 15198081 4283100
15179727 4287300 15194433 4287900
15167301 4170180 15168669 4170780
15154419 4196580 15157269 4197180
15153507 4250340 15154647 4250940
15152139 4315140 15153849 4315740
15162627 4248900 15164337 4249500
15158979 4137540 15160689 4138140
15168669 4172100 15197967 4172700
15168669 4287300 15170949 4287900
15173343 4287780 15174939 4288380
15156585 4157700 15157953 4158300
15182235 4158660 15196941 4159260
15157041 4284420 15158637 4285020
15169695 4153380 15177105 4153980
15178131 4308900 15183717 4309500
15176193 4157700 15190899 4158300
15152139 4181700 15154989 4182300
15197055 4304580 15198651 4305180
15154647 4239300 15157497 4239900
15171519 4227780 15173229 4228380
15149859 4219620 15152709 4220220
15161487 4374180 15176193 4374780
15150087 4243140 15151797 4243740
15171177 4216740 15172773 4217340
15169467 4257060 15170493 4257660
15191583 4152900 15197169 4153500
15170607 4230180 15172203 4230780
15154647 4171620 15157497 4172220
15183375 4202820 15198081 4203420
15178815 4207140 15179727 4207740
15148149 4296420 15151911 4297020
15180753 4224900 15195459 4225500
15182691 4303620 15197397 4304220
15146781 4261380 15148263 4261980
15168555 4299780 15169809 4300380
15154647 4191780 15157497 4192380
15181209 4144740 15184059 4145340
15161373 4360740 15176079 4361340
15182007 4302660 15196713 4303260
15163083 4299780 15164337 4300380
15182463 4258020 15184059 4258620
15175167 4205220 15176307 4205820
15180867 4272420 15183717 4273020
15164223 4264260 15166617 4264860
15159663 4180260 15160803 4180860
15164223 4138020 15165477 4138620
15166503 4186500 15170265 4187100
15173685 4270020 15195687 4270620
15157383 4154820 15159549 4155900
15156927 4162020 15159777 4162620
15173457 4217220 15176307 4217820
15174939 4231620 15196941 4232220
15154647 4224420 15156243 4225020
15155787 4270020 15156357 4270620
15156585 4262340 15158181 4262940
15159549 4374180 15161145 4374780
15172203 4184100 15174141 4184700
15195459 4148100 15198309 4148700
15156243 4179300 15157269 4179900
15182463 4295460 15184059 4296060
15182007 4240260 15196713 4240860
15165363 4142820 15169125 4143420
15170151 4223940 15170949 4224540
15148149 4171140 15149517 4171740
15155559 4299300 15156585 4299900
15168783 4182660 15172545 4183260
15157155 4259940 15159093 4260540
15163197 4211460 15164337 4212060
15153279 4300740 15155673 4301340
15192609 4213860 15196371 4214460
15166503 4280580 15169353 4281180
15153621 4240260 15154761 4240860
15182007 4203780 15189417 4204380
15180867 4199460 15181665 4200060
15191355 4201860 15196941 4202460
15164109 4197540 15166959 4198140
15166503 4269060 15170265 4269660
15165021 4267620 15168783 4268220
15160119 4232580 15161373 4233180
15155787 4330020 15158637 4330620
15153735 4318020 15155331 4318620
15181095 4322820 15195801 4323420
15185313 4263780 15192723 4264380
15171633 4257060 15172317 4257660
15150543 4141380 15151683 4141980
15163083 4330020 15177789 4330620
15155559 4139940 15156357 4140540
15172887 4284900 15173457 4285500
15152367 4148100 15155217 4148700
15146781 4363620 15176079 4364220
15169011 4187460 15172773 4188060
15174825 4298340 15182235 4298940
15173799 4293540 15174825 4294140
15146781 4297380 15148377 4297980
15164223 4291620 15166161 4292220
15152595 4224900 15153735 4225500
15181209 4312740 15184059 4313340
15174255 4224420 15177105 4225020
15163197 4145700 15164337 4146300
15176991 4219620 15178929 4220220
15166503 4181220 15169353 4181820
15152367 4254180 15155217 4254780
15152367 4189860 15153849 4190460
15155673 4250820 15157269 4251420
15157155 4297860 15158067 4298460
15153621 4286340 15154761 4287420
15161715 4206180 15164565 4206780
15161829 4249860 15163425 4250460
15155559 4188420 15156357 4189020
15182007 4206660 15196713 4207260
15155559 4256100 15157497 4256700
15152595 4280100 15153735 4280700
15151341 4305540 15152481 4306140
15167985 4147620 15169125 4148220
15166731 4204260 15169581 4204860
15161601 4215780 15162627 4216380
15157269 4257540 15158637 4258620
15197853 4298820 15198651 4299420
15164223 4278660 15165249 4279260
15180525 4212900 15183375 4213500
15162969 4207140 15164565 4207740
15188391 4272900 15195801 4273500
15168669 4233540 15169581 4234140
15152823 4150020 15155217 4150620
15176307 4206180 15177219 4206780
15168897 4240740 15170493 4241340
15154647 4145220 15157497 4145820
15169467 4288260 15170493 4288860
15181095 4143780 15183945 4144380
15156699 4317060 15157953 4317660
15154875 4159620 15156015 4160220
15164451 4254660 15165249 4255260
15161943 4163460 15162741 4164060
15157155 4224420 15160005 4225020
15183261 4251300 15184059 4251900
15168897 4297380 15169581 4297980
15151683 4192260 15154533 4192860
15183261 4135620 15197967 4136220
15155331 4247460 15157725 4248060
15174939 4184580 15177789 4185180
15159207 4183140 15159891 4183740
15176079 4187940 15178929 4188540
15152139 4230660 15153051 4231260
15180867 4187460 15195573 4188060
15176079 4226820 15176877 4227420
15173799 4186500 15176649 4187100
15163197 4154820 15164337 4155420
15153621 4175460 15154305 4176060
15197739 4211460 15198651 4212060
15166275 4189860 15168213 4190460
15158751 4315620 15159777 4316220
15162969 4186980 15164565 4187580
15160917 4214820 15162057 4215420
15178359 4185060 15183945 4185660
15161943 4172100 15162741 4172700
15149859 4214820 15152709 4215420
15172773 4158180 15173913 4158780
15160119 4334340 15163881 4334940
15167415 4167300 15169353 4167900
15172659 4162020 15173799 4162620
15178131 4216740 15178929 4217340
15175623 4232580 15176649 4233180
15156927 4333380 15160689 4333980
15166161 4201380 15167073 4201980
15170037 4277220 15170721 4277820
15156015 4170660 15156813 4171260
15163767 4227300 15164565 4227900
15164109 4234020 15167871 4234620
15183261 4373220 15184059 4373820
15166503 4153860 15168441 4154460
15161943 4252260 15162855 4252860
15159207 4170180 15160233 4170780
15182463 4153380 15184059 4153980
15161145 4318500 15168555 4319100
15150087 4142340 15150885 4142940
15168783 4276260 15169809 4276860
15152139 4244100 15155901 4244700
15165591 4185060 15166845 4185660
15152139 4205700 15155901 4206300
15175281 4203300 15175965 4203900
15162171 4217220 15164337 4218300
15167415 4247940 15168441 4248540
15174483 4200900 15175281 4201500
15150315 4161060 15151455 4161660
15170493 4218180 15171633 4218780
15156927 4222980 15158865 4223580
15150999 4211460 15152481 4212060
15157155 4263300 15158067 4263900
15159207 4148100 15162057 4148700
15176535 4210980 15177675 4211580
15159435 4145700 15160461 4146300
15165135 4172580 15167073 4173180
15154647 4255620 15155445 4256220
15166959 4239780 15168099 4240380
15149859 4179300 15152709 4179900
15153165 4277700 15154761 4278780
15164223 4162020 15167073 4162620
15175167 4171140 15176193 4171740
15163653 4185060 15164337 4185660
15167871 4144260 15168327 4144860
15159207 4143780 15161145 4144380
15160347 4272900 15161943 4273980
15185313 4147620 15192723 4148220
15171519 4198020 15173457 4198620
15159435 4142820 15160461 4143420
15167187 4171140 15167985 4171740
15198081 4184100 15198651 4185660
15168327 4305540 15169125 4306140
15152139 4286820 15152937 4287420
15167415 4179300 15171177 4179900
15159207 4262820 15160005 4263420
15171519 4281060 15172317 4281660
15154647 4210980 15155445 4211580
15168897 4217220 15169809 4217820
15165591 4180260 15166617 4180860
15161031 4224900 15162057 4225500
15155787 4301700 15156357 4302300
15155787 4240740 15156585 4241340
15164451 4185540 15165249 4186140
15154533 4258500 15155445 4259100
15164223 4168260 15165021 4168860
15173913 4196100 15175053 4196700
15154191 4190340 15156129 4190940
15160119 4306500 15161145 4307100
15168099 4164420 15168555 4165020
15161259 4263300 15162057 4263900
15151797 4153860 15152709 4154460
15161829 4326660 15162855 4327260
15175509 4204260 15176193 4204860
15183147 4245540 15184059 4246140
15154647 4292100 15155445 4292700
15159207 4153860 15160233 4154460
15167415 4232580 15167985 4233180
15167415 4156740 15168213 4157340
15158067 4199940 15158865 4200540
15152139 4317540 15153165 4318140
15161943 4157700 15163881 4158300
15170151 4190340 15170949 4190940
15152367 4283460 15153165 4284060
15154761 4209540 15156357 4210620
15152139 4237860 15153165 4238460
15178131 4215300 15179157 4215900
15163083 4351620 15165021 4352220
15183147 4142820 15184059 4143420
15174483 4230180 15175509 4230780
15155103 4141860 15156129 4142460
15157839 4274820 15158865 4275420
15164679 4238820 15166617 4239420
15182577 4199940 15183261 4200540
15179271 4233060 15183033 4233660
15171291 4170660 15172089 4171260
15161259 4204740 15162057 4205340
15151227 4291620 15152367 4292220
15168099 4151460 15170037 4152060
15148149 4334340 15155559 4334940
15162171 4181700 15164337 4182780
15152139 4186020 15152937 4186620
15166503 4212420 15167301 4213020
15169011 4294980 15169809 4295580
15158523 4225860 15159321 4226460
15161943 4150020 15163881 4150620
15166503 4274820 15167529 4275420
15173115 4152420 15175053 4153020
15177675 4221060 15178701 4221660
15153051 4271940 15154077 4272540
15153051 4332420 15154989 4333020
15164451 4230180 15165249 4230780
15158979 4330020 15160005 4330620
15163539 4308420 15164565 4309020
15176535 4169220 15178701 4170300
15161715 4198980 15162513 4199580
15157041 4212420 15157953 4213020
15155787 4135620 15156471 4136220
15177903 4189380 15178929 4189980
15152139 4325220 15152937 4325820
15161601 4223460 15162057 4224060
15166503 4295940 15167529 4296540
15148491 4268100 15149517 4268700
15165135 4222980 15166617 4223580
15148149 4226340 15150201 4226940
15152139 4190820 15154077 4191420
15152823 4158660 15153849 4159260
15166731 4210980 15167529 4211580
15155331 4289700 15156471 4290300
15152367 4216260 15153393 4216860
15162855 4192740 15163653 4193340
15158067 4239300 15158865 4239900
15153507 4284420 15155445 4285020
15161943 4210980 15162855 4211580
15162627 4258020 15164565 4258620
15158295 4233060 15159321 4233660
15148149 4346820 15162855 4347900
15170493 4181700 15171405 4182300
15159093 4159140 15160005 4159740
15153279 4171140 15154305 4171740
15169011 4268100 15170037 4268700
15153963 4163940 15155901 4164540
15166503 4260420 15167301 4261020
15172659 4282020 15172887 4282620
15163767 4281540 15164565 4282140
15152367 4200900 15154305 4201500
15162627 4266660 15162855 4267260
15166503 4196100 15167529 4196700
15162399 4224900 15163311 4225500
15150315 4159140 15152253 4159740
15179727 4201380 15180981 4201980
15170379 4147140 15170949 4147740
15159435 4267140 15161373 4267740
15162741 4261380 15164337 4262460
15157155 4291140 15158637 4291740
15176307 4227780 15177105 4228380
15154647 4262340 15155673 4262940
15163083 4336260 15165021 4336860
15151797 4249860 15152709 4250460
15161715 4154820 15162513 4155420
15152139 4242660 15153621 4243260
15159549 4269540 15160233 4270140
15169239 4265220 15171633 4265820
15168897 4242180 15169239 4242780
15170379 4228740 15171405 4229340
15157155 4320420 15157953 4321020
15152139 4197540 15153621 4198140
15169809 4271940 15171405 4273020
15166275 4245540 15166845 4246140
15155787 4184100 15156585 4184700
15169695 4145220 15170265 4145820
15163881 4271940 15164907 4272540
15152937 4146180 15154533 4147260
15156699 4318980 15157497 4319580
15153051 4209540 15154077 4210140
15166959 4219140 15169125 4220220
15174597 4165380 15176193 4166460
15167073 4226820 15167529 4227420
15178359 4209540 15179385 4210140
15166959 4215780 15168099 4216380
15164223 4237860 15165705 4238460
15195003 4271940 15196941 4272540
15148491 4316100 15149517 4316700
15166503 4283460 15167529 4284060
15155673 4280580 15157269 4281660
15172887 4166820 15173913 4167420
15166503 4241220 15168441 4241820
15166503 4206660 15167301 4207260
15171291 4214340 15172317 4214940
15160803 4258020 15161259 4258620
15149061 4159620 15149745 4160220
15146781 4287300 15148719 4287900
15162855 4238340 15163881 4238940
15167073 4294980 15167529 4295580
15153051 4160580 15154191 4161180
15171291 4294980 15171633 4295580
15152139 4173060 15154077 4173660
15150771 4180740 15151569 4181340
15162741 4189380 15164337 4190460
15158979 4308420 15159549 4309020
15155673 4232580 15157269 4233660
15161031 4291620 15162969 4292220
15162741 4341060 15164679 4341660
15173343 4160100 15174369 4160700
15159549 4181700 15161145 4182780
15166503 4151940 15167985 4152540
15176535 4155780 15178131 4156860
15153051 4320420 15154989 4321020
15169467 4181700 15169923 4182300
15171063 4209540 15173913 4210140
15165591 4231140 15166617 4231740
15155103 4214820 15156243 4215420
15169239 4285380 15171405 4286460
15167871 4180260 15168897 4180860
15172431 4162980 15173457 4163580
15171519 4235460 15186225 4236060
15166959 4281540 15167985 4282140
15152367 4241220 15153849 4241820
15152139 4302660 15153165 4303260
15161259 4277220 15162285 4277820
15174255 4204260 15174597 4204860
15150543 4269060 15151569 4269660
15166959 4176900 15169125 4177980
15156585 4148580 15157269 4149180
15152139 4264740 15153165 4265340
15154647 4316580 15156129 4317180
15151683 4277220 15152481 4277820
15163539 4292580 15164565 4293180
15150087 4150980 15152253 4152060
15178473 4200900 15178929 4201500
15172887 4250820 15173343 4251420
15156699 4136100 15157497 4136700
15167415 4199460 15168555 4200060
15153507 4285380 15154647 4285980
15156015 4189380 15156813 4189980
15176763 4283460 15178359 4284540
15153279 4246980 15154305 4247580
15153051 4290180 15154191 4290780
15149859 4318020 15151797 4318620
15161943 4332900 15162969 4333500
15166959 4216740 15168099 4217340
15166503 4224900 15167529 4225500
15154419 4237380 15155217 4237980
15169467 4289220 15171063 4290300
15155559 4215780 15156357 4216380
15152823 4238820 15153849 4239420
15151227 4148100 15151455 4148700
15156243 4246500 15156813 4247100
15163197 4199940 15164337 4200540
15168099 4178340 15169125 4178940
15152367 4175940 15153165 4176540
15161373 4314180 15162057 4314780
15161259 4175940 15162057 4176540
15165363 4292580 15165933 4293180
15156927 4328580 15157953 4329180
15153507 4327620 15154533 4328220
15174483 4210020 15175509 4210620
15152139 4229220 15153165 4229820
15154647 4319460 15156129 4320060
15163767 4192260 15164565 4192860
15150315 4227780 15151569 4228380
15161259 4237380 15162285 4237980
15157611 4182660 15158751 4183260
15170379 4156740 15171633 4157340
15172659 4233060 15173229 4233660
15159207 4248420 15160233 4249020
15157839 4289220 15158979 4289820
15179271 4222980 15180867 4224060
15163881 4287300 15164907 4287900
15170151 4270020 15170607 4270620
15158409 4310820 15159549 4311420
15164223 4200900 15165249 4201500
15164223 4290660 15165249 4291260
15157155 4137540 15157953 4138140
15169923 4214340 15170949 4214940
15167415 4228260 15168441 4228860
15160119 4223940 15160917 4224540
15166503 4195140 15167529 4195740
15159207 4140900 15160233 4141500
15163197 4205220 15164337 4205820
15159663 4194180 15161829 4195260
15151797 4204740 15152823 4205340
15157383 4175460 15158181 4176060
15169467 4295940 15171633 4297020
15161715 4264260 15163197 4264860
15159549 4156740 15161145 4157820
15161943 4309860 15162969 4310460
15152139 4186980 15153165 4187580
15179271 4221060 15181209 4222140
15167073 4265220 15168669 4266300
15166959 4229700 15169125 4230780
15162855 4175460 15163881 4176060
15173799 4150500 15174825 4151100
15176763 4292100 15178701 4293180
15160119 4217220 15161259 4217820
15158295 4237380 15159549 4237980
15168441 4274340 15169125 4274940
15163881 4289220 15164907 4289820
15167871 4295460 15168669 4296060
15179043 4197060 15181209 4198140
15151455 4225380 15152481 4225980
15164223 4210500 15164565 4211100
15162171 4171140 15163197 4171740
15164223 4313700 15164793 4314300
15153621 4159620 15154761 4160220
15150087 4280580 15152253 4281660
15164223 4239780 15165705 4240380
15152139 4270020 15152481 4270620
15163995 4176900 15165021 4177500
15170379 4231140 15171633 4231740
15150087 4290180 15152253 4291260
15178587 4214340 15179385 4214940
15183261 4190820 15184059 4191420
15167073 4266660 15167529 4267260
15150087 4135620 15152253 4136700
15171291 4167780 15172773 4168380
15173913 4292580 15174597 4293180
15149175 4291140 15149631 4291740
15162627 4323780 15164223 4324860
15168783 4282980 15169809 4283580
15157953 4156260 15158637 4156860
15158067 4311780 15159549 4312380
15150771 4240260 15151797 4240860
15164451 4215780 15165591 4216380
15154875 4175940 15156813 4177020
15169923 4219140 15171063 4219740
15151455 4196580 15152481 4197180
15153051 4263300 15153393 4263900
15158751 4211460 15159549 4212060
15170037 4273860 15171633 4274940
15155673 4242180 15157269 4243260
15162057 4316100 15163653 4317180
15182007 4193700 15182349 4194300
15157383 4141380 15158523 4141980
15159435 4189860 15160917 4190460
15152937 4233540 15154533 4234620
15148149 4175940 15151911 4176540
15171519 4304100 15172545 4304700
15153735 4169700 15154761 4170300
15150885 4157700 15152481 4158780
15162171 4306500 15164337 4307580
15156243 4327620 15157269 4328220
15155331 4271940 15156585 4272540
15158067 4319940 15158865 4320540
15161943 4203780 15162741 4204380
15163767 4172580 15164565 4173180
15162969 4305540 15164907 4306140
15174483 4275780 15175509 4276380
15156699 4288740 15157725 4289340
15178473 4212420 15179157 4213500
15151455 4198500 15152481 4199100
15169011 4164420 15169809 4165020
15174255 4300740 15176421 4301820
15162855 4285380 15163881 4285980
15155559 4158660 15156585 4159260
15158523 4313700 15159549 4314300
15153507 4215780 15154761 4216380
15162285 4232580 15164337 4233660
15156015 4279620 15157041 4280220
15175167 4214340 15175965 4214940
15152595 4256580 15154761 4257660
15157155 4227300 15158181 4227900
15196257 4199460 15198651 4200060
15151341 4279620 15152481 4280220
15148149 4141380 15148833 4141980
15150087 4183620 15152253 4184700
15154533 4198980 15155217 4200060
15172203 4294980 15173685 4295580
15161715 4212900 15162741 4213500
15158295 4258980 15159321 4259580
15162057 4197060 15162741 4198140
15158751 4212420 15159777 4213020
15171519 4299780 15186225 4300380
15166617 4261860 15166959 4262460
15164451 4181220 15165477 4181820
15153165 4135620 15154761 4136700
15156015 4274820 15157041 4275420
15157383 4149060 15159549 4150140
15172887 4275300 15173913 4275900
15152595 4279140 15153621 4279740
15155331 4328580 15156585 4329180
15168555 4155780 15170151 4156860
15156927 4151460 15157953 4152060
15162171 4331460 15164337 4332540
15154419 4231140 15155445 4231740
15154647 4297860 15155673 4298460
15157383 4242180 15158181 4242780
15172431 4276260 15173457 4276860
15170151 4270980 15170607 4271580
15164679 4332420 15165249 4333020
15154647 4155780 15155673 4156380
15174483 4181700 15176079 4182780
15172431 4226340 15173229 4226940
15173799 4282020 15175281 4282620
15157953 4201860 15159549 4202940
15156129 4147620 15157269 4148220
15157839 4292100 15158865 4292700
15155103 4235460 15157269 4236540
15173571 4233540 15174597 4234140
15157155 4279140 15157953 4279740
15164223 4303140 15165249 4303740
15161373 4276260 15162057 4276860
15167643 4276260 15167985 4276860
15148947 4280100 15149973 4280700
15171519 4233540 15172545 4234140
15150087 4331460 15152253 4332540
15162969 4162020 15163311 4162620
15157155 4195140 15157839 4196220
15181323 4188420 15182121 4189020
15167187 4144740 15167529 4145340
15181323 4200900 15182577 4201500
15156015 4198500 15157041 4199100
15170151 4243140 15170949 4243740
15155673 4199940 15157269 4201020
15155673 4251780 15157269 4252860
15163311 4325220 15164337 4325820
15159891 4300740 15162057 4301820
15169695 4226820 15171291 4227900
15166959 4263780 15167985 4264380
15173799 4286820 15174825 4287420
15176991 4204740 15178587 4205820
15172431 4295940 15172773 4296540
15164223 4166820 15165249 4167420
15150201 4149060 15151797 4150140
15177903 4226820 15178473 4227420
15148149 4308420 15150087 4309020
15171975 4203300 15173229 4203900
15158751 4301700 15159321 4302300
15172659 4288260 15173229 4288860
15154875 4277700 15157041 4278780
15154647 4177380 15155673 4177980
15169467 4280100 15170493 4280700
15183945 4356900 15192723 4358460
15167643 4254180 15168669 4254780
15159663 4219140 15161829 4220220
15158295 4236420 15159549 4237020
15152823 4328580 15153849 4329180
15171747 4157220 15173001 4157820
15146781 4281060 15149289 4281660
15148149 4276260 15152481 4276860
15167301 4222020 15168897 4223100
15163083 4213380 15163311 4213980
15171747 4279620 15173913 4280700
15161715 4208100 15162741 4208700
15153279 4151940 15154305 4152540
15167415 4223940 15168669 4224540
15171747 4161060 15172545 4161660
15148149 4160580 15148491 4161180
15160119 4246500 15161145 4247100
15162627 4321380 15162855 4321980
15160005 4307460 15161601 4308540
15170607 4261380 15171633 4261980
15159435 4287300 15160233 4287900
15164451 4204260 15165591 4204860
15166503 4188420 15167073 4189500
15175395 4221060 15176421 4221660
15167415 4259460 15168669 4260060
15176307 4219140 15176877 4219740
15169467 4207620 15171633 4208700
15155103 4186500 15155901 4187100
15158751 4279620 15159549 4280220
15175737 4167300 15175965 4167900
15150771 4154340 15151569 4154940
15146781 4190820 15148263 4191420
15153507 4266660 15154533 4267260
15154875 4245060 15156471 4246140
15160119 4167300 15161145 4167900
15159663 4234500 15161829 4235580
15171177 4166340 15171861 4167420
15161373 4180740 15161601 4181340
15161031 4255140 15162057 4255740
15159663 4241220 15161829 4242300
15153507 4210500 15154077 4211100
15176079 4207140 15177105 4207740
15166503 4237860 15166959 4238460
15171519 4204260 15172317 4204860
15163083 4272900 15163881 4273500
15153507 4211460 15154533 4212060
15170151 4184580 15170949 4185180
15175623 4210980 15176421 4211580
15164451 4273380 15165477 4273980
15164223 4274820 15165249 4275420
15151797 4169700 15152481 4170300
15174027 4148580 15175053 4149180
15167871 4282500 15168441 4283100
15179271 4216260 15180069 4216860
15160119 4198020 15160917 4198620
15158067 4325700 15159093 4326300
15173115 4272900 15173913 4273500
15155103 4146180 15156699 4147260
15159435 4171620 15160233 4172220
15158523 4281060 15159549 4281660
15150543 4145220 15152139 4146300
15156471 4236900 15157269 4237500
15169467 4230660 15170037 4231260
15151227 4208580 15152253 4209180
15162741 4253700 15164337 4254780
15175851 4151940 15176421 4152540
15183945 4227300 15192723 4228860
15175395 4211940 15176421 4212540
15156813 4265220 15157269 4265820
15174255 4158660 15175053 4159260
15161943 4286820 15162285 4287420
15157155 4321860 15157725 4322940
15161487 4324740 15162513 4325340
15169581 4224900 15171177 4225980
15149175 4260900 15149973 4261500
15159663 4259460 15161829 4260540
15175395 4215780 15176193 4216380
15183375 4198020 15198081 4198620
15169467 4277220 15169809 4277820
15177447 4284900 15178245 4285500
15174255 4236420 15176421 4237500
15172089 4192260 15173685 4193340
15158523 4324740 15159549 4325340
15179043 4218660 15180069 4219260
15161715 4160580 15162285 4161660
15173799 4303140 15174597 4303740
15157725 4208580 15158409 4209180
15151455 4324260 15152253 4324860
15153963 4141380 15154761 4141980
15163311 4170180 15164109 4170780
15177447 4289700 15178245 4290300
15153165 4307460 15154761 4308540
15148149 4328100 15150201 4328700
15161031 4189380 15162057 4189980
15178815 4287300 15179385 4287900
15157611 4294500 15158637 4295100
15174369 4228740 15175965 4229820
15155901 4160580 15156129 4161180
15152595 4196100 15153621 4196700
15159891 4321860 15161487 4322940
15164223 4137060 15165477 4137660
15165591 4274340 15165819 4274940
15166959 4208580 15169125 4209660
15162855 4297860 15163653 4298460
15158295 4240260 15159321 4240860
15150771 4241220 15151797 4241820
15159435 4172580 15160233 4173180
15152367 4140420 15153165 4141020
15176307 4148100 15176877 4148700
15155103 4229700 15156699 4230780
15159891 4187460 15161487 4188540
15170607 4238340 15171405 4238940
15171519 4160100 15172317 4160700
15160233 4226820 15161829 4227900
15157611 4255620 15159207 4256700
15159663 4329060 15160689 4329660
15164907 4141380 15166617 4141980
15162855 4235460 15163653 4236060
15166959 4292100 15168555 4293180
15159435 4203780 15160005 4204860
15179499 4202820 15181095 4203900
15159093 4209540 15159777 4210140
15176421 4222980 15178017 4224060
15196257 4160100 15198651 4161660
15180411 4188900 15181209 4189500
15170607 4297860 15171633 4298460
15158067 4308900 15158865 4309500
15170835 4191300 15171633 4191900
15156243 4142340 15157269 4142940
15160575 4265220 15161145 4265820
15179043 4193220 15180639 4194300
15160347 4163940 15161145 4164540
15198081 4180260 15198651 4181820
15168327 4271940 15169125 4272540
15161829 4142820 15162285 4143420
15169239 4222020 15170835 4223100
15149859 4285380 15151113 4285980
15183375 4208580 15184173 4209180
15163767 4155780 15164337 4156380
15176535 4280100 15177105 4280700
15151911 4143300 15152481 4143900
15175395 4290660 15176421 4291260
15169125 4197060 15170721 4198140
15164223 4309380 15164793 4309980
15160803 4329540 15161829 4330140
15172203 4266180 15172773 4266780
15162399 4319940 15163197 4320540
15153051 4220580 15153849 4221180
15168555 4146180 15170151 4147260
15169467 4195140 15171633 4196220
15156015 4291140 15156585 4291740
15176763 4281540 15178359 4282620
15148149 4161540 15148947 4162140
15151455 4263780 15152481 4264380
15172203 4179300 15172659 4179900
15171975 4263780 15172545 4264380
15167985 4270500 15169125 4271100
15467463 4378980 15468261 4379580
15154647 4296420 15155445 4297020
15181551 4189380 15183147 4190460
15158067 4138500 15158865 4139100
15168099 4184100 15168897 4184700
15148149 4157220 15150657 4157820
15160575 4292580 15161373 4293180
15173685 4295940 15174369 4296540
15176991 4288260 15178587 4289340
15162741 4214340 15164337 4215420
15165135 4248900 15166617 4249500
15159891 4256580 15162057 4257660
15163539 4236420 15164337 4237020
15171063 4154820 15171633 4155420
15156243 4181220 15156813 4181820
15156699 4292100 15157269 4292700
15157497 4282500 15159093 4283580
15153507 4264260 15154533 4264860
15158067 4300740 15158865 4301340
15161031 4168260 15162057 4168860
15149403 4169220 15149973 4169820
15156243 4253700 15156813 4254300
15155673 4311300 15157269 4312380
15162855 4215780 15163995 4216380
15155331 4263300 15156129 4263900
15183945 4380900 15192723 4382460
15162741 4250820 15164337 4251900
15164223 4218660 15165021 4219260
15157611 4287300 15159207 4288380
15152823 4236900 15153621 4237500
15166503 4290180 15167073 4291260
15173799 4187460 15174369 4188060
15196257 4247460 15198651 4248060
15156243 4180260 15157269 4180860
15155217 4182660 15156813 4183740
15167187 4197060 15168783 4198140
15146781 4147140 15151113 4147740
15146781 4255140 15148263 4255740
15159435 4296900 15160005 4297980
15150999 4200900 15151569 4201500
15158523 4306500 15159549 4307100
15176307 4195140 15177105 4195740
15165819 4281060 15166389 4281660
15195687 4185540 15197625 4186140
15149403 4195140 15149973 4195740
15181095 4204740 15181893 4205340
15151455 4260420 15152481 4261020
15157839 4187460 15159435 4188540
15151683 4231620 15152481 4232220
15151455 4247940 15152253 4248540
15150543 4307940 15151341 4308540
15157611 4243620 15158637 4244220
15150771 4268100 15151569 4268700
15161943 4298820 15162513 4299900
15157383 4280100 15158409 4280700
15158523 4266180 15159321 4266780
15198081 4156260 15198651 4157820
15160119 4279140 15160689 4279740
15156699 4270980 15158295 4272060
15153507 4208580 15154077 4209180
15179727 4191300 15180297 4191900
15164565 4352580 15166617 4353180
15146781 4295460 15148263 4296060
15170265 4167780 15170493 4168380
15146781 4140420 15148263 4141020
15159435 4186500 15160233 4187100
15148491 4283460 15149289 4284060
15161031 4211460 15161601 4212060
15146781 4236900 15150543 4237500
15178815 4201860 15179385 4202460
15198081 4144740 15198651 4146300
15195687 4141380 15197625 4141980
15161487 4173060 15162057 4173660
15148149 4193700 15150201 4194300
15160119 4231140 15160917 4231740
15198081 4224900 15198651 4225500
15164907 4276740 15166617 4277340
15181893 4282020 15184059 4282620
15153051 4270020 15154647 4271100
15183945 4371300 15192723 4372860
15169239 4148100 15169809 4148700
15156243 4320900 15156813 4321500
15157383 4181700 15157953 4182300
15164109 4157220 15164793 4157820
15153051 4304580 15153393 4305180
15158409 4290180 15158637 4290780
15157611 4194180 15158181 4194780
15153279 4223460 15154305 4224060
15198081 4151940 15198651 4152540
15176307 4166340 15198309 4166940
15171747 4264740 15173115 4265340
15156699 4209540 15158295 4210620
15169239 4292100 15170265 4292700
15183945 4313700 15192723 4315260
15167187 4135620 15168783 4136700
15173343 4216260 15173913 4216860
15165135 4309380 15173913 4309980
15176535 4183620 15177105 4184220
15183375 4374180 15185427 4374780
15162627 4269060 15163653 4269660
15154647 4198020 15155217 4198620
15174939 4198980 15175965 4199580
15157269 4185540 15158865 4186620
15170493 4267140 15192495 4267740
15165363 4150500 15165933 4151100
15166959 4183620 15167985 4184220
15166959 4147140 15167529 4147740
15146781 4138500 15147579 4139100
15146781 4273860 15148263 4274460
15148149 4321860 15152481 4322460
15146781 4277700 15148263 4278300
15150885 4326660 15152481 4327740
15177447 4280580 15192153 4281180
15159891 4290660 15160461 4291260
15154647 4298820 15155217 4299420
15160803 4269060 15161829 4269660
15165135 4156740 15166617 4157340
15196257 4228260 15198651 4228860
15467463 4325220 15468261 4325820
15157839 4197540 15158409 4198140
15154647 4193220 15155217 4194300
15198081 4260900 15198651 4262460
15163767 4198980 15164337 4199580
15188391 4312260 15195801 4312860
15159435 4162980 15160233 4163580
15163881 4241220 15164565 4241820
15155559 4143300 15157155 4144380
15148149 4198500 15150087 4200060
15164223 4209540 15166617 4210140
15164223 4279620 15165249 4280220
15154305 4263300 15154989 4263900
15164451 4270980 15165249 4271580
15164337 4268580 15165705 4269180
15156585 4207140 15157269 4207740
15167643 4246980 15168213 4247580
15168099 4256580 15168669 4257180
15163083 4270020 15163881 4270620
15166845 4248900 15168441 4249980
15172203 4195140 15172773 4195740
15169011 4284420 15169809 4285020
15159663 4319940 15160233 4320540
15171519 4275780 15172089 4276380
15173799 4197540 15174369 4198140
15157383 4158660 15157953 4159260
15151683 4234500 15152481 4235100
15157155 4301700 15157725 4302300
15198081 4257060 15198651 4258620
15159891 4282980 15160689 4283580
15168555 4246980 15170151 4248060
15164565 4338180 15166617 4338780
15183945 4241700 15192723 4243260
15164907 4227780 15166617 4228380
15159891 4311300 15160461 4311900
15148149 4341060 15155559 4341660
15170151 4268100 15170949 4268700
15164223 4322340 15164793 4322940
15158295 4277700 15159321 4278300
15432009 4325220 15463587 4325820
15173115 4151460 15175053 4152060
15162855 4142820 15163881 4143420
15175965 4380900 15183375 4381500
15192609 4236900 15198195 4237500
15196257 4280100 15198651 4280700
15171519 4215300 15172089 4216380
15163767 4298340 15164793 4298940
15163083 4270980 15163653 4271580
15162969 4155780 15163425 4156380
15198195 4168260 15198651 4168860
15467235 4385700 15467919 4386300
15155787 4325700 15156357 4326300
15149403 4154820 15149973 4155420
15463473 4338660 15466323 4339260
15157839 4264260 15158409 4264860
15149859 4319460 15150201 4320060
15196257 4194660 15198651 4195260
15149859 4148100 15150429 4148700
15178245 4285860 15178929 4286460
15174825 4284900 15177333 4285500
15172659 4196100 15173229 4196700
15149859 4337220 15164565 4337820
15161031 4179780 15162057 4180380
15157383 4308420 15157953 4309020
15156015 4318020 15156585 4318620
15149517 4156260 15150201 4156860
15146781 4209540 15148263 4210140
15170607 4269060 15170949 4269660
15148149 4237860 15150201 4238460
15152823 4185060 15153963 4185660
15152253 4160580 15152709 4161180
15168897 4300740 15169581 4301340
15171405 4165380 15173913 4165980
15198081 4170660 15198651 4172220
15150885 4329060 15151569 4329660
15157155 4240260 15157725 4240860
15152367 4187940 15153051 4188540
15162627 4143780 15163197 4144380
15173457 4213380 15174027 4214460
15166503 4259460 15166845 4260060
15466209 4378980 15467007 4379580
15148149 4220580 15150201 4221180
15149745 4218660 15149973 4219260
15190215 4297860 15197625 4298460
15183945 4390500 15192723 4392060
15152367 4266180 15152937 4266780
15196257 4155300 15198651 4155900
15165135 4308420 15166617 4309020
15174255 4157700 15174825 4158300
15183945 4385700 15192723 4387260
15171063 4236420 15171633 4237020
15183717 4291620 15184059 4292220
15156927 4272420 15157611 4273020
15183945 4366500 15192723 4368060
15160689 4146180 15162855 4146780
15198081 4242660 15198651 4244220
15171519 4271460 15172089 4272060
15198081 4149540 15198651 4151100
15166503 4174980 15195801 4176540
15166503 4327620 15195801 4329180
15179271 4198980 15179841 4199580
15159891 4309380 15160233 4309980
15149403 4160580 15149973 4161180
15198195 4226820 15198651 4227420
15169125 4200420 15169581 4201020
15170265 4282020 15170493 4282620
15169011 4144260 15171861 4144860
15148149 4228740 15150201 4229340
15162741 4281540 15162969 4282140
15160803 4140420 15161373 4141020
15160119 4270500 15162969 4271100
15153051 4276260 15154989 4276860
15466209 4325220 15467007 4325820
15148149 4345860 15155559 4346460
15195687 4137540 15197625 4138140
15146781 4238820 15148263 4239420
15198423 4191300 15198651 4192860
15165477 4207140 15166161 4207740
15161829 4290660 15162855 4291260
15165363 4189860 15165705 4190460
15198195 4147140 15198651 4147740
15162627 4144740 15162855 4145340
15461079 4192740 15461877 4193340
15164451 4205220 15165819 4205820
15166503 4376580 15195801 4378140
15160347 4166340 15162855 4166940
15161601 4246020 15162285 4246620
15173229 4283940 15173457 4284540
15198195 4213380 15198651 4213980
15176991 4154820 15191697 4155420
15164679 4333380 15165249 4333980
15161829 4258020 15162285 4258620
15160575 4328100 15161601 4328700
15161373 4390500 15176079 4392060
15160119 4278180 15160575 4278780
15170607 4221060 15170949 4221660
15171519 4270020 15172545 4270620
15168897 4198500 15169581 4199100
15174369 4194180 15175053 4194780
15154647 4241220 15155103 4241820
15161715 4141380 15162285 4142460
15159093 4247460 15159777 4248060
15183831 4253220 15185427 4253820
15175167 4274820 15197169 4275420
15148149 4138020 15150201 4138620
15164223 4266180 15166617 4266780
15165363 4250340 15166389 4250940
15178587 4208100 15182349 4208700
15178815 4226340 15179271 4226940
15166503 4342020 15195801 4343580
15171519 4290180 15173913 4290780
15183831 4285860 15184059 4286460
15174939 4294020 15175965 4294620
15171747 4260420 15173115 4261020
15146781 4253700 15148263 4254300
15198081 4182180 15198651 4183740
15148149 4145700 15150201 4146300
15160347 4161540 15161145 4162140
15149175 4356420 15163881 4357020
15166503 4332420 15195801 4333980
15164223 4152420 15164793 4153020
15148149 4284420 15150201 4285020
15166503 4358340 15181209 4358940
15148947 4216260 15150885 4216860
15148149 4314180 15151911 4314780
15165135 4323300 15179841 4323900
15157155 4165860 15159093 4166460
15158751 4276740 15160689 4277340
15198081 4172580 15198651 4174140
15157839 4314180 15158409 4314780
15157155 4299780 15157497 4300380
15146781 4357380 15161487 4358460
15183831 4282980 15185427 4283580
15467463 4338660 15468261 4339260
15157041 4160580 15157497 4161180
15152367 4149060 15156129 4149660
15334881 4385700 15432123 4386300
15164907 4285380 15166617 4285980
15170835 4178340 15171177 4178940
15158751 4252740 15160005 4253340
15155331 4327140 15155673 4327740
15466209 4385700 15466779 4386300
15198081 4222980 15198651 4223580
15157839 4269540 15158409 4270140
15198423 4272900 15198651 4274460
15159093 4309380 15159549 4309980
15146781 4267620 15148263 4268220
15174483 4285860 15176877 4286460
15466893 4331940 15467577 4332540
15154419 4174500 15155103 4175100
15160119 4258500 15160689 4259100
15146781 4152900 15148263 4153500
15158751 4261380 15162513 4261980
15146781 4356420 15147579 4357020
15186567 4238340 15197625 4238940
15173685 4195140 15174369 4195740
15173685 4188420 15174369 4189020
15461991 4192260 15463929 4192860
15170607 4241700 15178017 4242300
15193863 4209540 15197625 4210140
15163539 4242180 15163767 4242780
15192609 4284900 15198195 4285500
15195003 4208580 15196941 4209180
15149859 4297380 15150201 4297980
15161487 4308900 15162171 4309500
15160803 4316580 15161829 4317180
15148149 4342980 15162855 4343580
15157041 4260900 15157497 4261500
15183603 4137060 15184059 4137660
15198309 4291140 15198651 4291740
15149859 4205700 15150201 4206300
15165135 4288260 15166617 4288860
15148149 4218180 15149175 4218780
15148149 4305060 15150201 4305660
15149859 4257540 15150201 4258140
15183945 4318500 15192723 4320060
15148149 4163460 15150201 4164060
15196257 4218660 15198651 4219260
15150885 4234980 15151341 4235580
15164793 4228740 15166617 4229340
15162627 4257060 15164565 4257660
15155787 4292100 15156357 4292700
15468147 4331940 15468375 4332540
15164793 4242180 15166617 4242780
15161715 4151940 15163881 4152540
15154419 4201860 15154989 4202460
15157611 4207140 15157953 4207740
15456177 4192740 15459939 4193340
15154533 4274340 15154989 4274940
15159207 4185060 15160233 4185660
15164223 4247940 15166617 4248540
15158979 4168740 15160917 4169340
15183603 4201380 15185427 4201980
15198195 4290180 15198651 4290780
15188391 4136580 15197625 4137180
15165135 4221060 15166617 4221660
15165705 4217700 15166731 4218300
15164223 4151460 15164565 4152060
15178587 4227300 15182349 4227900
15148149 4230180 15150201 4230780
15161373 4385700 15176079 4387260
15153507 4291140 15154647 4291740
15159435 4270980 15160005 4271580
15164907 4324740 15166617 4325340
15166503 4193220 15167073 4193820
15196599 4188420 15198651 4189020
15164679 4150020 15165249 4150620
15463473 4331940 15466323 4332540
15158979 4238340 15159663 4238940
15183603 4140420 15198309 4141020
15161259 4246980 15163197 4247580
15164907 4148100 15166617 4148700
15160233 4327140 15160461 4327740
15165819 4252260 15180525 4252860
15167187 4250820 15168783 4251900
15336021 4192260 15440559 4192860
15158751 4141860 15159093 4142460
15154191 4301700 15154761 4302300
15334881 4338660 15432123 4339260
15165135 4284420 15166617 4285020
15175965 4371300 15183375 4371900
15161601 4319940 15162057 4320540
15171519 4262340 15171861 4262940
15187365 4270980 15198423 4271580
15148149 4223460 15149175 4224060
15169011 4206660 15172773 4207260
15154419 4208580 15155445 4209180
15175395 4180740 15197397 4181340
15160575 4281060 15161601 4281660
15154647 4282980 15154875 4283580
15198195 4187460 15198651 4188060
15148149 4189860 15151911 4190460
15164223 4267140 15164565 4267740
15176991 4300740 15191697 4301340
15166503 4258500 15167073 4259100
15161373 4395780 15165135 4396380
15186111 4261380 15197169 4261980
15166503 4256580 15167529 4257180
15149631 4251300 15150201 4251900
15151569 4144260 15152025 4144860
15162171 4176420 15162741 4177020
15174255 4163940 15174597 4164540
15162969 4312740 15170379 4313340
15150885 4250340 15151341 4250940
15154419 4238340 15154989 4238940
15165135 4182660 15166617 4183260
15192609 4285860 15198195 4286460
15165135 4145220 15166617 4145820
15181095 4219140 15181665 4219740
15164907 4140420 15166617 4141020
15169011 4223460 15169353 4224060
15198195 4176900 15198651 4177500
15148149 4348260 15162855 4348860
15165363 4232100 15166389 4232700
15161373 4366500 15176079 4368060
15171519 4268100 15172317 4268700
15166503 4346820 15195801 4348380
15152823 4226340 15153279 4226940
15161373 4382340 15165135 4382940
15166503 4150980 15167529 4151580
15148149 4191780 15149175 4192380
15166503 4207620 15167073 4208220
15156471 4323780 15157725 4324380
15164223 4242180 15164565 4242780
15183831 4189380 15198537 4189980
15156243 4190820 15161829 4191420
15193179 4170180 15196941 4170780
15165135 4152900 15166617 4153500
15152139 4306500 15152709 4307100
15172431 4144260 15179841 4144860
15164679 4252740 15165249 4253340
15149631 4209540 15150201 4210140
15165135 4299780 15166617 4300380
15174255 4161060 15181665 4161660
15155103 4285380 15157041 4285980
15446601 4192740 15447627 4193340
15163539 4139940 15164565 4140540
15175167 4288260 15175737 4288860
15164907 4198980 15166617 4199580
15168669 4361700 15183375 4362300
15165135 4177860 15166617 4179420
15160005 4141860 15160347 4142460
15170835 4199460 15171633 4200060
15171519 4269060 15172545 4269660
15149859 4140900 15150201 4141500
15161373 4372740 15165135 4373340
15165135 4163460 15166617 4164060
15186795 4184580 15197853 4185180
15164907 4286340 15166617 4286940
15163311 4222980 15163653 4223580
15168897 4291140 15169239 4291740
15161373 4381380 15165135 4381980
15149631 4201860 15150201 4202460
15157839 4142340 15158067 4142940
15149859 4270020 15150201 4270620
15171975 4197060 15172431 4197660
15165135 4159620 15166617 4160220
15176193 4160100 15183603 4160700
15166275 4137060 15180981 4137660
15185199 4305540 15196257 4306140
15164907 4192260 15166617 4192860
15173799 4193220 15174255 4193820
15192609 4281060 15198195 4281660
15187251 4222020 15198309 4222620
15178245 4182660 15192951 4183260
15149859 4342020 15157269 4342620
15172203 4261860 15183261 4262460
15161943 4244580 15162399 4245180
15160917 4216260 15161373 4216860
15198195 4190340 15198651 4190940
15146781 4172580 15147807 4173180
15161715 4282500 15162285 4283100
15159093 4316580 15159549 4317180
15149859 4279140 15150315 4279740
15156927 4183620 15157497 4184220
15194775 4268100 15198537 4268700
15148149 4338180 15162855 4339260
15165135 4334340 15166617 4334940
15159435 4199460 15159777 4200060
15159321 4197540 15159777 4198140
15146781 4377540 15161487 4378140
15162855 4218660 15163881 4219260
