G6:
15177333 4345380 15181095 4345980
15162741 4260420 15164337 4261500
15155673 4283460 15157269 4284540
15157383 4334340 15159549 4335420
15148947 4232100 15149973 4232700
15163083 4183620 15163881 4184220
15161031 4213860 15163881 4214460
15162741 4194180 15164337 4195260
15148149 4286340 15150201 4286940
15158523 4291620 15159093 4292220
15174711 4156740 15198537 4157340
15154647 4215300 15155217 4215900
15157041 4212900 15159549 4213500
15161943 4277700 15164337 4278300
15155331 4329540 15156129 4330140
15158067 4225860 15158637 4226460
15168897 4276740 15169353 4277340
15155103 4214340 15157269 4214940
15158523 4284420 15159093 4285020
15147693 4216740 15148377 4217340
15173799 4224900 15174369 4225980
15153963 4201380 15157725 4201980
15188391 4365060 15195801 4366620
15169011 4193700 15169581 4194300
15154191 4206180 15157953 4206780
15148149 4139460 15148377 4141020
15162741 4320900 15164337 4321980
15171291 4285380 15171861 4286460
15152139 4240740 15155901 4241340
15159435 4263780 15163197 4264380
15171519 4230660 15175281 4231260
15156699 4329060 15157725 4329660
15172431 4295460 15175281 4296060
15159207 4195140 15161373 4195740
15169695 4162980 15170151 4163580
15152253 4147620 15152937 4148220
15152595 4260900 15153165 4261500
15169695 4164420 15171861 4165020
15167871 4232580 15171633 4233180
15148149 4231140 15151911 4231740
15166503 4225860 15170265 4226460
15165135 4143300 15166617 4143900
15169695 4284420 15173457 4285020
15155103 4158660 15155673 4159260
15168669 4307460 15183375 4308540
15152367 4162500 15156129 4163100
15148149 4233540 15150201 4234140
15164793 4271940 15166617 4272540
15169353 4272420 15169923 4273020
15176193 4293540 15176877 4294140
15165135 4315140 15166617 4316700
15156585 4237860 15160347 4238460
15175965 4148580 15183375 4149180
15169011 4209060 15169239 4209660
15159891 4257540 15161829 4258140
15151227 4226820 15154989 4227420
15148149 4181220 15151911 4181820
15164223 4217220 15166617 4217820
15159891 4252260 15160917 4252860
15161829 4273380 15162285 4273980
15169695 4298340 15173457 4298940
15153507 4137060 15157269 4137660
15159435 4313700 15163197 4314300
15164223 4145700 15173457 4146300
15164907 4169220 15166617 4169820
15152139 4327620 15153165 4328220
15154647 4140900 15155217 4141500
15157155 4306020 15159093 4306620
15168783 4267140 15169353 4267740
15160803 4246020 15161373 4246620
15164907 4304580 15166617 4305180
15154419 4230660 15158181 4231260
15156927 4304100 15164337 4304700
15159321 4207140 15163083 4207740
15180981 4202340 15181437 4202940
15149631 4264260 15150201 4264860
15151911 4227780 15155673 4228380
15165135 4195140 15166617 4196700
15167871 4237860 15182577 4238460
15170151 4280580 15173913 4281180
15156813 4254660 15160575 4255260
15164907 4317540 15179613 4318140
15172203 4294500 15175053 4295100
15149859 4247460 15153621 4248060
15157155 4200420 15164565 4201020
15149859 4141380 15150657 4141980
15164793 4305540 15166617 4306140
15168897 4275300 15172659 4275900
15146781 4257060 15150543 4257660
15152253 4159620 15152709 4160220
15165135 4205700 15166617 4206300
15146781 4152420 15157839 4153020
15166275 4250340 15166845 4250940
15168327 4143780 15168669 4144380
15148149 4218660 15149175 4219260
15156927 4299300 15157497 4299900
