G5:
15148149 4174020 15149973 4174620
15146781 4301700 15149973 4302300
15165135 4365060 15188505 4365660
15148491 4247940 15150201 4248540
15148149 4243620 15149517 4244220
15148149 4261860 15150201 4262460
15148149 4234980 15150999 4235580
15161715 4259940 15163653 4260540
15148491 4311300 15150201 4311900
15146781 4388580 15176079 4389180
15161373 4394340 15176079 4394940
15181095 4336260 15195801 4336860
15166503 4345860 15181209 4346460
15152253 4154820 15156015 4155420
15153507 4155780 15154761 4156380
15159891 4251780 15161145 4252380
15164907 4316580 15179613 4317180
15167985 4277220 15169581 4277820
15152139 4330020 15155901 4330620
15159435 4160580 15160461 4161180
15149859 4297860 15152709 4298460
15149859 4232580 15150885 4233180
15175965 4379940 15183375 4380540
15157155 4225860 15158181 4226460
15153507 4254660 15154647 4255260
15176535 4186980 15177675 4187580
15155559 4307460 15157155 4308540
15149859 4316580 15152709 4317180
15153165 4311300 15154761 4312380
15148947 4211460 15149973 4212060
15156471 4221540 15157497 4222140
15150087 4243620 15152025 4244220
15175053 4198020 15176421 4199100
15163197 4213380 15164337 4213980
15159435 4203300 15161373 4203900
15153621 4159140 15159207 4159740
15154647 4228260 15155673 4228860
15167415 4278660 15169353 4279260
15160119 4215300 15161715 4216380
15166503 4277700 15167529 4278300
15174027 4155780 15176193 4156860
15150999 4285380 15151797 4285980
15157839 4206660 15159435 4207740
15149859 4164420 15152709 4165020
15171747 4184100 15172317 4184700
15166503 4237380 15167529 4237980
15164337 4195140 15165249 4195740
15153963 4305060 15155901 4305660
15149631 4285860 15150429 4286460
15169467 4161540 15171633 4162620
15154761 4282500 15156357 4283580
15167187 4262340 15168783 4263420
15176991 4207140 15178929 4207740
15167757 4232100 15167985 4232700
15162969 4154340 15163311 4154940
15153507 4182180 15155445 4182780
15169011 4150980 15170037 4151580
15177219 4200420 15179157 4201020
15174255 4295940 15176421 4297020
15167871 4288740 15168897 4289340
15164679 4255140 15165249 4255740
15177447 4196580 15178701 4197180
15171519 4162980 15172545 4163580
15171519 4276740 15172545 4277340
15154647 4306020 15155445 4306620
15170265 4183140 15170607 4183740
15172431 4304100 15183489 4304700
15168783 4298340 15169809 4298940
15172431 4183620 15172887 4184220
15164223 4299300 15165477 4299900
15171519 4296420 15172545 4297020
15183147 4321380 15184059 4321980
15167415 4224900 15169011 4225980
15150087 4233540 15152253 4234620
15159891 4252740 15162057 4253820
15158523 4284900 15159549 4285500
15166959 4190340 15169125 4191420
15157383 4233540 15159549 4234620
15163197 4208580 15164337 4209180
15159663 4151940 15161829 4153020
15165135 4225380 15166161 4225980
15162627 4197060 15164223 4198140
15162855 4164420 15163311 4165020
15159663 4209540 15161829 4210620
15153735 4215300 15154761 4215900
15154875 4303620 15157041 4304700
15153507 4283940 15154305 4284540
15160461 4277700 15162057 4278780
15151683 4240260 15152709 4240860
15177447 4216260 15178473 4216860
15165591 4143780 15166617 4144380
15153507 4250820 15154077 4251420
15156927 4285380 15157953 4285980
15160575 4272420 15161373 4273020
15157953 4307460 15159549 4308540
15152937 4222020 15154533 4223100
15149631 4203300 15155217 4203900
15158523 4215300 15159549 4215900
15169239 4266180 15171405 4267260
15150087 4272900 15152253 4273980
15160689 4195620 15161031 4196220
15171747 4200900 15172317 4201500
15158979 4181220 15161487 4181820
15157383 4298820 15159549 4299900
15162171 4148100 15164337 4149180
15166503 4180260 15167985 4180860
15157155 4179300 15158409 4179900
15150087 4264260 15152253 4265340
15155103 4150020 15157269 4151100
15167415 4166340 15169011 4167420
15157155 4192260 15157953 4192860
15152139 4150500 15152709 4152060
15174255 4220100 15176421 4221180
15156243 4272420 15157041 4273020
15155673 4321860 15157269 4322940
15175167 4231140 15175395 4231740
15165591 4298340 15166845 4298940
15156471 4141380 15157497 4141980
15169467 4297380 15170493 4297980
15174141 4210500 15175737 4211580
15168099 4299780 15168669 4300380
15157839 4232100 15158637 4232700
15158181 4271460 15160119 4272060
15167415 4295940 15169011 4297020
15153735 4289700 15154761 4290300
15162627 4265700 15163995 4266300
15152253 4333860 15152709 4334460
15150087 4228740 15152253 4229820
15152367 4246500 15153393 4247100
15153963 4162980 15154761 4163580
15171519 4261860 15172317 4262460
15162741 4307460 15164337 4308540
15170835 4299780 15171633 4300380
15181095 4191780 15181665 4192380
15161943 4263300 15162513 4263900
15158751 4288740 15159549 4289340
15162627 4183620 15163197 4184220
15155331 4200900 15157839 4201500
15149859 4323780 15155445 4324380
15161259 4168740 15183261 4169340
15188391 4393860 15195801 4395420
15171747 4214820 15172317 4215420
15159435 4334340 15160233 4334940
15158295 4314180 15159321 4314780
15148149 4202340 15150201 4202940
15165135 4216260 15166617 4216860
15169695 4166340 15171291 4167420
15157611 4329060 15158637 4329660
15151227 4307940 15153279 4308540
15167415 4195140 15169011 4196220
15153051 4260420 15154647 4261500
15150429 4257060 15152709 4257660
15151113 4147620 15151341 4148220
15159435 4198500 15162285 4199100
15155331 4224900 15156927 4225980
15170379 4167780 15171405 4168380
15155103 4237380 15156699 4238460
15155445 4213380 15157041 4214460
15157611 4203300 15158067 4203900
15162627 4249380 15163653 4249980
15156243 4290660 15157269 4291260
15158751 4305540 15159093 4306140
15150201 4278660 15151797 4279740
15168327 4209540 15169353 4210140
15167187 4181700 15168783 4182780
15172203 4179780 15173001 4180380
15170379 4257060 15171747 4257660
15176991 4209540 15178473 4210140
15176763 4293540 15177333 4294140
15167415 4145220 15168213 4145820
15171519 4263780 15172089 4264380
15171519 4297860 15172317 4298460
15159435 4167300 15160233 4167900
15166503 4221060 15168441 4221660
15174255 4294020 15175053 4294620
15161373 4322340 15163311 4322940
15179499 4215300 15181095 4216380
15177447 4198020 15178701 4198620
15162627 4204260 15163197 4204860
15166503 4155780 15168669 4156380
15160461 4162500 15162057 4163580
15169695 4218660 15173457 4219260
15162171 4184580 15163767 4185660
15149859 4294020 15150429 4294620
15174939 4160580 15196941 4161180
15157383 4283460 15158979 4284540
15154647 4320900 15155445 4321500
15176307 4201380 15177105 4201980
15153051 4229700 15154647 4230780
15174711 4286820 15177105 4287420
15176193 4159620 15198195 4160220
15160803 4166820 15162855 4167420
15162399 4320900 15162855 4321500
15167073 4152900 15168669 4153980
15176649 4198980 15178245 4200060
15176307 4191780 15176877 4192380
15157383 4330500 15159549 4331580
15164451 4227300 15165021 4227900
15171063 4182180 15172089 4182780
15162741 4314180 15164337 4315260
15160119 4214340 15160917 4214940
15166503 4304580 15167073 4305660
15158751 4292100 15159549 4292700
15177219 4210500 15177789 4211100
15156243 4166340 15157269 4166940
15154533 4249380 15156813 4249980
15163767 4250340 15164337 4250940
15152367 4143300 15153165 4143900
15161715 4217220 15162285 4217820
15175623 4292580 15176877 4293180
15149859 4183140 15150429 4183740
15166959 4193220 15169125 4194300
15153165 4225860 15154761 4226940
15155103 4280580 15155787 4281180
15161943 4190340 15162969 4190940
15175167 4191300 15175737 4191900
15171177 4286340 15171861 4287420
15176763 4190340 15177333 4190940
15169695 4275780 15171291 4276860
15161031 4265220 15161601 4265820
15152709 4199940 15154305 4201020
15171063 4155780 15172659 4156860
15158067 4160100 15158637 4160700
15146781 4180740 15148263 4181340
15159663 4315620 15160689 4316220
15176535 4152900 15177105 4153500
15157839 4326660 15159435 4327740
15161487 4186500 15163083 4187580
15157839 4196100 15158409 4196700
15178017 4188900 15180525 4189500
15154647 4316100 15156585 4316700
15172887 4224420 15173913 4225020
15149859 4200900 15150429 4201500
15159321 4158180 15163653 4158780
15151341 4161060 15152025 4161660
15148149 4216260 15148377 4217820
15160917 4160100 15163425 4160700
15175167 4204740 15175737 4205340
15157041 4174980 15158979 4175580
15158295 4289700 15158865 4290300
15153051 4140420 15155217 4141020
15171519 4158180 15172317 4158780
15171975 4281540 15172545 4282140
15156699 4320900 15158637 4321500
15169239 4284900 15170265 4285500
15169695 4163460 15171291 4164540
15163539 4175940 15164109 4176540
15155673 4287300 15157269 4288380
15148149 4266180 15152481 4266780
15178017 4149060 15192723 4150620
15151911 4302180 15159321 4302780
15153165 4157700 15154761 4158780
15173115 4272420 15173685 4273020
15156699 4264740 15157269 4265340
15180981 4202820 15182919 4203420
15148149 4221060 15148377 4222620
15163995 4257540 15165249 4258140
15166503 4231620 15167187 4232220
15149859 4289220 15150429 4289820
15175167 4216260 15175737 4216860
15163083 4292580 15163653 4293180
15164223 4251300 15167073 4251900
15151683 4230660 15152253 4231260
15161259 4303140 15162285 4303740
15150087 4212420 15152253 4213500
15155103 4243140 15156699 4244220
15147693 4139940 15148377 4140540
15160803 4309380 15162741 4309980
15165135 4281060 15165933 4281660
15155559 4290180 15156129 4290780
15152253 4147140 15156015 4147740
15167985 4301700 15168213 4302300
15159435 4280580 15162285 4281180
15155331 4254660 15156927 4255740
15166503 4249860 15166845 4250460
15174483 4231620 15175053 4232220
15176991 4195140 15180753 4195740
15156699 4136580 15160461 4137180
15161943 4250340 15162741 4250940
15182007 4195140 15196713 4195740
15170493 4229700 15170721 4230300
15148149 4274340 15150201 4274940
15175851 4203300 15177789 4203900
15160689 4289220 15161373 4289820
15165135 4238340 15166617 4238940
15146781 4213380 15148263 4213980
15151683 4271940 15152253 4272540
15173799 4167300 15174369 4167900
15148149 4151460 15150201 4152060
15146781 4306020 15151113 4306620
15178815 4186500 15179385 4187100
15157839 4273860 15159435 4274940
15151911 4329060 15154761 4329660
15152367 4275780 15154305 4276380
15164223 4233060 15166389 4233660
15166503 4261380 15168441 4261980
15162627 4210500 15162855 4211100
15150315 4214340 15152253 4214940
15160917 4145220 15163197 4145820
15156699 4180740 15157269 4181340
15162171 4273380 15163539 4273980
15152139 4313700 15155901 4314300
15159435 4297860 15161373 4298460
15157155 4236900 15159663 4237500
15161259 4140420 15162285 4141020
15154647 4214340 15155217 4214940
15153507 4281540 15154077 4282140
15192609 4242660 15198195 4243260
15174027 4162980 15174597 4163580
15176535 4282980 15177105 4283580
15152139 4188420 15154077 4189020
15155331 4270020 15155901 4270620
15148491 4160100 15152253 4160700
15162855 4291620 15163425 4292220
15165135 4210020 15165591 4210620
15159435 4175940 15161373 4176540
15155559 4177380 15159321 4177980
15161943 4256580 15164793 4257180
15167415 4215300 15169923 4215900
15156927 4151940 15158865 4152540
15172431 4231620 15173001 4232220
15169809 4181700 15170037 4182300
15168327 4178820 15183033 4179420
15153963 4297380 15155901 4297980
15155559 4291140 15156129 4291740
15166731 4185060 15174141 4185660
15159435 4149540 15160005 4151100
15146781 4192740 15154191 4193340
15176307 4290660 15183717 4291260
15166503 4244580 15167073 4245180
15153051 4327620 15153621 4328220
15154647 4295940 15154989 4296540
15164907 4176900 15166617 4177500
15176079 4223940 15179841 4224540
15159435 4267620 15161373 4268220
15154647 4235460 15155217 4236540
15167415 4139460 15174825 4140060
15152139 4290660 15154989 4291260
15164223 4170660 15164565 4171260
15166503 4264260 15168441 4264860
15148149 4277700 15150201 4278300
15183945 4208100 15192723 4209660
15152367 4285380 15152937 4285980
15183033 4194180 15197739 4194780
15172203 4212420 15175965 4213020
15157155 4140420 15160917 4141020
15166503 4323780 15195801 4325340
15153507 4266180 15157269 4266780
15183147 4199940 15197853 4200540
15173343 4161540 15174597 4162140
15187023 4144260 15198081 4144860
15164907 4331940 15179613 4332540
15162627 4163460 15164565 4164060
15166503 4337220 15195801 4338780
15166503 4371780 15195801 4373340
15170835 4170180 15171291 4170780
15168555 4143780 15169125 4144380
15146781 4335780 15148263 4336380
15164907 4262340 15166617 4262940
15152139 4244580 15155901 4245180
15458685 4266180 15458913 4266780
15198081 4157700 15198651 4158300
15169011 4208100 15169581 4208700
15164793 4287300 15166617 4287900
15155331 4135620 15155901 4136220
15148149 4267140 15150201 4267740
15157155 4194660 15159093 4195260
15152367 4232100 15154305 4232700
15159435 4211940 15162285 4212540
15154533 4183620 15156585 4184220
15160803 4231140 15162855 4231740
15173799 4154340 15181209 4154940
15156471 4297860 15157269 4298460
15156927 4161540 15159777 4162140
15157155 4246020 15160917 4246620
15159891 4226820 15160347 4227420
15165705 4272420 15169467 4273020
15164109 4153380 15164565 4153980
15154647 4258980 15158409 4259580
15161715 4245540 15163653 4246140
15183945 4347300 15192723 4348860
15164451 4206180 15165819 4206780
15156813 4181700 15157497 4182300
15168555 4259940 15170949 4260540
15166503 4351620 15195801 4353180
15159435 4295940 15160005 4297020
15163881 4287780 15164451 4288380
15164223 4270980 15164565 4271580
15169011 4264740 15169581 4265340
15154419 4332900 15154989 4333500
15151227 4139940 15152367 4140540
15172203 4268100 15173001 4268700
15173799 4166340 15174825 4166940
15176991 4208100 15177219 4208700
15159891 4288260 15160461 4288860
15166503 4318020 15195801 4319580
15167643 4308420 15182349 4309020
15166503 4217220 15167073 4217820
15149175 4138500 15150429 4139100
15174939 4221540 15177789 4222140
15171975 4232580 15175737 4233180
15151683 4174020 15153621 4174620
15163197 4198500 15166959 4199100
15168897 4274820 15169581 4275420
15164679 4152420 15165705 4153020
15181095 4137540 15195801 4138140
15165135 4138500 15166617 4140060
15150999 4174500 15151569 4175100
15156927 4223460 15160689 4224060
15152367 4263780 15156129 4264380
15165135 4203780 15166617 4204380
15171975 4238340 15186681 4238940
15148149 4318980 15150201 4319580
15161943 4172580 15163881 4173180
15198081 4258980 15198651 4260540
15169011 4281060 15170493 4281660
15175395 4213860 15182805 4214460
15158979 4310340 15164565 4310940
15165135 4329540 15166617 4331100
15165135 4294980 15166617 4295580
15154191 4151940 15156129 4152540
15151569 4155780 15152025 4156380
15165135 4226820 15166617 4227420
15170037 4155780 15170265 4156380
15154647 4318980 15155673 4319580
15154647 4174020 15155103 4174620
15152823 4280580 15154761 4281180
15174483 4189860 15174711 4190460
15161715 4165860 15162171 4166460
15157155 4186980 15160917 4187580
15157155 4138980 15160917 4139580
15161145 4258020 15161601 4258620
15161943 4276260 15165705 4276860
15148149 4356900 15177447 4357500
15161487 4271460 15163425 4272060
15178017 4151940 15192723 4152540
15148149 4199940 15150087 4200540
15162171 4138500 15164337 4139580
15149631 4198020 15151569 4198620
15156927 4317540 15162513 4318140
15148149 4329060 15150999 4329660
15158067 4170180 15158409 4170780
15158523 4156260 15160461 4156860
15148149 4169700 15151911 4170300
15170379 4288740 15174141 4289340
15164907 4186500 15166617 4187100
15156129 4163460 15159891 4164060
15165135 4296900 15166617 4297500
15165021 4340100 15166617 4340700
15163767 4150020 15164793 4150620
15169239 4289700 15169581 4290300
15177903 4220100 15185313 4220700
15149631 4206180 15150201 4206780
15156927 4319460 15157497 4320060
15161487 4143300 15165249 4143900
15162171 4188420 15164337 4189500
15146781 4299780 15150543 4300380
15174711 4180260 15182121 4180860
15170379 4300740 15174141 4301340
15166503 4321860 15181209 4323420
15166503 4227780 15170265 4228380
15161373 4376100 15176079 4377660
15168669 4135620 15183375 4136700
15156129 4179300 15156357 4179900
15148149 4137540 15150201 4138140
15153507 4238340 15154533 4238940
15180525 4212420 15195231 4213020
15156015 4309380 15156357 4309980
15154647 4173060 15158409 4173660
15154875 4229220 15155217 4229820
15160689 4236900 15164451 4237500
15148833 4140900 15149061 4141500
15173001 4260420 15187707 4261020
15459483 4143300 15463245 4143900
15158067 4227300 15158637 4227900
15165135 4241220 15166617 4241820
15176307 4279140 15183717 4279740
15153963 4331940 15161373 4332540
15166503 4189380 15170265 4189980
15148149 4153860 15151911 4154460
15174483 4276260 15181893 4276860
15149859 4355940 15157269 4356540
15161373 4380900 15176079 4382460
15168669 4302180 15183375 4302780
15169011 4177380 15176421 4177980
15462447 4192740 15466209 4193340
15152367 4281540 15152937 4282140
15192609 4290660 15198195 4291260
15148491 4351620 15155901 4352220
15156927 4216740 15160689 4217340
15164907 4283460 15166617 4284060
15165135 4187940 15176193 4188540
15149859 4241700 15153621 4242300
15149517 4326180 15149973 4326780
15149631 4194180 15150201 4194780
15164223 4266660 15167073 4267260
15153849 4185060 15155787 4185660
15166503 4270020 15170265 4270620
15173001 4262340 15187707 4262940
15148149 4240260 15148377 4240860
15170493 4269540 15171519 4270140
15164907 4153860 15166617 4154460
15156927 4171140 15157497 4171740
15161031 4318980 15162057 4319580
15156699 4300260 15162285 4300860
15148149 4209540 15149175 4210140
15152139 4304580 15153165 4305180
15183603 4177380 15185427 4177980
15158751 4261860 15162513 4262460
15161487 4223460 15161715 4224060
15171519 4148100 15175281 4148700
15166503 4243140 15170265 4243740
15149859 4310340 15153621 4310940
15173799 4275300 15181209 4275900
15168099 4250340 15182805 4250940
15191583 4300740 15197169 4301340
15165477 4200420 15169239 4201020
15146781 4366980 15161487 4368060
15156243 4310340 15157269 4310940
15164223 4275300 15165249 4275900
15155103 4211460 15158865 4212060
15176307 4184100 15183717 4184700
15167985 4300740 15169011 4301340
15176079 4232100 15183489 4232700
15148491 4343940 15163197 4344540
15159435 4270020 15160005 4270620
15157155 4197060 15159093 4197660
15192609 4237860 15198195 4238460
15173457 4194180 15174483 4194780
15148149 4352580 15162855 4353660
15174483 4147140 15198309 4147740
15156585 4252740 15157269 4253340
15463131 4266180 15464157 4266780
15169011 4251780 15198309 4252380
15165363 4223460 15169125 4224060
15173799 4289700 15175053 4290300
15149859 4141860 15151797 4142460
15155331 4261380 15157383 4261980
15174939 4151940 15175965 4152540
15158067 4242180 15163653 4242780
15148149 4304100 15151911 4304700
15180867 4228740 15195573 4229340
15152139 4220100 15159549 4220700
15172431 4269060 15173229 4269660
15173799 4164900 15181209 4165500
15181095 4185540 15195801 4186140
15150543 4218660 15161601 4219260
15157383 4256100 15157725 4256700
15148149 4171620 15149175 4172220
15171519 4241220 15186225 4242780
15164907 4293060 15166617 4293660
15151455 4178340 15155217 4178940
15169011 4205220 15172773 4205820
15175851 4294500 15183261 4295100
15181095 4361220 15195801 4362780
15179499 4227780 15194205 4228380
15181095 4197060 15195801 4197660
15151683 4255620 15153621 4256220
15149631 4155780 15150201 4156380
15166731 4245540 15181437 4246140
15170835 4243140 15185541 4243740
15192609 4170660 15198195 4171260
15150999 4171620 15154761 4172220
15156927 4314180 15157269 4314780
15176307 4236900 15183717 4237500
15149061 4218180 15149859 4218780
15172773 4270980 15187479 4271580
15183375 4293540 15184059 4294140
15171633 4150980 15173229 4152060
15154647 4278660 15154989 4279260
15176307 4151940 15176649 4152540
15440445 4193220 15455151 4193820
15158751 4319940 15159777 4320540
15164907 4320900 15166617 4321500
15157839 4248900 15161601 4249500
15153051 4186980 15156813 4187580
15164679 4248900 15165249 4249500
15178245 4285380 15192951 4285980
15154419 4275300 15161829 4275900
15176079 4311780 15183489 4312380
15161829 4281540 15162855 4282140
15166047 4218660 15168897 4219260
15152367 4198500 15156129 4199100
15165135 4313220 15166617 4314780
