G4:
15227493 4350180 15327699 4381020
15227493 4288740 15327699 4319580
15227493 4227300 15327699 4258140
15227493 4165860 15327699 4196700
15183945 4363620 15192723 4365180
15334881 4224420 15468375 4255260
15181095 4358340 15195801 4359900
15334881 4370340 15468375 4378140
15334881 4320420 15468375 4324380
15183147 4316580 15184059 4317180
15159435 4177860 15162285 4178460
15174027 4201380 15176421 4201980
15157155 4251780 15160005 4252380
15161715 4232100 15164565 4232700
15148491 4182660 15154077 4183260
15156471 4324260 15160689 4324860
15148263 4140420 15149289 4141020
15168555 4155300 15174141 4155900
15148149 4312260 15151569 4312860
15148149 4254180 15151569 4254780
15156699 4306980 15162285 4307580
15148263 4221060 15149061 4222140
15148149 4206660 15151569 4207260
15159321 4206660 15161601 4207260
15146781 4168740 15150201 4169340
15151911 4167300 15154989 4167900
15148149 4255140 15150201 4255740
15171291 4335780 15182349 4336380
15148149 4232580 15149973 4233180
15146781 4301220 15150201 4301820
15148149 4262340 15149517 4262940
15162399 4288740 15164337 4289340
15146781 4222980 15148605 4223580
15148149 4136100 15149745 4136700
15162741 4338660 15181095 4339260
15159435 4333860 15181437 4334460
15148149 4316580 15149973 4317180
15149859 4174020 15151797 4174620
15159435 4288740 15161373 4289340
15170607 4201380 15172317 4201980
15177219 4193220 15178701 4193820
15149859 4344420 15179157 4345020
15146781 4317540 15150201 4318140
15148149 4201380 15149973 4201980
15147693 4172580 15149517 4173180
15161031 4146660 15162741 4147260
15148149 4272900 15150201 4273500
15180981 4348260 15184059 4348860
15158979 4196580 15160917 4197180
15158067 4176900 15159321 4177500
15148149 4248420 15149973 4249020
15161031 4210500 15162741 4211100
15148149 4300260 15149973 4300860
15148149 4251780 15151569 4252380
15147807 4243140 15149517 4243740
15148947 4167300 15150657 4167900
15148149 4264740 15150201 4265340
15151911 4312260 15153621 4312860
15146781 4253220 15150201 4253820
15165705 4206180 15166845 4206780
15165135 4393860 15188505 4394460
15146781 4311300 15148605 4311900
15146781 4271940 15148605 4272540
15161943 4221540 15163653 4222140
15146781 4259460 15148605 4260060
15171063 4259460 15172773 4260060
15148947 4236420 15150657 4237020
15179955 4222020 15187365 4222620
15157155 4323300 15158637 4323900
15165135 4136580 15188505 4137180
15161715 4259460 15163653 4260060
15149859 4339620 15179157 4340220
15166503 4368900 15195801 4369500
15154647 4287300 15155787 4287900
15169011 4194180 15170721 4194780
15162627 4209060 15164565 4209660
15161373 4379940 15176079 4380540
15197283 4177860 15198651 4178460
15169467 4168260 15171177 4168860
15153051 4306020 15154761 4306620
15181095 4321860 15195801 4322460
15153051 4143300 15154305 4143900
15169239 4276740 15171633 4277340
15148947 4211940 15150429 4212540
15158979 4323300 15160461 4323900
15161031 4284900 15162285 4285500
15150315 4285860 15151797 4286460
15155787 4244100 15157497 4244700
15148149 4143780 15149517 4144380
15157155 4313700 15158637 4314300
15182235 4217220 15196941 4217820
15166503 4392900 15195801 4393500
15149403 4234500 15151797 4235100
15152367 4285860 15153849 4286460
15175851 4196580 15177561 4197180
15161031 4149060 15162285 4149660
15181095 4196100 15195801 4196700
15166503 4239300 15181209 4239900
15148491 4327620 15150201 4328220
15166503 4388100 15195801 4388700
15176307 4234500 15177561 4235100
15171975 4210500 15173685 4211100
15146781 4180260 15148149 4180860
15163539 4235460 15165249 4236060
15158979 4292580 15160689 4293180
15163539 4316100 15165249 4316700
15164223 4225860 15166617 4226460
15171519 4304580 15178929 4305180
15182349 4315620 15184059 4316220
15161373 4370340 15176079 4370940
15163311 4176420 15165021 4177020
15171975 4258500 15186681 4259100
15168555 4179780 15172317 4180380
15148149 4186020 15149517 4186620
15161715 4242660 15163425 4243260
15161487 4265220 15163197 4265820
15177903 4301700 15192609 4302300
15148491 4250820 15150201 4251420
15182463 4234020 15184059 4234620
15152139 4331460 15159549 4332060
15148149 4345380 15177447 4345980
15179955 4216260 15194661 4216860
15169923 4263780 15171633 4264380
15153963 4304580 15156813 4305180
15164223 4213380 15166617 4213980
15192495 4220100 15198081 4220700
15191583 4278660 15197169 4279260
15181095 4221060 15195801 4221660
15148491 4207620 15150201 4208220
15175965 4199940 15177561 4200540
15146781 4378980 15176079 4379580
15169923 4176900 15184629 4177500
15149859 4330500 15152709 4331100
15159435 4176420 15162285 4177020
15153621 4228260 15154761 4228860
15149859 4333380 15152709 4333980
15161031 4184100 15162627 4184700
15148149 4246500 15149745 4247100
15150315 4289220 15151797 4289820
15161829 4283460 15163425 4284060
15182235 4308420 15196941 4309020
15168555 4237380 15172317 4237980
15148149 4335780 15155559 4336380
15175509 4310820 15182919 4311420
15192609 4173540 15198195 4174140
15150087 4273860 15152253 4274940
15171747 4177860 15186453 4178460
15171177 4170180 15176763 4170780
15185313 4143780 15192723 4144380
15153279 4157220 15154989 4157820
15148149 4149060 15150087 4149660
15196257 4158180 15198651 4159740
15174027 4184100 15175281 4184700
15152139 4315620 15154989 4316220
15155103 4334820 15156357 4335420
15197853 4307460 15198651 4308060
15149859 4155300 15153621 4155900
15158067 4230660 15160917 4231260
15187479 4268100 15194889 4268700
15174939 4157220 15182349 4157820
15151797 4258500 15154647 4259100
15150087 4172580 15152937 4173180
15158067 4226340 15159207 4226940
15183261 4270500 15184059 4271100
15152139 4271940 15153165 4272540
15159435 4155780 15160689 4156380
15177333 4340580 15181095 4341180
15146781 4164900 15148377 4165500
15167415 4211460 15168555 4212060
15185313 4214820 15192723 4215420
15159891 4160100 15161031 4160700
15158979 4284420 15160689 4285020
15166503 4297860 15167529 4298460
15146781 4240740 15148377 4241340
15166503 4244100 15181209 4244700
15153621 4262820 15155217 4263420
15169011 4224420 15171861 4225020
15156243 4166820 15160005 4167420
15183147 4331940 15184059 4332540
15152595 4240260 15153735 4240860
15148263 4297380 15149973 4297980
15157155 4355460 15164565 4356060
15154419 4222020 15157269 4222620
15151341 4148100 15152481 4148700
15149631 4282020 15151569 4282620
15175965 4389540 15183375 4390140
15170835 4277700 15171747 4278300
15172773 4217700 15173913 4218300
15165135 4282020 15166161 4282620
15179955 4214820 15183717 4215420
15183147 4330980 15184059 4331580
15154533 4254660 15155445 4255260
15164223 4146660 15167073 4147260
15170607 4301700 15174369 4302300
15174483 4273380 15181893 4273980
15163197 4154340 15164337 4154940
15173799 4152900 15176649 4153500
15158409 4159620 15159549 4160220
15167871 4202340 15168897 4202940
15160803 4249860 15161943 4250460
15185199 4282500 15192609 4283100
15173457 4211460 15177219 4212060
15176079 4187460 15178929 4188060
15153735 4221060 15157497 4221660
15176193 4205220 15177105 4205820
15166503 4166340 15167529 4166940
15162855 4328100 15170265 4328700
15151797 4304100 15152709 4304700
15183147 4262820 15184059 4263420
15158979 4305540 15159435 4306140
15162855 4195620 15163881 4196220
15152823 4286820 15153735 4287420
15159435 4215300 15160233 4215900
15148491 4202820 15149517 4203420
15152139 4259460 15152937 4260060
15181209 4205220 15181893 4205820
15151911 4243620 15152709 4244220
15163767 4159620 15164565 4160220
15158295 4179780 15159435 4180380
15166845 4237860 15167985 4238460
15170607 4203300 15171633 4203900
15169695 4183620 15172545 4184220
15168327 4228260 15175737 4228860
15173799 4216740 15174825 4217340
15183147 4317540 15184059 4318140
15158523 4184580 15159549 4185180
15161943 4278180 15169353 4278780
15168327 4298340 15168897 4298940
15161487 4202340 15162285 4202940
15152139 4150020 15152937 4150620
15162285 4244100 15164337 4245180
15175965 4373220 15183375 4373820
15158751 4231620 15159777 4232220
15148491 4307460 15151341 4308060
15164337 4165860 15165477 4166460
15163995 4295460 15166845 4296060
15164223 4306020 15167985 4306620
15149403 4258020 15150201 4258620
15176307 4295940 15198309 4296540
15163311 4249860 15164337 4250460
15155103 4148100 15155901 4148700
15155103 4318500 15156585 4319100
15163995 4255140 15164793 4255740
15182349 4173540 15183375 4174140
15183147 4330020 15184059 4330620
15166503 4143780 15168441 4144380
15161259 4163460 15162057 4164060
15167073 4231620 15167985 4232220
15157953 4297860 15159549 4298940
15166503 4167300 15167529 4167900
15176307 4197540 15177333 4198140
15152595 4164420 15154761 4165500
15161487 4233060 15162399 4233660
15171861 4226820 15173457 4227900
15167871 4147620 15168099 4148220
15150087 4140900 15150657 4141500
15164451 4349700 15165249 4350300
15161943 4196580 15162969 4197180
15166503 4168260 15168441 4168860
15150543 4246500 15152481 4247100
15157953 4202820 15159549 4203900
15176307 4155300 15177105 4155900
15178587 4219140 15179613 4219740
15155331 4188900 15156129 4189500
15158979 4259940 15159777 4260540
15162741 4251780 15164337 4252860
15182577 4200420 15183261 4201020
15153051 4229220 15154989 4229820
15172203 4296900 15173799 4297980
15153963 4138500 15154761 4139100
15164223 4161060 15165477 4161660
15154191 4212420 15155331 4213020
15150885 4192260 15151797 4192860
15164223 4194660 15165249 4195260
15169695 4298820 15171291 4299900
15171291 4189380 15172089 4189980
15163197 4224900 15163653 4225500
15168099 4189860 15169125 4190460
15159891 4273860 15162057 4274940
15153963 4251780 15155787 4252380
15162171 4211460 15163311 4212060
15169239 4167300 15170265 4167900
15157611 4309380 15159207 4310460
15168783 4289220 15169581 4289820
15152367 4279620 15153393 4280220
15165591 4191780 15167529 4192380
15152139 4224420 15153621 4225020
15156129 4256580 15156813 4257180
15166503 4201860 15167301 4202460
15152595 4292100 15154761 4293180
15153051 4276740 15154647 4277820
15153621 4272420 15154305 4273020
15167415 4162500 15168555 4163100
15176079 4206660 15178017 4207260
15168555 4265700 15170493 4266300
15177219 4195620 15177561 4196220
15179043 4203300 15179613 4203900
15169695 4190820 15171633 4191420
15164223 4248420 15165705 4249020
15154647 4322820 15155673 4323420
15168897 4296900 15170835 4297500
15160119 4170180 15160689 4170780
15172887 4268580 15173457 4269180
15169923 4150980 15170835 4151580
15160119 4236420 15161145 4237020
15156129 4290180 15157269 4290780
15168555 4220100 15169353 4220700
15167871 4261860 15171633 4262460
15159891 4332420 15162057 4333500
15152139 4237380 15152937 4237980
15161487 4155300 15162513 4155900
15175281 4231140 15176421 4231740
15170037 4162500 15171633 4163580
15162627 4233540 15164223 4234620
15158979 4169700 15159777 4170300
15164223 4314180 15165249 4314780
15161943 4253220 15163881 4253820
15167187 4270980 15167757 4271580
15156243 4215780 15157269 4216380
15166503 4203780 15168441 4204380
15151797 4232580 15152481 4233180
15162741 4266180 15164337 4267260
15155559 4136100 15155901 4136700
15162399 4298820 15164337 4299900
15168783 4143300 15169809 4143900
15169695 4288740 15170493 4289340
15174255 4218180 15176421 4219260
15164223 4143780 15164793 4144380
15164451 4170660 15165021 4171260
15155103 4190820 15156357 4191420
15161031 4235460 15161487 4236060
15152367 4225380 15154305 4225980
15175737 4216740 15176421 4217340
15146781 4319940 15147693 4320540
15159891 4262340 15162057 4263420
15166503 4181700 15167301 4182300
15157155 4296900 15158067 4297500
15163539 4177380 15166389 4177980
15157383 4267140 15159549 4268220
15163197 4164420 15164337 4165020
15183261 4182180 15184059 4182780
15168099 4142340 15168555 4142940
15171747 4186500 15173913 4187580
15165591 4237860 15166617 4238460
15152823 4186020 15153165 4186620
15164907 4320420 15165705 4321020
15165819 4201380 15166275 4201980
15154191 4283460 15155787 4284540
15151113 4139940 15151341 4140540
15163767 4238820 15164793 4239420
15155103 4140420 15157269 4141500
15154875 4222980 15157041 4224060
15172887 4282500 15173913 4283100
15151227 4159620 15152367 4160220
15157269 4234500 15158637 4235580
15162171 4198500 15163311 4199100
15171975 4225380 15173913 4225980
15152139 4210020 15154077 4210620
15157383 4144260 15159549 4145340
15164451 4329540 15165249 4330140
15160461 4272420 15160689 4273020
15156129 4214820 15156813 4215420
15166503 4282500 15167985 4283100
15167871 4281540 15169809 4282140
15167985 4300260 15169125 4300860
15152139 4261380 15153165 4261980
15152139 4284420 15153621 4285020
15159549 4228740 15161145 4229820
15156129 4305540 15157269 4306140
15164451 4308420 15165249 4309020
15176079 4219620 15177105 4220220
15155103 4165380 15157269 4166460
15169239 4231620 15171405 4232700
15163083 4318020 15165021 4318620
15152823 4289700 15153849 4290300
15159891 4279620 15161487 4280700
15152139 4239300 15153621 4239900
15166959 4204740 15169125 4205820
15160347 4172100 15160689 4172700
15162285 4216740 15162741 4217340
15161943 4320900 15162513 4321500
15153051 4320900 15154647 4321980
15166959 4220580 15167985 4221180
15166503 4156740 15167529 4157340
15162057 4308420 15163653 4309500
15159663 4165380 15161829 4166460
15172773 4166820 15173001 4167420
15177675 4221540 15178701 4222140
15157383 4318980 15158979 4320060
15162627 4152900 15164223 4153980
15164223 4260900 15165705 4261500
15153165 4213380 15154761 4214460
15166731 4281060 15167073 4281660
15169467 4158660 15171633 4159740
15176535 4188420 15178131 4189500
15151227 4160580 15152367 4161180
15157497 4271940 15159093 4273020
15162627 4173060 15164223 4174140
15178017 4278180 15178701 4278780
15159663 4328100 15160689 4328700
15160347 4164420 15161145 4165020
15150087 4194180 15152253 4195260
15174483 4276740 15175509 4277340
15172203 4232100 15173001 4232700
15172431 4152420 15173229 4153020
15152823 4203780 15154761 4204860
15149859 4241220 15150885 4241820
15164907 4221540 15165705 4222140
15167871 4144740 15169809 4145340
15168783 4218660 15169809 4219260
15171519 4207620 15172545 4208220
15162741 4279620 15164337 4280700
15169125 4291140 15170721 4292220
15154875 4161540 15157041 4162620
15155559 4189860 15156585 4190460
15165819 4210980 15166845 4211580
15169011 4214820 15170037 4215420
15155673 4153860 15157269 4154940
15180867 4187940 15181893 4188540
15154647 4215780 15155673 4216380
15167871 4259940 15168669 4260540
15152139 4250820 15153621 4251420
15171747 4193700 15172773 4194300
15166845 4255620 15168441 4256700
15159549 4180260 15159777 4180860
15151569 4141380 15154077 4141980
15156927 4232100 15157953 4232700
15173343 4208100 15177105 4208700
15169239 4180740 15171177 4181820
15170379 4294980 15171405 4295580
15170607 4229700 15171633 4230300
15154191 4285860 15157953 4286460
15159891 4296900 15162057 4297980
15169125 4272900 15170721 4273980
15172659 4167780 15173685 4168380
15160119 4306020 15160917 4306620
15178815 4190340 15179841 4190940
15167871 4269540 15168213 4270140
15162057 4139460 15163653 4140540
15161487 4224420 15162285 4225020
15159549 4150980 15161145 4152060
15156015 4291620 15157155 4292220
15160347 4195620 15160803 4196220
15157383 4270020 15159549 4271100
15154875 4314180 15157041 4315260
15176535 4217220 15178701 4218300
15169695 4164900 15170721 4165500
15155103 4206660 15156699 4207740
15159435 4293540 15160917 4294140
15178359 4222500 15179385 4223100
15157155 4311300 15158181 4311900
15152937 4187460 15154533 4188540
15157383 4210500 15159549 4211580
15178359 4216260 15179385 4216860
15154647 4317540 15155901 4318140
15159663 4198980 15161829 4200060
15171633 4272900 15173229 4273980
15152937 4230660 15154533 4231740
15151455 4200900 15152481 4201500
15163083 4183140 15163311 4183740
15171747 4282020 15172773 4282620
15154875 4270500 15156015 4271100
15155559 4212420 15157155 4213500
15150999 4262820 15152253 4263420
15151683 4281540 15152025 4282140
15175395 4210020 15176421 4210620
15173115 4198500 15173913 4199100
15155103 4203300 15156129 4203900
15150543 4256580 15151341 4257180
15173799 4289220 15175053 4289820
15154875 4290180 15155673 4290780
15152139 4255140 15153621 4255740
15157155 4169220 15158409 4169820
15150771 4221060 15151797 4221660
15153051 4318020 15153849 4318620
15157611 4256580 15159207 4257660
15162171 4220100 15164337 4221180
15181551 4194180 15183147 4195260
15155559 4296900 15156585 4297500
15173343 4277700 15174939 4278780
15151683 4211940 15152253 4212540
15176991 4212420 15178587 4213500
15152595 4205220 15153621 4205820
15178701 4198500 15178929 4199100
15154419 4271460 15155901 4272060
15150087 4170180 15152253 4171260
15159663 4193220 15161829 4194300
15156243 4320420 15157269 4321020
15181095 4206660 15182121 4207260
15157839 4137540 15159093 4138140
15154647 4329060 15155901 4329660
15150087 4229700 15152253 4230780
15171747 4150020 15173913 4151100
15153507 4189380 15154305 4189980
15164223 4262820 15165705 4263420
15173799 4293060 15174141 4293660
15155103 4192260 15157269 4193340
15169467 4211460 15171063 4212540
15157611 4273380 15158637 4273980
15162399 4324740 15163197 4325340
15161487 4180740 15163083 4181820
15179043 4228740 15180981 4229820
15148149 4213860 15150657 4214460
15169467 4257540 15171633 4258620
15150999 4306020 15151797 4306620
15164565 4283940 15165249 4284540
15162513 4215780 15162969 4216380
15154875 4150980 15157041 4152060
15176307 4276740 15198309 4277340
15154647 4295460 15155673 4296060
15163083 4205220 15163311 4205820
15168555 4151940 15170151 4153020
15174825 4287300 15176421 4288380
15173799 4224420 15174369 4225020
15174255 4192260 15176421 4193340
15153963 4163460 15154761 4164060
15153507 4324260 15154761 4324860
15177447 4210020 15178473 4210620
15167415 4242180 15169011 4243260
15168555 4255620 15170151 4256700
15156129 4224420 15157269 4225020
15158523 4232580 15159549 4233180
15157839 4328580 15158409 4329180
15167871 4180740 15168441 4181340
15158523 4258020 15159321 4258620
15154875 4333380 15157041 4334460
15166503 4165380 15167529 4165980
15159663 4265220 15160689 4265820
15167187 4163460 15168783 4164540
15154875 4238340 15156471 4239420
15162171 4200900 15164337 4201980
15160119 4319940 15161715 4321020
15179271 4224900 15180867 4225980
15155787 4163940 15156243 4164540
15157155 4170180 15158181 4170780
15162741 4167300 15164337 4168380
15175395 4194180 15176421 4194780
15169125 4241220 15170721 4242300
15152139 4174980 15152481 4175580
15153051 4198980 15154647 4200060
15155787 4310820 15156813 4311420
15150543 4156740 15152139 4157820
15150087 4324740 15152253 4325820
15171747 4286340 15173913 4287420
15155103 4157700 15156699 4158780
15168099 4301700 15169125 4302300
15162171 4178820 15164337 4179900
15174255 4160580 15175053 4161180
15152367 4146180 15153051 4146780
15162171 4240260 15164337 4241340
15174483 4146180 15176079 4147260
15168099 4264740 15169125 4265340
15179043 4212420 15180639 4213500
15160119 4153860 15161601 4154460
15164223 4210020 15165249 4210620
15155559 4174980 15157155 4176060
15153621 4148580 15154761 4149180
15179271 4199940 15180867 4201020
15177219 4293540 15178017 4294140
15150771 4213380 15152367 4214460
15166959 4266660 15167187 4267260
15167415 4178820 15168441 4179420
15174255 4205220 15175281 4205820
15156015 4160100 15156585 4160700
15154989 4241220 15156585 4242300
15162171 4302660 15164337 4303740
15149859 4275780 15150657 4276380
15155559 4272900 15156585 4273500
15172089 4229700 15173685 4230780
15167415 4283460 15169011 4284540
15162741 4290180 15164337 4291260
15157611 4201380 15158067 4201980
15162171 4330020 15163197 4330620
15162399 4271940 15163995 4273020
15159435 4154820 15160233 4155420
15167415 4210020 15171177 4210620
15161031 4167300 15162057 4167900
15159549 4236900 15159777 4237500
15148491 4275780 15149745 4276380
15179727 4201860 15180297 4202460
15160461 4174020 15162057 4175100
15152139 4281060 15153621 4281660
15174027 4151940 15175053 4152540
15166617 4216740 15167073 4217340
15153735 4194660 15154761 4195260
15166959 4304580 15169125 4305660
15171975 4300260 15172545 4300860
15179043 4192260 15181209 4193340
15194319 4230660 15198651 4231260
15155103 4137540 15157269 4138620
15171747 4153860 15173913 4154940
15167415 4196100 15171177 4196700
15156243 4328100 15157269 4328700
15153507 4173540 15154761 4174140
15174711 4293060 15176307 4294140
15177675 4227300 15178701 4227900
15157497 4213380 15159093 4214460
15155331 4171140 15156357 4171740
15169011 4192740 15169581 4193340
15154647 4135620 15155445 4136220
15152595 4247940 15154761 4249020
15150087 4293060 15152253 4294140
15151227 4279620 15151455 4280220
15155103 4197060 15157269 4198140
15169011 4267620 15169581 4268220
15155559 4297860 15156585 4298460
15167187 4213380 15168783 4214460
15175395 4223940 15176193 4224540
15154989 4144260 15156585 4145340
15160803 4198020 15161031 4198620
15173799 4209540 15174369 4210140
15161943 4254660 15162741 4255260
15160347 4138500 15161145 4139100
15157383 4171140 15159549 4172220
15181323 4201860 15183489 4202940
15176307 4190340 15176877 4190940
15154875 4278660 15157041 4279740
15177675 4220580 15178701 4221180
15157611 4246980 15159207 4248060
15154875 4273860 15156471 4274940
15163539 4158180 15164565 4158780
15153849 4147620 15154077 4148220
15162855 4199460 15163311 4200060
15158751 4289700 15159549 4290300
15159891 4224420 15160917 4225020
15160119 4192260 15161145 4192860
15150885 4291620 15151341 4292220
15168327 4285380 15169353 4285980
15179499 4210500 15181095 4211580
15172203 4214820 15173001 4215420
15157725 4195140 15159321 4196220
15173115 4191780 15173685 4192380
15146781 4154340 15148263 4154940
15146781 4354500 15148263 4355100
15158523 4291140 15159549 4291740
15162627 4156740 15164223 4157820
15172887 4157220 15173913 4157820
15175167 4212900 15175965 4213500
15176991 4194180 15178587 4195260
15157839 4157700 15159435 4158780
15160803 4214340 15161031 4214940
15153165 4326660 15154761 4327740
15162855 4161540 15163653 4162140
15167187 4172100 15168783 4173180
15158295 4205220 15159093 4205820
15151455 4275300 15152025 4275900
15152595 4177860 15153621 4178460
15155673 4259460 15157269 4260540
15172431 4184580 15173457 4185180
15178587 4233060 15179385 4233660
15176877 4185540 15178473 4186620
15150087 4320900 15152253 4321980
15166275 4281060 15166503 4281660
15160575 4137060 15161601 4137660
15162741 4326660 15164337 4327740
15174939 4149060 15175509 4149660
15151227 4219140 15152025 4219740
15176649 4203780 15178245 4204860
15151455 4151940 15152253 4152540
15174597 4189380 15176193 4190460
15155103 4252740 15156699 4253820
15149175 4281060 15149973 4281660
15167415 4226820 15169809 4227420
15158979 4150020 15160005 4150620
15157155 4242660 15158409 4243260
15162741 4162500 15164337 4163580
15179271 4230660 15179841 4231260
15167643 4217700 15171405 4218300
15181551 4198980 15183147 4200060
15159663 4318020 15161259 4319100
15172431 4189380 15173685 4189980
15152595 4191300 15154761 4192380
15157839 4327620 15158409 4328220
15162741 4322820 15164337 4323900
15152139 4215300 15153165 4215900
15177105 4230660 15178701 4231740
15158979 4243140 15160575 4244220
15148149 4203780 15150201 4204380
15171747 4257540 15173115 4258140
15154191 4246020 15155787 4247100
15160461 4298820 15162057 4299900
15176535 4149060 15178131 4150140
15164907 4160100 15165705 4160700
15174255 4191300 15175281 4191900
15155559 4300740 15156585 4301340
15170835 4265700 15172203 4266300
15159663 4135620 15161259 4136700
15151911 4276740 15152481 4277340
15183375 4263780 15185427 4264380
15171519 4199940 15172317 4200540
15151455 4180740 15152481 4181340
15147693 4285860 15148149 4286460
15162399 4228740 15163995 4229820
15146781 4141860 15148263 4142460
15153963 4174500 15154533 4175100
15162741 4230660 15164337 4231740
15162741 4273860 15164337 4274940
15175395 4230180 15176421 4230780
15156927 4199460 15157725 4200060
15153051 4265220 15154647 4266300
15146781 4245540 15151113 4246140
15149859 4326180 15150429 4326780
15155103 4280100 15156129 4280700
15169695 4212900 15170493 4213500
15167871 4271460 15168897 4272060
15154191 4234500 15154761 4235100
15164565 4142340 15166617 4142940
15164223 4321380 15165021 4321980
15166503 4226820 15167187 4227420
15157155 4312260 15157725 4312860
15183945 4332900 15192723 4334460
15170037 4192260 15171633 4193340
15154419 4261860 15156357 4262460
15183945 4328100 15192723 4329660
15164223 4144740 15164793 4145340
15171975 4181700 15173571 4182780
15161943 4204260 15162741 4204860
15172431 4161060 15173457 4161660
15153051 4232580 15154647 4233660
15174027 4162500 15174597 4163100
15149973 4198980 15151569 4200060
15148149 4244580 15150201 4245180
15183603 4273380 15185427 4273980
15154647 4300260 15155445 4300860
15152139 4218180 15155901 4218780
15158523 4148100 15159321 4148700
15179157 4194180 15180753 4195260
15179043 4185540 15180639 4186620
15155331 4292100 15155901 4292700
15155103 4249860 15157269 4250940
15151455 4266660 15152253 4267260
15148149 4161060 15150087 4161660
15176991 4282500 15178017 4283100
15164223 4281060 15165249 4281660
15165135 4169700 15165933 4170300
15153051 4267140 15153849 4267740
15156699 4238340 15158295 4239420
15183375 4198500 15184059 4199100
15160575 4223460 15161601 4224060
15167415 4274820 15169011 4275900
15161487 4292100 15163083 4293180
15164907 4162500 15166617 4163100
15179955 4195620 15180753 4196220
15164907 4164900 15165705 4165500
15159891 4225860 15161487 4226940
15156015 4329540 15157041 4330140
15152937 4274820 15154533 4275900
15164451 4153380 15165477 4153980
15159207 4178820 15161145 4179420
15149859 4159140 15150429 4159740
15157155 4148580 15157725 4149180
15169695 4216260 15171291 4217340
15146781 4227300 15148263 4227900
15163539 4155300 15164109 4155900
15176991 4290180 15177789 4290780
15157953 4263300 15159549 4264380
15156471 4183620 15157041 4184220
15156015 4176900 15156585 4177500
15153051 4237860 15154077 4238460
15155559 4308420 15157497 4309020
15157155 4274820 15157953 4275420
15163767 4300260 15164337 4300860
15172887 4276740 15173457 4277340
15153507 4170180 15153849 4170780
15148149 4150980 15150201 4151580
15148149 4268580 15150429 4269180
15154647 4259460 15155445 4260060
15156129 4309860 15156357 4310460
15158523 4330020 15159093 4330620
15164223 4304580 15165021 4305180
15161943 4287300 15162513 4288380
15146781 4137060 15152367 4137660
15160347 4142340 15161943 4143420
15162741 4187460 15164337 4188540
15160803 4189860 15162855 4190460
15164223 4227780 15164451 4228380
15164565 4341060 15166617 4341660
15159207 4182180 15159663 4182780
15155445 4247940 15157041 4249020
15148149 4138980 15150429 4139580
15164223 4331940 15165021 4332540
15166503 4249380 15166959 4249980
15173343 4159620 15173913 4160220
15174255 4167300 15175851 4168380
15174711 4166340 15175281 4166940
15169695 4293060 15171291 4294140
15173115 4271940 15195117 4272540
15148149 4278180 15150201 4278780
15176535 4225860 15177561 4226460
15183603 4147620 15185427 4148220
15159663 4161540 15160461 4162140
15172659 4158180 15172887 4158780
15157155 4180740 15157611 4181340
15146781 4217220 15148263 4217820
15146781 4225860 15148263 4226460
15159663 4316100 15160233 4316700
15164337 4287780 15165705 4288380
15146781 4303140 15148263 4303740
15177447 4208580 15178017 4209180
15151455 4228260 15152253 4228860
15171747 4298820 15173343 4299900
15166617 4241700 15167073 4242300
15183603 4167780 15185427 4168380
15176991 4202820 15178929 4203420
15173799 4222980 15174369 4224060
15161943 4223460 15163881 4224060
15464727 4266180 15466209 4266780
15152595 4160580 15153165 4161180
15148149 4212420 15148377 4213020
15174027 4226820 15176193 4227900
15152595 4325700 15153165 4326300
15151455 4198020 15152025 4198620
15156243 4209540 15156813 4210620
15174141 4236900 15174369 4237500
15176535 4278660 15177105 4279260
15159663 4245060 15161829 4246140
15183945 4323300 15192723 4324860
15150999 4277220 15151797 4277820
15166503 4386180 15195801 4387740
15183375 4311780 15185427 4312380
15178131 4170180 15178701 4170780
15153051 4208580 15153621 4209180
15146781 4202340 15148263 4202940
15179955 4218660 15183717 4219260
15153963 4195620 15154533 4196220
15157383 4183620 15158751 4184220
15150999 4210980 15152025 4211580
15154647 4186500 15155217 4187100
15155217 4264260 15156813 4265340
15158523 4186500 15159093 4187100
15153507 4145700 15154305 4146300
15183945 4342500 15192723 4344060
15153165 4180740 15154761 4181820
15152139 4220580 15153165 4221180
15154305 4293540 15154989 4294140
15161031 4312260 15161601 4313340
15198195 4166340 15198651 4166940
15146781 4234980 15148263 4235580
15163539 4204740 15164109 4205340
15175623 4214820 15176649 4215420
15164223 4296420 15166161 4297020
15164223 4250820 15166617 4251420
15151455 4302180 15152025 4302780
15179727 4232580 15194433 4233180
15149859 4222500 15150429 4223100
15165135 4291140 15166617 4291740
15163083 4145220 15163653 4145820
15170949 4145220 15192951 4145820
15149175 4225380 15149973 4225980
15172431 4162020 15172773 4162620
15155559 4326660 15157155 4327740
15164451 4258020 15165021 4258620
15169923 4165860 15171861 4166460
15197967 4144260 15198651 4144860
15161259 4330980 15162057 4331580
15160119 4308420 15160689 4309020
15183945 4299300 15192723 4300860
15157041 4149540 15157497 4150140
15161943 4319940 15162513 4320540
15165135 4310340 15166617 4311900
15169011 4147620 15171861 4148220
15159207 4173060 15161145 4173660
15173457 4215300 15174027 4216380
15165135 4355460 15166617 4357020
15151683 4299780 15152709 4300380
15155331 4323780 15155901 4324380
15159777 4182660 15161373 4183740
15165477 4204260 15165933 4204860
15161031 4325220 15162057 4325820
15154989 4204740 15156585 4205820
15174939 4294980 15196941 4295580
15198081 4224420 15198651 4225020
15176307 4283460 15176877 4284060
15153735 4241220 15154305 4241820
15153621 4139940 15153849 4140540
15152595 4269540 15153165 4270140
15167187 4257540 15168783 4258620
15149631 4196580 15151569 4197180
15166047 4207140 15167073 4207740
15164223 4246020 15166617 4246620
15153963 4207620 15154533 4208220
15460509 4193220 15461307 4193820
15157839 4279140 15158409 4279740
15172887 4275780 15173457 4276380
15167187 4287300 15168783 4288380
15164793 4180740 15166617 4181340
15150885 4142340 15152481 4143420
15156015 4173540 15157041 4174140
15198081 4282980 15198651 4284540
15198081 4281060 15198651 4282620
15181095 4204260 15183033 4204860
15167643 4198020 15168213 4198620
15172203 4197540 15172431 4198140
15159435 4200900 15160005 4201980
15164679 4157700 15165249 4158300
15146781 4321860 15148263 4322460
15162627 4208100 15162855 4208700
15158295 4208580 15158865 4209180
15175053 4232100 15175281 4232700
15156927 4257540 15157383 4258140
15149403 4147620 15149973 4148220
15158523 4312260 15159093 4312860
15151911 4236420 15157497 4237020
15152367 4310820 15154875 4311420
15164223 4214340 15166617 4214940
15167187 4230660 15169125 4231260
15167643 4246020 15196941 4246620
15160119 4233060 15160689 4233660
15179043 4218180 15179613 4218780
15161145 4197540 15162171 4198140
15148149 4165860 15150657 4166460
15183375 4238820 15185427 4239420
15180981 4203300 15182919 4203900
15176079 4171140 15198081 4171740
15158523 4281540 15160461 4282140
15165135 4274820 15166617 4276380
15155559 4225860 15156129 4226460
15160119 4256100 15162513 4256700
15179043 4215300 15179613 4215900
15173799 4331460 15181209 4332060
15148149 4332420 15152481 4333020
15149403 4271940 15149973 4272540
15161373 4135140 15176079 4135740
15183603 4355940 15185427 4356540
15178473 4204740 15180753 4205340
15166503 4265220 15167187 4265820
15458685 4143300 15458913 4143900
15166503 4252740 15195801 4253340
15155559 4240260 15156129 4240860
15192609 4151940 15198195 4152540
15185427 4243140 15196485 4243740
15162627 4150500 15164565 4151100
15148149 4183620 15150201 4184220
15159207 4156740 15159663 4157340
15148149 4242180 15150201 4242780
15170151 4145220 15170721 4145820
15160119 4248420 15160347 4249020
15150771 4231620 15151797 4232220
15461991 4193220 15463929 4193820
15165021 4362180 15166617 4363740
15148149 4190820 15150201 4191420
15183945 4337700 15192723 4339260
15165135 4174980 15166617 4176540
15164223 4272420 15164793 4273020
15196257 4240740 15198651 4242300
15165135 4171140 15166617 4172700
15156927 4155300 15157497 4155900
15168669 4251300 15183375 4251900
15198195 4228740 15198651 4229340
15183831 4197540 15185427 4198140
15148149 4267620 15150201 4268220
15164451 4285380 15165021 4285980
15198081 4225380 15198651 4226940
15171063 4160580 15171633 4161180
15162855 4281540 15163881 4282140
15183603 4138020 15185427 4138620
15149631 4270500 15150201 4271100
15170835 4268100 15171633 4268700
15156813 4255140 15161145 4255740
15165135 4270980 15166617 4271580
15161943 4300740 15162969 4301340
15149631 4284900 15150201 4285500
15157611 4321860 15159207 4322940
15336021 4266180 15440559 4266780
15194091 4227780 15197853 4228380
15165477 4209060 15166161 4209660
15157155 4287300 15157725 4288380
15160347 4326660 15161943 4327740
15164337 4236900 15164793 4237500
15166047 4139940 15180753 4140540
15196257 4213860 15198651 4214460
15154191 4177860 15154761 4178460
15169011 4199940 15169581 4200540
15169011 4208580 15169239 4209180
15166503 4381380 15195801 4382940
15148491 4178820 15150885 4179420
15160119 4269540 15162057 4270140
15152139 4252740 15153165 4253340
15161601 4258500 15162285 4259100
15152367 4321860 15152937 4322460
15148149 4294500 15157383 4295100
15156813 4207620 15158751 4208220
15162741 4193220 15164337 4194300
15179271 4209540 15193977 4210140
15175395 4275780 15197397 4276380
15160119 4140900 15163881 4141500
15174483 4203780 15175053 4204380
15156129 4299780 15156357 4300380
15165135 4173060 15166617 4173660
15148149 4196100 15149061 4196700
15148149 4328580 15152481 4329180
15167871 4198980 15168441 4199580
15198081 4227300 15198651 4227900
15171519 4290660 15173913 4291260
15336021 4143300 15440559 4143900
15183831 4185060 15184059 4185660
15153051 4159620 15153735 4160220
15161373 4147620 15166959 4148220
15151911 4140420 15152481 4141020
15170037 4146180 15170493 4146780
15165135 4256580 15166617 4258140
15463131 4143300 15464157 4143900
15170607 4305540 15185313 4306140
15183945 4352100 15192723 4353660
15455037 4266180 15458799 4266780
15173799 4202820 15175737 4203420
15195003 4294020 15196941 4294620
15157611 4301700 15157953 4302300
15158979 4189380 15160005 4189980
15161829 4294020 15162285 4294620
15161031 4161060 15161829 4161660
15161715 4246500 15162285 4247100
15151227 4164900 15152253 4165500
15156927 4145700 15157497 4146300
15198081 4305060 15198651 4306620
15146781 4233540 15148263 4234140
15151683 4149060 15152481 4149660
15171519 4280100 15171861 4280700
15164907 4218660 15165477 4219260
15153621 4261860 15154077 4262460
15173343 4283460 15174939 4284540
15198195 4259460 15198651 4260060
15165021 4383300 15166617 4383900
15334881 4392420 15432123 4393020
15178245 4201860 15178929 4202460
15183603 4184100 15184059 4184700
15172887 4197540 15173457 4198140
15180867 4213380 15195573 4213980
15148149 4210020 15150201 4210620
15167187 4222980 15169353 4223580
15156129 4180260 15156357 4180860
15181095 4188900 15183033 4189500
15192609 4185060 15198195 4185660
15183603 4240740 15185427 4241340
15165135 4361220 15173913 4361820
15170835 4269060 15171633 4269660
15182007 4193220 15196713 4193820
15194775 4191300 15198537 4191900
15183717 4287780 15184059 4288380
15180753 4222980 15195459 4223580
15189303 4139460 15196713 4140060
15165135 4303140 15168897 4303740
15163539 4270980 15164337 4271580
15173799 4221540 15174369 4222140
15181779 4207620 15196485 4208220
15158067 4215300 15158637 4215900
15156813 4182180 15158751 4182780
15157383 4289220 15157953 4289820
15162399 4261380 15162855 4261980
15153051 4174980 15153621 4175580
15167415 4207620 15169581 4208220
15154647 4184580 15156585 4185180
15173343 4303620 15173913 4304220
15154875 4226820 15155217 4227420
15183603 4229220 15185427 4229820
15152139 4190340 15153165 4190940
15148149 4342500 15177447 4343100
15175851 4291140 15176877 4291740
15183831 4248420 15185427 4249020
15148491 4227780 15150429 4228380
15146781 4334340 15148263 4334940
15166503 4208580 15167073 4209180
15164223 4151940 15166617 4152540
15156357 4135620 15156585 4136220
15148149 4318500 15151911 4319100
15155103 4187460 15156699 4188540
15154875 4324740 15155331 4325340
15148149 4314660 15151911 4315260
15146781 4145220 15148263 4145820
15161715 4275300 15162285 4275900
15336021 4193220 15440559 4193820
15166503 4276740 15167529 4277340
15178131 4290180 15192837 4290780
15165135 4325700 15166617 4327260
15183489 4225380 15184059 4225980
15171291 4196580 15175053 4197180
15149631 4304580 15150201 4305180
15171177 4142340 15185883 4142940
15146781 4156260 15149631 4156860
15173115 4265220 15180525 4265820
15463473 4378980 15466323 4379580
15178245 4283460 15192951 4284060
15189303 4273860 15198537 4274460
15156927 4135620 15157497 4136220
15177903 4237380 15192609 4237980
15154647 4178820 15158409 4179420
15163197 4234980 15163425 4235580
15149859 4343460 15179157 4344060
15159435 4257540 15160005 4258140
15165135 4269060 15166617 4270620
15334881 4325220 15432123 4325820
15176307 4223460 15176535 4224060
15187593 4262340 15198651 4262940
15166047 4186980 15169809 4187580
15160119 4247460 15165705 4248060
15154305 4156260 15158067 4156860
15165591 4235940 15169353 4236540
15155331 4143300 15155673 4143900
15146781 4360260 15161487 4362300
15160803 4162020 15161601 4162620
15156471 4295940 15157497 4296540
15148149 4158180 15149175 4158780
15170493 4270500 15177903 4271100
15166845 4197540 15167301 4198140
15166617 4233060 15170379 4233660
15149631 4303140 15150201 4303740
15154647 4176420 15154989 4177020
15187593 4260420 15198651 4261020
15183945 4361700 15192723 4363260
15178245 4291140 15192951 4291740
15159891 4314180 15161487 4315260
15152139 4301220 15154077 4301820
15174711 4291140 15175281 4291740
15174255 4165380 15174711 4165980
15157155 4185060 15158181 4185660
15164679 4312260 15165249 4312860
15166503 4390980 15195801 4392540
15148149 4336740 15155559 4337340
15165591 4294500 15166161 4295100
15192837 4285380 15198423 4285980
15161715 4328580 15162285 4329180
15157155 4227780 15160917 4228380
15169011 4186020 15169353 4186620
15161715 4218180 15163653 4218780
15189303 4203780 15198537 4204380
15149061 4218660 15149859 4219260
15172887 4179780 15180297 4180380
15149859 4352100 15157269 4352700
15176535 4326180 15183945 4326780
15165819 4148580 15173229 4149180
15174483 4303140 15181893 4303740
15146781 4341540 15161487 4342140
15164223 4282020 15164565 4282620
15162627 4203300 15162969 4203900
15176307 4289220 15177333 4289820
15156243 4292580 15158181 4293180
15176079 4165860 15183489 4166460
15172203 4260900 15183261 4261500
15149859 4193220 15150201 4193820
15173799 4274340 15181209 4274940
15148149 4292100 15150087 4292700
15148149 4194180 15149175 4194780
15166503 4218180 15167529 4218780
15160233 4358820 15167643 4359420
15167187 4221540 15167529 4222140
15181095 4186980 15183033 4187580
15158067 4150500 15158637 4151100
15183603 4162980 15185427 4163580
15148149 4284900 15149175 4285500
15178815 4197060 15179157 4197660
15172659 4266180 15187365 4266780
15148149 4249860 15151911 4250460
15167187 4212420 15167529 4213020
15161031 4156740 15162057 4157340
15165135 4353540 15166617 4354140
15146781 4374660 15161487 4376700
15176079 4301700 15176421 4302300
15187593 4257540 15198651 4258140
15195687 4165380 15197625 4165980
15171519 4202340 15173457 4202940
15165591 4258980 15169353 4259580
15180867 4226820 15195573 4227420
15160575 4276740 15161601 4277340
15180867 4190340 15195573 4190940
15171633 4212420 15172317 4213020
15173001 4264260 15180411 4264860
15154647 4288260 15156585 4288860
15459483 4266180 15463245 4266780
15440445 4192260 15455151 4192860
15148149 4152900 15148605 4153500
15161031 4238340 15162969 4238940
15149061 4283940 15149517 4284540
15149859 4319940 15153621 4320540
15148149 4261380 15150201 4261980
15159321 4216260 15159549 4216860
15166731 4229220 15170493 4229820
15180411 4223940 15195117 4224540
15152139 4197060 15154077 4197660
15183489 4293060 15198195 4293660
15188391 4369860 15195801 4371420
15157155 4189380 15158637 4189980
15189075 4162500 15196485 4163100
15167415 4249860 15182121 4250460
15188391 4263300 15195801 4263900
15152367 4295940 15152709 4296540
15176307 4151460 15183717 4152060
15164907 4197060 15166617 4197660
15165135 4224900 15166617 4225500
15175965 4341540 15183375 4342140
15165135 4189380 15166617 4189980
15159435 4212900 15159777 4213500
15198195 4148100 15198651 4148700
15464727 4143300 15466209 4143900
15161373 4371300 15176079 4372860
15156471 4270980 15156813 4271580
15174939 4158660 15182349 4159260
15146781 4386180 15161487 4387260
15164907 4290180 15166617 4290780
15154647 4171140 15154989 4171740
15159549 4358820 15159777 4359420
15159207 4266180 15159777 4266780
15171177 4194660 15174939 4195260
15161715 4205700 15162057 4206300
15466209 4338660 15467007 4339260
15161943 4175460 15162969 4176060
15194091 4211460 15197853 4212060
15192039 4280580 15197625 4281180
15163995 4293540 15167757 4294140
15146781 4365060 15161487 4367100
15148149 4298820 15151911 4299420
15166959 4251300 15167301 4251900
15156813 4208580 15157839 4209180
15178017 4155780 15192723 4156380
15156471 4298820 15157497 4299420
15164907 4255620 15166617 4256220
15149061 4171620 15149517 4172220
15166503 4246980 15167757 4247580
15158523 4329060 15159777 4329660
15148149 4204740 15151911 4205340
15162969 4312260 15163425 4312860
15148491 4154820 15149517 4155420
15164907 4215300 15166617 4215900
15149631 4185540 15150657 4186140
15161373 4395300 15176079 4396860
15151227 4165860 15154989 4166460
15166503 4234500 15170265 4235100
15156699 4325220 15160461 4325820
15159321 4241700 15159777 4242300
15176307 4150500 15176649 4151100
15175395 4222500 15177333 4223100
15156585 4146660 15160347 4147260
15148491 4347780 15163197 4348380
15146781 4337700 15154191 4338300
15192609 4150500 15198195 4151100
15170379 4282020 15171405 4282620
15187479 4179780 15198537 4180380
15148149 4162020 15151911 4162620
15192609 4146660 15198195 4147260
15463473 4392420 15466323 4393020
15167415 4240260 15182121 4240860
15152367 4185060 15152937 4185660
15173685 4181220 15181095 4181820
15195573 4246980 15197511 4247580
15149859 4305540 15150885 4306140
15160803 4220580 15161829 4221180
15151683 4189380 15152709 4189980
15159435 4152900 15161373 4153500
15188391 4360260 15195801 4360860
15175965 4163460 15183375 4164060
15174483 4153860 15181893 4154460
15164793 4289220 15166617 4289820
15327585 4396260 15334995 4396860
15160575 4329060 15161601 4329660
15156927 4277700 15157497 4278300
15165135 4284900 15167985 4285500
15166503 4141380 15195801 4141980
15152139 4179780 15155901 4180380
15149859 4315620 15150201 4316220
15164907 4273860 15166617 4274460
15169923 4268100 15170265 4268700
15157155 4217700 15160917 4218300
15157155 4147620 15157497 4148220
15146781 4389060 15161487 4391100
15162057 4318020 15162285 4318620
15175965 4350180 15183375 4350780
15162855 4285860 15163881 4286460
15158523 4294500 15159549 4295100
15146781 4391940 15161487 4392540
15157041 4239780 15158979 4240380
15176535 4281540 15176877 4282140
15182463 4280100 15183489 4280700
15166503 4366980 15195801 4368540
15159435 4303140 15159777 4303740
15156927 4204260 15157953 4204860
15148149 4146180 15150201 4146780
15167415 4279620 15171177 4280220
15166503 4286340 15167073 4286940
15146781 4381380 15161487 4382460
15154533 4291140 15155559 4291740
15159207 4214340 15160233 4214940
15167871 4171140 15175281 4171740
15164907 4324260 15179613 4324860
15174483 4299300 15181893 4299900
15174255 4200420 15174597 4201020
15154419 4209540 15154875 4210140
15173799 4199460 15175737 4200060
15148149 4308900 15151911 4309500
15146781 4269540 15150543 4270140
15158637 4280580 15158865 4281180
15188391 4374660 15195801 4376220
15158181 4209540 15159207 4210140
15169011 4254660 15183717 4255260
15148947 4240260 15150885 4240860
15166503 4313220 15195801 4314780
15188391 4245060 15195801 4245660
