G2:
15319149 4319460 15336135 4350300
15319149 4258020 15336135 4288860
15319149 4135140 15336135 4165980
15319149 4196580 15336135 4227420
15319149 4380900 15336135 4396380
15192609 4360740 15198651 4369980
15192609 4351140 15198651 4360380
15192609 4308900 15198651 4312380
15192609 4341540 15198651 4350780
15192609 4331940 15198651 4341180
15192609 4389540 15198651 4393980
15192609 4322340 15198651 4331580
15168783 4167780 15170379 4168380
15183261 4172580 15184059 4174140
15183945 4378020 15192723 4379580
15148149 4252740 15150201 4253340
15197511 4185540 15198651 4187100
15183945 4138980 15192723 4140540
15183945 4206180 15192723 4207740
15183945 4186020 15192723 4187580
15146781 4300260 15148263 4303260
15181095 4315140 15195801 4316700
15148149 4188420 15150201 4189020
15192609 4159140 15196371 4160700
15148149 4197060 15150201 4197660
15173799 4186020 15174597 4187580
15177333 4347300 15181095 4348860
15175965 4363620 15183375 4365180
15175965 4359780 15183375 4361340
15175965 4387620 15183375 4389180
15183945 4293540 15192723 4296060
15183945 4269540 15192723 4272060
15156699 4322820 15157953 4323420
15181095 4319940 15195801 4321500
15192609 4243620 15198195 4245180
15192609 4277220 15198651 4278780
15183945 4259940 15192723 4262460
15192609 4211940 15198651 4213500
15192609 4195620 15198651 4197180
15192609 4234980 15198651 4236540
15146781 4184100 15148263 4185180
15183945 4216740 15192723 4219260
15183945 4152420 15192723 4153980
15156471 4296900 15157269 4297500
15146781 4217700 15148263 4218780
15146781 4203300 15148263 4204380
15164223 4306500 15166617 4308060
15192609 4181220 15198195 4182780
15179043 4343460 15182805 4345020
15146781 4170660 15148263 4171740
15152139 4272900 15154077 4273500
15197511 4136580 15198651 4138140
15334881 4378020 15468375 4379100
15192609 4233060 15198651 4234620
15192609 4166820 15198651 4168380
15175965 4378020 15183375 4379580
15183945 4202340 15192723 4204860
15148149 4294980 15150201 4295580
15150087 4259460 15152253 4262460
15167415 4165860 15170037 4166460
15185313 4176420 15192723 4177980
15162171 4294020 15164337 4297020
15185313 4229220 15192723 4230780
15192609 4231140 15198651 4232700
15183945 4135140 15192723 4137660
15148149 4329540 15150201 4330140
15164223 4206660 15166617 4208220
15166389 4282020 15167415 4282620
15146781 4264740 15148263 4265820
15165135 4300740 15167073 4301340
15146781 4345380 15148263 4346460
15159663 4358820 15160347 4359420
15146781 4135140 15148263 4137180
15148149 4168260 15150201 4168860
15178017 4149540 15184059 4151100
15156243 4309380 15156927 4310460
15148149 4309380 15150201 4309980
15183945 4192740 15192723 4195260
15148149 4325220 15150201 4325820
15148149 4293060 15150201 4293660
15153507 4262340 15154761 4262940
15192609 4221540 15198651 4223100
15153507 4197540 15155217 4198140
15166731 4282980 15168897 4283580
15161943 4176900 15164109 4177500
15146781 4254180 15148263 4255260
15146781 4173060 15149973 4173660
15192609 4258020 15198195 4259580
15164223 4193220 15166617 4194780
15163995 4235940 15164793 4236540
15162171 4237380 15164337 4240380
15183945 4250340 15192723 4252860
15179499 4330980 15183261 4332540
15334881 4297380 15468375 4312860
15164907 4258020 15166617 4258620
15157383 4175940 15159549 4178940
15159435 4308900 15161601 4309500
15175965 4392420 15183375 4393980
15334881 4174500 15468375 4189980
15146781 4186980 15148263 4188060
15154647 4257060 15156813 4257660
15152367 4271460 15154533 4272060
15163083 4225380 15165249 4225980
15163539 4259940 15164793 4260540
15149859 4201380 15152481 4201980
15176307 4185060 15178473 4185660
15336021 4379460 15468375 4380060
15158067 4208100 15159777 4208700
15146781 4291620 15148263 4292700
15165135 4202820 15167073 4203420
15162171 4158660 15164337 4161660
15162627 4147140 15163425 4147740
15167415 4302180 15168783 4302780
15160803 4196100 15162057 4196700
15156015 4203300 15157725 4203900
15159663 4229700 15161829 4232700
15163767 4255620 15165021 4256220
15150087 4300740 15152253 4303740
15150087 4173060 15152253 4176060
15192609 4171620 15198195 4173180
15150087 4304580 15152253 4307580
15156927 4315620 15158865 4316220
15165135 4200900 15167073 4201500
15164223 4279140 15166389 4279740
15183945 4163940 15192723 4166460
15171747 4291140 15173913 4294140
15164451 4281540 15165249 4282620
15157155 4272900 15158865 4273500
15150087 4311300 15152253 4314300
15160575 4157700 15162057 4158300
15152595 4314180 15154761 4317180
15176991 4192740 15178473 4193340
15175623 4289220 15176421 4289820
15176307 4198020 15177561 4198620
15146781 4179300 15148263 4180380
15151683 4221540 15152937 4222140
15192609 4226340 15198195 4227900
15152367 4196580 15154533 4197180
15164223 4164420 15166617 4165980
15176307 4169220 15176649 4170300
15161715 4329540 15162513 4330140
15164223 4149540 15165933 4150140
15161829 4283940 15164679 4284540
15152367 4277220 15153165 4277820
15192609 4224420 15198195 4225980
15148149 4270980 15148947 4271580
15163995 4297380 15166617 4297980
15159435 4161060 15161145 4161660
15161259 4144740 15162741 4145340
15165135 4190340 15167073 4190940
15171177 4226820 15171975 4227420
15146781 4244580 15148263 4245660
15166503 4220100 15168669 4220700
15175851 4284420 15177333 4285020
15159663 4222020 15164337 4223100
15169695 4294980 15170493 4295580
15157155 4228740 15159321 4229340
15150087 4315140 15152253 4318140
15175623 4202820 15177105 4203420
15155787 4313700 15156585 4314300
15150087 4179780 15152253 4182780
15164223 4231140 15165705 4231740
15159435 4334820 15174141 4335420
15155331 4300260 15156129 4300860
15161943 4233540 15162741 4234140
15154647 4203780 15154989 4204860
15146781 4319460 15149973 4320060
15161259 4172100 15162057 4172700
15152595 4195140 15154533 4195740
15166503 4236420 15167301 4237500
15150087 4265220 15152253 4268220
15151455 4252260 15153621 4252860
15162741 4210500 15164337 4213500
15156471 4306500 15157269 4307100
15151683 4285860 15152481 4286460
15156243 4215300 15158181 4215900
15175851 4186980 15176649 4187580
15174939 4196100 15175965 4197180
15161031 4136580 15165249 4137180
15168897 4224900 15169695 4225500
15154191 4272420 15156357 4273020
15146781 4257540 15149973 4258140
15146781 4212900 15150201 4213500
15156357 4172100 15157497 4173180
15156927 4303620 15159549 4304220
15149631 4139460 15152481 4140060
15154077 4290180 15154989 4290780
15166959 4290180 15171633 4291260
15174939 4152420 15176649 4153020
15148149 4231620 15149061 4232700
15161031 4163940 15163197 4164540
15155787 4323780 15156585 4324380
15195687 4174980 15198651 4176540
15176763 4190820 15177903 4191420
15159435 4293060 15160233 4293660
15157155 4250820 15157497 4251900
15166959 4169220 15171633 4170300
15161259 4267140 15162741 4267740
15159435 4233060 15160233 4233660
15166047 4195620 15167301 4196220
15156471 4204740 15157725 4205340
15160347 4311300 15162969 4311900
15166731 4199460 15167529 4200060
15166503 4238340 15167301 4239420
15164451 4186980 15166161 4187580
15157155 4264740 15157953 4265340
15159891 4327620 15164109 4328220
15158979 4205220 15163197 4205820
15160347 4153380 15162741 4153980
15156471 4184100 15158865 4184700
15152367 4174980 15153165 4175580
15164679 4144740 15166161 4145340
15161259 4289220 15162513 4289820
15170037 4146660 15173457 4147260
15170607 4277220 15171633 4277820
15153279 4304580 15154077 4305180
15180639 4195140 15182121 4195740
15165135 4263300 15188505 4263900
15161487 4278660 15162285 4279740
15178473 4194180 15179271 4195260
15148149 4225860 15150201 4226460
15152367 4306020 15153165 4306620
15170379 4207140 15172545 4207740
15163083 4329540 15163881 4330140
15161715 4193220 15162855 4194300
15154419 4243140 15155217 4244220
15153735 4220580 15155901 4221180
15158751 4299780 15160005 4300380
15158751 4186020 15160347 4186620
15150315 4211940 15151113 4212540
15157155 4327620 15157953 4328700
15164223 4154340 15166845 4154940
15149859 4240740 15151569 4241340
15149403 4207140 15153621 4207740
15160119 4329540 15160917 4330140
15163083 4288260 15165249 4288860
15173229 4285860 15174597 4286460
15153507 4190340 15154305 4190940
15178587 4186980 15181209 4187580
15151683 4241220 15152481 4241820
15148263 4240260 15149061 4241340
15178131 4203780 15179157 4204860
15169695 4258980 15171405 4259580
15153507 4177860 15154305 4178460
15151455 4171140 15153393 4171740
15154533 4260420 15155673 4261500
15157155 4252740 15158865 4253340
15156699 4170660 15160917 4171260
15150087 4137540 15154761 4138620
15178587 4221060 15179385 4222140
15155331 4305540 15156243 4306140
15168897 4299300 15169809 4299900
15168783 4201860 15169581 4202940
15152139 4211940 15157725 4212540
15149403 4243140 15150201 4244220
15168897 4210980 15171177 4211580
15146781 4373700 15165135 4374300
15156471 4174020 15157497 4175100
15146781 4189380 15149973 4189980
15165591 4260900 15167301 4261500
15157839 4218180 15159321 4218780
15155445 4334340 15157497 4334940
15169011 4204740 15171633 4205340
15166503 4187460 15169125 4188060
15152139 4223940 15157725 4224540
15195459 4198980 15198309 4199580
15159435 4167780 15161145 4168380
15163311 4292100 15165249 4292700
15152253 4213380 15153279 4214460
15178359 4228740 15179157 4229820
15173571 4191780 15176421 4192380
15156699 4253700 15157497 4254780
15149403 4143780 15153621 4144380
15157155 4286340 15157497 4287420
15186567 4169220 15197625 4169820
15176307 4218660 15179157 4219260
15151911 4161060 15156129 4161660
15152139 4320900 15153165 4321980
15158295 4279140 15160233 4279740
15159435 4219140 15159777 4220220
15149403 4283940 15153621 4284540
15153735 4328100 15155673 4328700
15146781 4174500 15149973 4175100
15157383 4265700 15161601 4266300
15151683 4169220 15154533 4169820
15154419 4214820 15155217 4215420
15148149 4250340 15150999 4250940
15156471 4144260 15157497 4145340
15161943 4173060 15162741 4174140
15146781 4193220 15149973 4193820
15195459 4190340 15198309 4190940
15171519 4231140 15173001 4231740
15164451 4219620 15166389 4220220
15154875 4268100 15159549 4269180
15149631 4246020 15149973 4247100
15161943 4148100 15162285 4149180
15146781 4318020 15149973 4318620
15172431 4182660 15173913 4183260
15154647 4142340 15156357 4142940
15175167 4200900 15177561 4201500
15146781 4194660 15149973 4195260
15160575 4324260 15162057 4324860
15148149 4259940 15149517 4260540
15152139 4183620 15153165 4184700
15159435 4304580 15159777 4305660
15153051 4149540 15154419 4150140
15148149 4251300 15149745 4251900
15150543 4246020 15152025 4246620
15161715 4226820 15164565 4227420
15180867 4189380 15181665 4190460
15161259 4331460 15162285 4332540
15151455 4256100 15155673 4256700
15162855 4300740 15164223 4301340
15152367 4232580 15153165 4233660
15148149 4237380 15150201 4237980
15173343 4154820 15175509 4155420
15164451 4172100 15165249 4173180
15157383 4256580 15157725 4257660
15155331 4234980 15157383 4235580
15154647 4277700 15154989 4278780
15153051 4156260 15154419 4156860
15195117 4298820 15197967 4299420
15152367 4198980 15153165 4200060
15146781 4279140 15149973 4279740
15156243 4188420 15158181 4189020
15169467 4193700 15170493 4194300
15160575 4333380 15162057 4333980
15154647 4311300 15155787 4312380
15167643 4270980 15170265 4271580
15171063 4212900 15175281 4213500
15153051 4175940 15154989 4176540
15166731 4277220 15168099 4277820
15151455 4299300 15155673 4299900
15173343 4145700 15174825 4146300
15177219 4148100 15195573 4148700
15146781 4235460 15148605 4236060
15152595 4330500 15157269 4331580
15149859 4218180 15150657 4219260
15152139 4202340 15154989 4202940
15156927 4314660 15158637 4315260
15156585 4146180 15159435 4146780
15161031 4192260 15163881 4192860
15150543 4167300 15152025 4167900
15166275 4157220 15171861 4157820
15163539 4316580 15165021 4317180
15166503 4185540 15169353 4186140
15168099 4301220 15170037 4301820
15146781 4342020 15149973 4342620
15156927 4201860 15158067 4202940
15152823 4325220 15154305 4325820
15166503 4253220 15167529 4253820
15192609 4279140 15198651 4279740
15169467 4274820 15173685 4275420
15150087 4282500 15154761 4283580
15195459 4228740 15198309 4229340
15157611 4321380 15159321 4321980
15173799 4217700 15176649 4218300
15152823 4259460 15154761 4260060
15148263 4211460 15149061 4212540
15178131 4199460 15180981 4200060
15148149 4192260 15150999 4192860
15148149 4201860 15149745 4202460
15146781 4222020 15148263 4223100
15165819 4204260 15166845 4204860
15178587 4217220 15179727 4218300
15148149 4274820 15149745 4275420
15159435 4202820 15160917 4203420
15152025 4157220 15153393 4157820
15150999 4287300 15153393 4287900
15162399 4154820 15163311 4155420
15146781 4182180 15149973 4182780
15161943 4273860 15162855 4274940
15168327 4261380 15170721 4261980
15173115 4227780 15175509 4228380
15154305 4308420 15155673 4309020
15162855 4332900 15181209 4333500
15168783 4160100 15171633 4160700
15164451 4232100 15165477 4232700
15165363 4184100 15168213 4184700
15153963 4231620 15158181 4232220
15161943 4262340 15162855 4263420
15163995 4155300 15166845 4155900
15157155 4226820 15160005 4227420
15154647 4164900 15157497 4165500
15149859 4164900 15151341 4165500
15159207 4250340 15162057 4250940
15166959 4303620 15171633 4304700
15157155 4313220 15160005 4313820
15166731 4257060 15169581 4257660
15164451 4150500 15165477 4151100
15168327 4203780 15169581 4204380
15154875 4152900 15159549 4153980
15155787 4326180 15158637 4326780
15169011 4161060 15171861 4161660
15148149 4320420 15151569 4321020
15196599 4306500 15198651 4307100
15149859 4248420 15152709 4249020
15157155 4222020 15157497 4223100
15156471 4318500 15157725 4319100
15159435 4174020 15160575 4175100
15162399 4182660 15165249 4183260
15150087 4288260 15154761 4289340
15148149 4334820 15153735 4335420
15150087 4235460 15154761 4236540
15166959 4217220 15167757 4218300
15154875 4332420 15159549 4333500
15148149 4177380 15150201 4177980
15149403 4171140 15150201 4172220
15146781 4247460 15149973 4248060
15154191 4312740 15157041 4313340
15149859 4280100 15152709 4280700
15148263 4139460 15149061 4140540
15150315 4326180 15153165 4326780
15173799 4150020 15176649 4150620
15159435 4298340 15162285 4298940
15161487 4206660 15163197 4207260
15177561 4210980 15179613 4211580
15165819 4292580 15167073 4293180
15146781 4339620 15149973 4340220
15192609 4184100 15198195 4184700
15148149 4162980 15150429 4163580
15148149 4146660 15149745 4147260
15163767 4285380 15164565 4286460
15183945 4375140 15192723 4375740
15161943 4260420 15162855 4261500
15152025 4145700 15153621 4146300
15148149 4228260 15151569 4228860
15181095 4159140 15184059 4159740
15151227 4250340 15153621 4250940
15157155 4290660 15160005 4291260
15169011 4200900 15171861 4201500
15148149 4337220 15149973 4337820
15168555 4223940 15170265 4224540
15167415 4297860 15170265 4298460
15157839 4320420 15160233 4321020
15183945 4142820 15192723 4143420
15163539 4275780 15165249 4276380
15149631 4148580 15152481 4149180
15148149 4234020 15150201 4234620
15163311 4242660 15167529 4243260
15146781 4282980 15149973 4283580
15156699 4335780 15171405 4336380
15162855 4286820 15165705 4287420
15197511 4165380 15198651 4165980
15168327 4255620 15168669 4256700
15174255 4209540 15177105 4210140
15148149 4214340 15149973 4214940
15158979 4285860 15161829 4286460
15162399 4321860 15165249 4322460
15156585 4229700 15157497 4230780
15175851 4212900 15177105 4213500
15156357 4245060 15157497 4246140
15165363 4183140 15167415 4183740
15184059 4208580 15195117 4209180
15154875 4253700 15156357 4254300
15176079 4226340 15178929 4226940
15152139 4194180 15157725 4194780
15156585 4243620 15157725 4244220
15168669 4182180 15171177 4182780
15148149 4285380 15149973 4285980
15146781 4333860 15152367 4334460
15151683 4243140 15153165 4243740
15146781 4294020 15149973 4294620
15146781 4290180 15148263 4291260
15165819 4212900 15167529 4213500
15170721 4222020 15171861 4223100
15148149 4296900 15150201 4297500
15149859 4187460 15152709 4188060
15157155 4355940 15171861 4356540
15153051 4264740 15155331 4265340
15161943 4175940 15163653 4176540
15168099 4273860 15170151 4274460
15154647 4173540 15156129 4174140
15148149 4331940 15150201 4332540
15146781 4262820 15149973 4263420
15152367 4234500 15154305 4235100
15146781 4306500 15148263 4307580
15179271 4214340 15197625 4214940
15186111 4299780 15197169 4300380
15148149 4224900 15149973 4225500
15180981 4338660 15184059 4339260
15180981 4256100 15184059 4256700
15161373 4374660 15165249 4375260
15148149 4286820 15150201 4287420
15160575 4150020 15161373 4151100
15182007 4180260 15184059 4180860
15180639 4226340 15184059 4226940
15165135 4370820 15188505 4371420
15153507 4279140 15154989 4279740
15165135 4245060 15188505 4245660
15173799 4205700 15177219 4206300
15183945 4302180 15192723 4302780
15176079 4227300 15177789 4227900
15170151 4227780 15171633 4228380
15163083 4171140 15163881 4172220
15159093 4246980 15160689 4247580
15148149 4272420 15149745 4273020
15176079 4207620 15177219 4208220
15163539 4303620 15165249 4304220
15150429 4236900 15152937 4237500
15148149 4322820 15150201 4323420
15171063 4177860 15171861 4178940
15178017 4156260 15184059 4156860
15154647 4286340 15155787 4287420
15149859 4327140 15150999 4327740
15146781 4343460 15149973 4344060
15160461 4243620 15163881 4244220
15183945 4254180 15192723 4254780
15170835 4281540 15172089 4282140
15172659 4271460 15183717 4272060
15146781 4297860 15149973 4298460
15165705 4205220 15167073 4205820
15178815 4304580 15197169 4305180
15196599 4302660 15198651 4303260
15148149 4238340 15151569 4238940
15179271 4222500 15181209 4223100
15146781 4270020 15149973 4270620
15167871 4276260 15168897 4276860
15149859 4135140 15151797 4135740
15146781 4316100 15148605 4316700
15148149 4344420 15149973 4345020
15146781 4166340 15148605 4166940
15148149 4324260 15151569 4324860
15183945 4219620 15192723 4220220
15162855 4309860 15181209 4310460
15152253 4291620 15154761 4292220
15168099 4266180 15169353 4266780
15164223 4162980 15169809 4163580
15169011 4189860 15174597 4190460
15161943 4248900 15162741 4249980
15173799 4223940 15175509 4224540
15183945 4282020 15192723 4282620
15161601 4215300 15165021 4215900
15148149 4289220 15149973 4289820
15148149 4154340 15149289 4154940
15146781 4249380 15150201 4249980
15152367 4163460 15154077 4164060
15148263 4216260 15149061 4217340
15183945 4210980 15192723 4211580
15148149 4263780 15149973 4264380
15183945 4215780 15192723 4216380
15153051 4317540 15154761 4318140
15160461 4254660 15162057 4255260
15146781 4198980 15148605 4199580
15148149 4159140 15149973 4159740
15192609 4149060 15198651 4149660
15154647 4298340 15158067 4298940
15157041 4284900 15158637 4285500
15148149 4185540 15149745 4186140
15148149 4145220 15150657 4145820
15196599 4249860 15198651 4250460
15146781 4156740 15149973 4157340
15175965 4182180 15183375 4182780
15183945 4394340 15192723 4394940
15180981 4181220 15184059 4181820
15165591 4248420 15183945 4249020
15158979 4272420 15160575 4273020
15180981 4336740 15184059 4337340
15183945 4162020 15192723 4162620
15180525 4193700 15182121 4194300
15146781 4275780 15148605 4276380
15148149 4353540 15149973 4354140
15146781 4215300 15148605 4215900
15180981 4345380 15184059 4345980
15196599 4240260 15198651 4240860
15192609 4154340 15198651 4154940
15146781 4268100 15148605 4268700
15149175 4140420 15150885 4141020
15161943 4202820 15163653 4203420
15148149 4288260 15149973 4288860
15156927 4150980 15158637 4151580
15171177 4216260 15173457 4216860
15153735 4170180 15155445 4170780
15162741 4353060 15181095 4353660
15183945 4200420 15192723 4201020
15165135 4384260 15188505 4384860
15148149 4206180 15149745 4206780
15163881 4229220 15166389 4229820
15178017 4188420 15181437 4189020
15176307 4224900 15179385 4225500
15154875 4248900 15156357 4249500
15177675 4330020 15183261 4330620
15146781 4273380 15150201 4273980
15161601 4320420 15165021 4321020
15192609 4178340 15198651 4178940
15148149 4226820 15149973 4227420
15180981 4340580 15184059 4341180
15152139 4284900 15154077 4285500
15165591 4176420 15183945 4177020
15148149 4219620 15149973 4220220
15146781 4321380 15150201 4321980
15146781 4351620 15148605 4352220
15148149 4151940 15151569 4152540
15148149 4147620 15149517 4148220
15163767 4272900 15165249 4273500
15163539 4269060 15165249 4269660
15149403 4202820 15150885 4203420
15164223 4329060 15182577 4329660
15148149 4355460 15149973 4356060
15165135 4175460 15183489 4176060
15151797 4318500 15154761 4319100
15154647 4258020 15156357 4258620
15146781 4207620 15148605 4208220
15161487 4270980 15163197 4271580
15161031 4143780 15162741 4144380
15148149 4198020 15149745 4198620
15146781 4327620 15148605 4328220
15146781 4150020 15148605 4150620
15155787 4179780 15158295 4180380
15146781 4229220 15150201 4229820
15182007 4145700 15184059 4146300
15196827 4170180 15198651 4170780
15154647 4166820 15156357 4167420
15148149 4310820 15149973 4311420
15156243 4196100 15157953 4196700
15146781 4295940 15148605 4296540
15149859 4154820 15151113 4155420
15195687 4174020 15198651 4174620
15158751 4278180 15160233 4278780
15171519 4258020 15182577 4258620
15148149 4241700 15149973 4242300
15146781 4260900 15149289 4261500
15171519 4234020 15182577 4234620
15165135 4166820 15166845 4167420
15148149 4153380 15149973 4153980
15158067 4185060 15159321 4185660
15159663 4303140 15161373 4303740
15148149 4183140 15149973 4183740
15171519 4265220 15173229 4265820
15170379 4180260 15171861 4180860
15178587 4292100 15196941 4292700
15183945 4268580 15192723 4269180
15148149 4180740 15149517 4181340
15152595 4150500 15154305 4151100
15176763 4170660 15182349 4171260
15158751 4166340 15160461 4166940
15163995 4170180 15165249 4170780
15165135 4179780 15166617 4180380
15178587 4289220 15196941 4289820
15166503 4254660 15168213 4255260
15168783 4288740 15169809 4289340
15146781 4142340 15148605 4142940
15173799 4222500 15175509 4223100
15161715 4207620 15162855 4208220
15148149 4256580 15150657 4257180
15164109 4315140 15165249 4315740
15165135 4380420 15188505 4381020
15148149 4349700 15149973 4350300
15146781 4191300 15148605 4191900
15169467 4196580 15171405 4197180
15159207 4247940 15160347 4248540
15165135 4188900 15166617 4189500
15170835 4221060 15172545 4221660
15158523 4214820 15160233 4215420
15164337 4195620 15165477 4196220
15159435 4159620 15161145 4160220
15182919 4322340 15184059 4322940
15154647 4162980 15155901 4163580
15170265 4233060 15172773 4233660
15168555 4152900 15170493 4153500
15185313 4240740 15196371 4241340
15158295 4259460 15159777 4260060
15168669 4287780 15170037 4288380
15173571 4165860 15174711 4166460
15165135 4369860 15188505 4370460
15192609 4307940 15198195 4308540
15147807 4230660 15149517 4231260
15196599 4206660 15198651 4207260
15196599 4193220 15198651 4193820
15195573 4270020 15198651 4270620
15147465 4138500 15149289 4139100
15159435 4162500 15160575 4163100
15176079 4189380 15178017 4189980
15146781 4303620 15148605 4304220
15158751 4294980 15160233 4295580
15175623 4199460 15176763 4200060
15151911 4136580 15153621 4137180
15167187 4267140 15168897 4267740
15196599 4139460 15198651 4140060
15152595 4151460 15154305 4152060
15156813 4225380 15158067 4225980
15196827 4271940 15198651 4272540
15170607 4164900 15171861 4165500
15173799 4221060 15175509 4221660
15152139 4228740 15154077 4229340
15180981 4354980 15184059 4355580
15181095 4328100 15184059 4328700
15159435 4284900 15161145 4285500
15165135 4312260 15188505 4312860
15150771 4227300 15152481 4227900
15164223 4148580 15165933 4149180
15167415 4294980 15169125 4295580
15161259 4195140 15162969 4195740
15181095 4154340 15184059 4154940
15155331 4155300 15157041 4155900
15164223 4146180 15166617 4146780
15160119 4184580 15161943 4185660
15159321 4179780 15161145 4180380
15196827 4201860 15198651 4202460
15195231 4229700 15198651 4230300
15165135 4243620 15166959 4244220
15146781 4148580 15149289 4149180
15151341 4140900 15152481 4141500
15165135 4290660 15166617 4291260
15159435 4211460 15161145 4212060
15173571 4229700 15175509 4230300
15166503 4266180 15167529 4266780
15147807 4209060 15149517 4209660
15170835 4184580 15172545 4185180
15159207 4322820 15160461 4323420
15148035 4233060 15149745 4233660
15154533 4232580 15155787 4233180
15169011 4219620 15170721 4220220
15154875 4295940 15156585 4296540
15197511 4247940 15198651 4248540
15146781 4347780 15148605 4348380
15161373 4280100 15162855 4280700
15163539 4308900 15178245 4309500
15158295 4169220 15159777 4169820
15182919 4233060 15184059 4233660
15173799 4149060 15175053 4149660
15197511 4141380 15198651 4141980
15148149 4165380 15149289 4165980
15161031 4306500 15162285 4307100
15161031 4151460 15162285 4152060
15146781 4336260 15148605 4336860
15161715 4190820 15162969 4191420
15149859 4142820 15150999 4143420
15156927 4247940 15158751 4248540
15155787 4289220 15157497 4289820
15152139 4251300 15154077 4251900
15158979 4137060 15160689 4137660
15165135 4385220 15188505 4385820
15153735 4239780 15155673 4240380
15197055 4261380 15198651 4261980
15161031 4138500 15162285 4139100
15175623 4210500 15177333 4211100
15151683 4294020 15153393 4294620
15164223 4208580 15166617 4209180
15167187 4206660 15169125 4207260
15196827 4294980 15198651 4295580
15153735 4267140 15155217 4267740
15156471 4241700 15157953 4242300
15196371 4162500 15198651 4163100
15148149 4307940 15150657 4308540
15167643 4192740 15169125 4193340
15168099 4235460 15169581 4236060
15149403 4295940 15150885 4296540
15146781 4243140 15147921 4243740
15165363 4299300 15166389 4299900
15168327 4221060 15170721 4221660
15182235 4266660 15184059 4267260
15173001 4301220 15174369 4301820
15156015 4240260 15157269 4240860
15156471 4288260 15157725 4288860
15182919 4313700 15184059 4314300
15168327 4264260 15169581 4264860
15171063 4210020 15172773 4210620
15160803 4217700 15162285 4218300
15173115 4273860 15174825 4274460
15161487 4236420 15162741 4237020
15151911 4275300 15153051 4275900
15171291 4295460 15172545 4296060
15163083 4143780 15164337 4144380
15151797 4231140 15153051 4231740
15158865 4199460 15159549 4200060
15166503 4144260 15167985 4144860
15157155 4305540 15158865 4306140
15153963 4296900 15155673 4297500
15161943 4198020 15163197 4198620
15168099 4148100 15169353 4148700
15185313 4197540 15196371 4198140
15161031 4178820 15162285 4179420
15159093 4309860 15160233 4310460
15195687 4263300 15198651 4263900
15182691 4178340 15184059 4178940
15158523 4234980 15159777 4235580
15195573 4215300 15198651 4215900
15158865 4239780 15160005 4240380
15173343 4276260 15174597 4276860
15153963 4188420 15155217 4189020
15163083 4313700 15164337 4314300
15163767 4186020 15165477 4186620
15191355 4248900 15196941 4249500
15169011 4282500 15170493 4283100
15174939 4279620 15176193 4280220
15152139 4249380 15153621 4249980
15163881 4289700 15165249 4290300
15146781 4277220 15149289 4277820
15182463 4296420 15184059 4297020
15169239 4145220 15169809 4145820
15161031 4182180 15162285 4182780
15164223 4199940 15166617 4200540
15165819 4226340 15167073 4226940
15165135 4349700 15166617 4350300
15167643 4293540 15169125 4294140
15181551 4161060 15184059 4161660
15169467 4267620 15171177 4268220
15166503 4228740 15167757 4229340
15165819 4182180 15167301 4182780
15160803 4293060 15162285 4293660
15169011 4230180 15170721 4230780
15181095 4221540 15184059 4222140
15161259 4272420 15162513 4273020
15153621 4160100 15156129 4160700
15177561 4209060 15179157 4209660
15163881 4196580 15165477 4197180
15192381 4267140 15197967 4267740
15168099 4231140 15170493 4231740
15182235 4231140 15184059 4231740
15177903 4206660 15179727 4207260
15160347 4208580 15161601 4209180
15157839 4308420 15159093 4309020
15155559 4227780 15157269 4228380
15164223 4322820 15166617 4323420
15166503 4326660 15181209 4327260
15176307 4220100 15178017 4220700
15161487 4270020 15163197 4270620
15170037 4156260 15171177 4156860
15195687 4239300 15198651 4239900
15181095 4317060 15195801 4317660
15173343 4202340 15174597 4202940
15155787 4148100 15158637 4148700
15183147 4286820 15184059 4287420
15171519 4203780 15173001 4204380
15169923 4151460 15171747 4152060
15162627 4250340 15163881 4250940
15172887 4188900 15174369 4189500
15176535 4277700 15178131 4278780
15164223 4198020 15166617 4198620
15175851 4295460 15177105 4296060
15146781 4382820 15176079 4383420
15168441 4199460 15170949 4200060
15158067 4266660 15159777 4267260
15148149 4340580 15177447 4341180
15164109 4152900 15165249 4153500
15156471 4160100 15158181 4160700
15156243 4282980 15157611 4283580
15163767 4183620 15165249 4184220
15153735 4158660 15155217 4159260
15161715 4199460 15162969 4200060
15175965 4394340 15183375 4394940
15149175 4222020 15150429 4222620
15161487 4307940 15162855 4308540
15163083 4263780 15164565 4264380
15154077 4192740 15155217 4193340
15178473 4288260 15193179 4288860
15197511 4209540 15198651 4210140
15181779 4168260 15189189 4168860
15185313 4138020 15192723 4138620
15171519 4152900 15173001 4153500
15192609 4155300 15196371 4155900
15148149 4169220 15149517 4169820
15151455 4154340 15152709 4154940
15150315 4268580 15152709 4269180
15195687 4205700 15198651 4206300
15148149 4269060 15149517 4269660
15173799 4272900 15188505 4273500
15156585 4158180 15157953 4158780
15167757 4234020 15169581 4234620
15163767 4270020 15165249 4270620
15161373 4235460 15162969 4236060
15161373 4314660 15162855 4315260
15164223 4201860 15166617 4202460
15161943 4297380 15163197 4297980
15168555 4170660 15171405 4171260
15173799 4164420 15175053 4165020
15174483 4162980 15181893 4163580
15160575 4282980 15162285 4283580
15155559 4262820 15159321 4263420
15168669 4236900 15174255 4237500
15155103 4207620 15156927 4208700
15171177 4138980 15178587 4139580
15174939 4183620 15176649 4184220
15166503 4373700 15195801 4374300
15166503 4299780 15168213 4300380
15192609 4144740 15198195 4145340
15172887 4214340 15175281 4214940
15148149 4330500 15149517 4331100
15161715 4245060 15164565 4245660
15163083 4174980 15164565 4175580
15167985 4216740 15169809 4217340
15156015 4280100 15157497 4280700
15174939 4190340 15176421 4190940
15182235 4258980 15184059 4259580
15166503 4143300 15167985 4143900
15170037 4246980 15177447 4247580
15181095 4206180 15182349 4206780
15173799 4216260 15175281 4216860
15173799 4288260 15175281 4288860
15165363 4181220 15166617 4181820
15182235 4169700 15184059 4170300
15182235 4278180 15184059 4278780
15171519 4288260 15172773 4288860
15170151 4186500 15171861 4187100
15163083 4324740 15165021 4325340
15179499 4184580 15186909 4185180
15158295 4155780 15159549 4156380
15171291 4225860 15172887 4226460
15171291 4217700 15172887 4218300
15169011 4305060 15170265 4305660
15157155 4138020 15160917 4138620
15168099 4211940 15169581 4212540
15162969 4181220 15164565 4181820
15160575 4240740 15162285 4241340
15146781 4368420 15176079 4369020
15175167 4148100 15176421 4148700
15153963 4237860 15155217 4238460
15158751 4157220 15159663 4157820
15172659 4206660 15174141 4207260
15166845 4147620 15167985 4148220
15178473 4155300 15184059 4155900
15159435 4210500 15161145 4211100
15155445 4336740 15170151 4337340
15164223 4137540 15166617 4138140
15182691 4352100 15184059 4352700
15171519 4201860 15173229 4202460
15151911 4210980 15154761 4211580
15166275 4232100 15167871 4232700
15173343 4198020 15175167 4198620
15172317 4250820 15173001 4251420
15172887 4197060 15174369 4197660
15170607 4256580 15178017 4257180
15166389 4281060 15166845 4281660
15182805 4310820 15184059 4311420
15161373 4389540 15176079 4390140
15161031 4251780 15162855 4252380
15179727 4144260 15187137 4144860
15179043 4339620 15182805 4340220
15157155 4281060 15158637 4281660
15177219 4222500 15178473 4223100
15182235 4171620 15184059 4172220
15155559 4269540 15157953 4270140
15175395 4215300 15178245 4215900
15175623 4297860 15190329 4298460
15192609 4145700 15198195 4146300
15163653 4184580 15165249 4185180
15161943 4299780 15163197 4300380
15190785 4157700 15198195 4158300
15159435 4224900 15161145 4225500
15182463 4237860 15184059 4238460
15169011 4306020 15183717 4306620
15153621 4224900 15155445 4225500
15180183 4191300 15194889 4191900
15157155 4192740 15158865 4193340
15172659 4287300 15173913 4287900
15151683 4332900 15154533 4333500
15182235 4211940 15184059 4212540
15182235 4335780 15184059 4336380
15164223 4198980 15165021 4199580
15173799 4158180 15174825 4158780
15154191 4200420 15155787 4201020
15171063 4193220 15173913 4193820
15173799 4157220 15175053 4157820
15156015 4149060 15157497 4149660
15178815 4200900 15179955 4201500
15165591 4268580 15167073 4269180
15169695 4277220 15170151 4277820
15164223 4169220 15165021 4169820
15161373 4275780 15162969 4276380
15161373 4341540 15176079 4342140
15185313 4162980 15192723 4163580
15156243 4139940 15156813 4140540
15151911 4238340 15153621 4238940
15159663 4236900 15160803 4237500
15161487 4162020 15163083 4162620
15173115 4278180 15173457 4278780
15169467 4138980 15170949 4139580
15173343 4268580 15180753 4269180
15157383 4233060 15158409 4233660
15176763 4191780 15177903 4192380
15152139 4329540 15153849 4330140
15161487 4149540 15162285 4150140
15176307 4231140 15177219 4231740
15197283 4303620 15198651 4304220
15174483 4204260 15175623 4204860
15159663 4269060 15160917 4269660
15160575 4216740 15162399 4217340
15173571 4167780 15174369 4168380
15154647 4191300 15155901 4191900
15148149 4332900 15150999 4333500
15159435 4201860 15162285 4202460
15195459 4187460 15198309 4188060
15155901 4270500 15157497 4271100
15195459 4176900 15198309 4177500
15168327 4180740 15169353 4181340
15173115 4233060 15175965 4233660
15170493 4183140 15171633 4183740
15148149 4312740 15149973 4313340
15165591 4224420 15167985 4225020
15171519 4195620 15174369 4196220
15149859 4205220 15152709 4205820
15168441 4164420 15169125 4165020
15192609 4223460 15196371 4224060
15161943 4252740 15164793 4253340
15192609 4161060 15196371 4161660
15180867 4201380 15183717 4201980
15161373 4365540 15176079 4366140
15178473 4195620 15180069 4196220
15161715 4257540 15162969 4258140
15175167 4282020 15176877 4282620
15151797 4162020 15152709 4162620
15179727 4220580 15183489 4221180
15146781 4200420 15149631 4201020
15195687 4192260 15198537 4192860
15160347 4156260 15161601 4156860
15175965 4135140 15183375 4135740
15152139 4215780 15153621 4216380
15148149 4354500 15162855 4355100
15160917 4255620 15162513 4256220
15183375 4280100 15184059 4280700
15171063 4224900 15173913 4225500
15156699 4246980 15157269 4247580
15166503 4289220 15167529 4289820
15166047 4296420 15167529 4297020
15149973 4198500 15151569 4199100
15176307 4211940 15180069 4212540
15161487 4330500 15165249 4331100
15159435 4249380 15160689 4249980
15167871 4258500 15168669 4259100
15171063 4294500 15172317 4295100
15167415 4141860 15171177 4142460
15178587 4196580 15181437 4197180
15182463 4277220 15184059 4277820
15153279 4263300 15154419 4263900
15183261 4212900 15184059 4213500
15163539 4139460 15165249 4140060
15146781 4239300 15147693 4239900
15150771 4232580 15151911 4233180
15170151 4284900 15173001 4285500
15185313 4282980 15192723 4283580
15185313 4220580 15192723 4221180
15157383 4324740 15158523 4325340
15165819 4171620 15180525 4172220
15171519 4162500 15173457 4163100
15176307 4301220 15183717 4301820
15157839 4317060 15159093 4317660
15154533 4276740 15157383 4277340
15183033 4265700 15184059 4266300
15192609 4179300 15196371 4179900
15170607 4238820 15178017 4239420
15167871 4284420 15169125 4285020
15166959 4154340 15168099 4154940
15176193 4293060 15183603 4293660
15156015 4282020 15158865 4282620
15165591 4239780 15167073 4240380
15196827 4217220 15198651 4217820
15173571 4269540 15180981 4270140
15172773 4183620 15173913 4184220
15155901 4147140 15157497 4147740
15172887 4232100 15173913 4232700
15178359 4210020 15181209 4210620
15169695 4286340 15171291 4287420
15157839 4206180 15159093 4206780
15170493 4270020 15171633 4270620
15164223 4299780 15165249 4300380
15157155 4352100 15164565 4352700
15160347 4294020 15160917 4294620
15197625 4194180 15198651 4194780
15185313 4253220 15192723 4253820
15182463 4325220 15184059 4325820
15172545 4156260 15174141 4156860
15175965 4375140 15183375 4375740
15185313 4301220 15192723 4301820
15167985 4214820 15169125 4215420
15161715 4264740 15164565 4265340
15182463 4234980 15184059 4235580
15197055 4242180 15198651 4242780
15157041 4291620 15158637 4292220
15156357 4274340 15157953 4274940
15177333 4356900 15181095 4357500
15159207 4225860 15160005 4226460
15178245 4202340 15181095 4202940
15167871 4198500 15169011 4199100
15151797 4322340 15154647 4322940
15164223 4331460 15165249 4332060
15170949 4219140 15171633 4219740
15174255 4203300 15175395 4203900
15196827 4253700 15198651 4254300
15180525 4186020 15183375 4186620
15178815 4198500 15179955 4199100
15171975 4275780 15173001 4276380
15175965 4162020 15183375 4162620
15157155 4235940 15160005 4236540
15177333 4349220 15181095 4349820
15178473 4205220 15181323 4205820
15161829 4142340 15164679 4142940
15168327 4241220 15169239 4241820
15156699 4191300 15157497 4191900
15160803 4326180 15162057 4326780
15171747 4144260 15172545 4144860
15183261 4354020 15184059 4354620
15158865 4289220 15159549 4289820
15160005 4271460 15160689 4272060
15171519 4190820 15172773 4191420
15153963 4210020 15154875 4210620
15149859 4186020 15151455 4186620
15185313 4201380 15192723 4201980
15162171 4318020 15163197 4318620
15158067 4183140 15159321 4183740
15161943 4230660 15162855 4231260
15153507 4255140 15155445 4255740
15176307 4280580 15177561 4281180
15173229 4298820 15180639 4299420
15166959 4179300 15167529 4179900
15151797 4296420 15152709 4297020
15162627 4254660 15164565 4255260
15180297 4264260 15195003 4264860
15158295 4197540 15159435 4198140
15177333 4167780 15178245 4168380
15163197 4162020 15164337 4162620
15192609 4280100 15196371 4280700
15161373 4361700 15168783 4362300
15152823 4266180 15153621 4266780
15196827 4208580 15198651 4209180
15148149 4167300 15149061 4167900
15155787 4301220 15159549 4301820
15196827 4294020 15198651 4294620
15183147 4257060 15184059 4257660
15183261 4346340 15184059 4346940
15148491 4291140 15149289 4291740
15160803 4186980 15161601 4187580
15197055 4300740 15198651 4301340
15151911 4185540 15152937 4186140
15166731 4274340 15167529 4274940
15171747 4166820 15172887 4167420
15159891 4203780 15162057 4204860
15153507 4242180 15154647 4242780
15154419 4182660 15155331 4183260
15157155 4154340 15160005 4154940
15148833 4141860 15149973 4142460
15149973 4161060 15150429 4161660
15152139 4204260 15152937 4204860
15178245 4283940 15182007 4284540
15161943 4156740 15162741 4157340
15169011 4275780 15169809 4276380
15177333 4342500 15181095 4343100
15197055 4200900 15198651 4201500
15159207 4258500 15160233 4259100
15197055 4269060 15198651 4269660
15158409 4329540 15159549 4330140
15183261 4341540 15184059 4342140
15166503 4222020 15167415 4222620
15173685 4162020 15174597 4162620
15161487 4220100 15162285 4220700
15146781 4326180 15149631 4326780
15157953 4142340 15159549 4143420
15150087 4292100 15151227 4292700
15159435 4223940 15160233 4224540
15197739 4199940 15198651 4200540
15166959 4281060 15167985 4281660
15161943 4286340 15162741 4286940
15166275 4177380 15167073 4177980
15181095 4267620 15183945 4268220
15163539 4230180 15164565 4230780
15166503 4298820 15167529 4299420
15168897 4212900 15169809 4213500
15163995 4293060 15164337 4293660
15153279 4253700 15154419 4254300
15170151 4294020 15170949 4294620
15149859 4245060 15152709 4245660
15176307 4186020 15176991 4186620
15166503 4197060 15167301 4197660
15154191 4184580 15154761 4185180
15168555 4218180 15169011 4218780
15171519 4229700 15172203 4230300
15176307 4195620 15177333 4196220
15171519 4159140 15172773 4159740
15164223 4240740 15165249 4241340
15158523 4304580 15158979 4305180
15176991 4155300 15177561 4155900
15164451 4192260 15165021 4192860
15182463 4141860 15184059 4142460
15161487 4223940 15162285 4224540
15173799 4170660 15175737 4171260
15164223 4167780 15167073 4168380
15155787 4136100 15156813 4136700
15158751 4151940 15159777 4152540
15146781 4358820 15154191 4359420
15160803 4154340 15161601 4154940
15159207 4244100 15160005 4244700
15159435 4306500 15160233 4307100
15157383 4237380 15158409 4237980
15166503 4222980 15167301 4223580
15180753 4225380 15183603 4225980
15172431 4168260 15173457 4168860
15185313 4238820 15192723 4239420
15157839 4193700 15159777 4194300
15183261 4307940 15184059 4308540
15166503 4216260 15167529 4216860
15168099 4269540 15169125 4270140
15156585 4187460 15157953 4188060
15182691 4355940 15183717 4356540
15170151 4300260 15172089 4300860
15158409 4141380 15160347 4141980
15155331 4320900 15156357 4321500
15158523 4257540 15159549 4258140
15164451 4203780 15165249 4204380
15169923 4144740 15170379 4145340
15151113 4159620 15151341 4160220
15162741 4350660 15164679 4351260
15164451 4271460 15165591 4272060
15180753 4200420 15182691 4201020
15153051 4140900 15154191 4141500
15168897 4295940 15169581 4297020
15152139 4208580 15152481 4209180
15164223 4305060 15165249 4305660
15169695 4143780 15170265 4144380
15160347 4325220 15161145 4325820
15158979 4194660 15159777 4195260
15166503 4211460 15167529 4212060
15166275 4158180 15167073 4158780
15167871 4156260 15168669 4156860
15195801 4143300 15198651 4143900
15152367 4180740 15153279 4181340
15174939 4237380 15175737 4237980
15178815 4215780 15179613 4216380
15183261 4146660 15184059 4147260
15161715 4269060 15162741 4269660
15154191 4189380 15156129 4189980
15196941 4250820 15198651 4251420
15148149 4236420 15149061 4237020
15168327 4291620 15169239 4292220
15197625 4219140 15198651 4219740
15161943 4189380 15162855 4189980
15154647 4143300 15155445 4143900
15158751 4277220 15159777 4277820
15171291 4232100 15172317 4232700
15167871 4151940 15168669 4152540
15159435 4292100 15161373 4292700
15164793 4143780 15165249 4144380
15183261 4350180 15184059 4350780
15171063 4279620 15171861 4280220
15156927 4329540 15157725 4330140
15156699 4182660 15157725 4183260
15154647 4141380 15156585 4141980
15197055 4241220 15198651 4241820
15162741 4345860 15164679 4346460
15166503 4262340 15167301 4262940
15151911 4289700 15152937 4290300
15151911 4219140 15152709 4219740
15183147 4327140 15184059 4327740
15171177 4194180 15172203 4194780
15178131 4284900 15179157 4285500
15171291 4272420 15173229 4273020
15167871 4247460 15168669 4248060
15183147 4334820 15184059 4335420
15161487 4276740 15162285 4277340
15170379 4297380 15172317 4297980
15197853 4163460 15198651 4164060
15149859 4271460 15150657 4272060
15178131 4189860 15178929 4190460
15164223 4280100 15166161 4280700
15170379 4229220 15171405 4229820
15169125 4242180 15170721 4243260
15152595 4139940 15153735 4140540
15159435 4172100 15160461 4172700
15161373 4181220 15161601 4181820
15166959 4278660 15167529 4279260
15152139 4328100 15153165 4328700
15171747 4179300 15172203 4179900
15157839 4310340 15158637 4310940
15171063 4282500 15173001 4283100
15168555 4144260 15169125 4144860
15156471 4205700 15157497 4206300
15151227 4147620 15152367 4148220
15154191 4334820 15155217 4335420
15161943 4291140 15162969 4291740
15171747 4269540 15172887 4270140
15160347 4189380 15161145 4189980
15170835 4150020 15171861 4150620
15160575 4258500 15161031 4259100
15175167 4232100 15176193 4232700
15150087 4277700 15152253 4278780
15152139 4225860 15153165 4226460
15165363 4264740 15166845 4265340
15156129 4163940 15157269 4164540
15161829 4290180 15162855 4290780
15175623 4216260 15177561 4216860
15161487 4188420 15162285 4189020
15152139 4263300 15153165 4263900
15166503 4191300 15167301 4191900
15152823 4208100 15154761 4208700
15180411 4252260 15182349 4252860
15173343 4161060 15174369 4161660
15158409 4209060 15159321 4209660
15172431 4204740 15173913 4205340
15164223 4138500 15165249 4139100
15167643 4227300 15168099 4227900
15157155 4294980 15157953 4295580
15181323 4333860 15183261 4334460
15158295 4173060 15159321 4173660
15163539 4205700 15164109 4206300
15146781 4216740 15147807 4217340
15148149 4280580 15149175 4281180
15182805 4202820 15183489 4203420
15161715 4266180 15162741 4266780
15162399 4241220 15163995 4242300
15164907 4227300 15165933 4227900
15150087 4152900 15150543 4153500
15161373 4359300 15165135 4359900
15169923 4214820 15171861 4215420
15164679 4216740 15165819 4217340
15164109 4317540 15165021 4318140
15173115 4203300 15174141 4203900
15166503 4250820 15167301 4251420
15171291 4266180 15172317 4266780
15165135 4230180 15167073 4230780
15169011 4178340 15170949 4178940
15158067 4311300 15160005 4311900
15173799 4159620 15174825 4160220
15164223 4178820 15165249 4179420
15154875 4171140 15155331 4171740
15158409 4196100 15159549 4196700
15166503 4210500 15167529 4211100
15153621 4280100 15154305 4280700
15166503 4135620 15167301 4136220
15152139 4239780 15153165 4240380
15157611 4312260 15158637 4312860
15166275 4233060 15166731 4233660
15156927 4279140 15157269 4279740
15168327 4153860 15169125 4154460
15170379 4281060 15170607 4281660
15173343 4219140 15174369 4219740
15158979 4252260 15160005 4252860
15164223 4282980 15165249 4283580
15158979 4264260 15159777 4264860
15168099 4150980 15169125 4151580
15158181 4238340 15159093 4238940
15167187 4158660 15168555 4159740
15172431 4194180 15173571 4194780
15172659 4267620 15173913 4268220
15155103 4198980 15157041 4200060
15154419 4310340 15154761 4310940
15151113 4160580 15151341 4161180
15151911 4281540 15152481 4282140
15164451 4159620 15165249 4160220
15171747 4302660 15173913 4303740
15163311 4301700 15164337 4302300
15165591 4221540 15166389 4222140
15156699 4304580 15157725 4305180
15153279 4246500 15154305 4247100
15154419 4319940 15155901 4320540
15176991 4282980 15177789 4283580
15161943 4285380 15162969 4285980
15172431 4296420 15174369 4297020
15169125 4208580 15170721 4209660
15152139 4270500 15153165 4271100
15149631 4276740 15151113 4277340
15150087 4220100 15152253 4221180
15165705 4214820 15166389 4215420
15174711 4211940 15175509 4212540
15153621 4294020 15154761 4294620
15156699 4189380 15157269 4189980
15167415 4285380 15168441 4285980
15166503 4214340 15167529 4214940
15155103 4217220 15157269 4218300
15154191 4176900 15156129 4177500
15174255 4290660 15175509 4291260
15166503 4259940 15167985 4260540
15174255 4274820 15175281 4275420
15146781 4162020 15148263 4162620
15166959 4207620 15167529 4208220
15162171 4258500 15164337 4259580
15164451 4313220 15165249 4313820
15155217 4185540 15156813 4186620
15166503 4145220 15167529 4145820
15164223 4253700 15165249 4254300
15154647 4225860 15155673 4226460
15169923 4154340 15171861 4154940
15168099 4228740 15169125 4229340
15162969 4156260 15163311 4156860
15159321 4187460 15160005 4188540
15172203 4158180 15172773 4158780
15150999 4172100 15152253 4172700
15160347 4328580 15161829 4329180
15154647 4136100 15155673 4136700
15154647 4148580 15155673 4149180
15176307 4221060 15177789 4221660
15155787 4138980 15157269 4139580
15166959 4241700 15167985 4242300
15158637 4182180 15159321 4182780
15168783 4226340 15170265 4226940
15163083 4246980 15164109 4247580
15160917 4214340 15162057 4214940
15158979 4213380 15159663 4214460
15155103 4216260 15156129 4216860
15155559 4236900 15156585 4237500
15162171 4145700 15163311 4146300
15155217 4318020 15155445 4318620
15162285 4183620 15162741 4184220
15178587 4230660 15179385 4231260
15159435 4294020 15159777 4294620
15173799 4231140 15175281 4231740
15150999 4271940 15151797 4272540
15155787 4329060 15156129 4329660
15159321 4273860 15160005 4274940
15171177 4283460 15171861 4284540
15159891 4301700 15162057 4302780
15174141 4193220 15175737 4194300
15176535 4232580 15178701 4233660
15153963 4301220 15154989 4301820
15178815 4219620 15180069 4220220
15182919 4285860 15183945 4286460
15181095 4192740 15182121 4193340
15160803 4168740 15161373 4169340
15149061 4282020 15149745 4282620
15197055 4152900 15198651 4153500
15171747 4289220 15173913 4290300
15157839 4212420 15158865 4213020
15166959 4149060 15169125 4150140
15162171 4227780 15164337 4228860
15179499 4229700 15179841 4230300
15164679 4298340 15165705 4298940
15165477 4210020 15165933 4210620
15175623 4292100 15176421 4292700
15158295 4189860 15159549 4190460
15170607 4213860 15171633 4214460
15168099 4251780 15169125 4252380
15171975 4211460 15173571 4212540
15160575 4277220 15161373 4277820
15159093 4287300 15159549 4287900
15172203 4160100 15173457 4160700
15152139 4324260 15153621 4324860
15163083 4204260 15164223 4204860
15146781 4160580 15148263 4161180
15166503 4285380 15166845 4285980
15151797 4189860 15152481 4190460
15173799 4147140 15174597 4147740
15179271 4287300 15179841 4287900
15174711 4285380 15175281 4285980
15155787 4317540 15157041 4318140
15157497 4180740 15159093 4181820
15181095 4203780 15182121 4204380
15170607 4145220 15171063 4145820
15161943 4209060 15162741 4209660
15167187 4307460 15168783 4308540
15181323 4198020 15183489 4199100
15176079 4203780 15176763 4204860
15163311 4311300 15165249 4311900
15159663 4197060 15161259 4198140
15182691 4210020 15183489 4210620
15164223 4276740 15165021 4277340
15179727 4223940 15180525 4224540
15163767 4267620 15164565 4268220
15171519 4235940 15172545 4236540
15165135 4274340 15165705 4274940
15171519 4197540 15172317 4198140
15153735 4252740 15154761 4253340
15158067 4292580 15158409 4293180
15155445 4212900 15155673 4213500
15158295 4280100 15159549 4280700
15149859 4210980 15151113 4211580
15170379 4280100 15170607 4280700
15181323 4208580 15183489 4209660
15168897 4195140 15169581 4196220
15150087 4209540 15152253 4210620
15161943 4224900 15162513 4225500
15154875 4156740 15156471 4157820
15159207 4326180 15160233 4326780
15153393 4144740 15154077 4145340
15156015 4290180 15156243 4290780
15150771 4308420 15151797 4309020
15159435 4330500 15159777 4331100
15160119 4282020 15160461 4282620
15159093 4318020 15159777 4319100
15166503 4255620 15166959 4256220
15177675 4290180 15178245 4290780
15146781 4356900 15148263 4357500
15178587 4191300 15179841 4191900
15158523 4143780 15159321 4144380
15157953 4296900 15159549 4297980
15171291 4268580 15172773 4269180
15164451 4257060 15165477 4257660
15169011 4190820 15169809 4191420
15166503 4192260 15167301 4192860
15157155 4190340 15157953 4190940
15157269 4261380 15158865 4262460
15155901 4291620 15156129 4292220
15168897 4191780 15173229 4192380
15164223 4135620 15165021 4136220
15170607 4148100 15171633 4148700
15152367 4276260 15153165 4276860
15159891 4139460 15161487 4140540
15178587 4169220 15179385 4169820
15164223 4141380 15165021 4141980
15159549 4238340 15161145 4239420
15176307 4287300 15176877 4288380
15166503 4272900 15166959 4273500
15154533 4229700 15155217 4230780
15158295 4328580 15159549 4329180
15157155 4150020 15159093 4150620
15154191 4250820 15155787 4251900
15150543 4165860 15151341 4166460
15153963 4147620 15154761 4148220
15174939 4294500 15175965 4295100
15149631 4275780 15149973 4276380
15175737 4167780 15175965 4168380
15180411 4213380 15180981 4213980
15182235 4193700 15183033 4194300
15153735 4180260 15154761 4180860
15154533 4270500 15154989 4271100
15158523 4217220 15159549 4217820
15171747 4262340 15173115 4262940
15148947 4196100 15149973 4196700
15171519 4260900 15172317 4261500
15175623 4283460 15176421 4284060
15178815 4285860 15179385 4286460
15155217 4324740 15156813 4325820
15160347 4317060 15161145 4317660
15167871 4282020 15168897 4282620
15164451 4213860 15165249 4214460
15152595 4135140 15153621 4135740
15174027 4180260 15174825 4180860
15159435 4147140 15160005 4148220
15156243 4135140 15157269 4135740
15176307 4236420 15177105 4237020
15163767 4218660 15164337 4219260
15152139 4186500 15152481 4187100
15152367 4260420 15153165 4261020
15170835 4271460 15171633 4272060
15152595 4178820 15154761 4179900
15161487 4281060 15162285 4281660
15164223 4177860 15165249 4178460
15176991 4286820 15177789 4287420
15157155 4216260 15158409 4216860
15164223 4246500 15166503 4247100
15152139 4170180 15153621 4170780
15150087 4155780 15151683 4156860
15153507 4155300 15154305 4155900
15150087 4150020 15152253 4151100
15151455 4254180 15152481 4254780
15157155 4207140 15157725 4207740
15176307 4296420 15177105 4297020
15159435 4307460 15160119 4308540
15162057 4179780 15163653 4180860
15158295 4242660 15159321 4243260
15172431 4209060 15173457 4209660
15157383 4139460 15159549 4140540
15181095 4207140 15183033 4207740
15466665 4385700 15467349 4386300
15157155 4249380 15158409 4249980
15174939 4180740 15175509 4181340
15152367 4176420 15152937 4177020
15164223 4273860 15165021 4274460
15153507 4174980 15155673 4175580
15146781 4205220 15149289 4205820
15172203 4202820 15172887 4203420
15154191 4171140 15154761 4171740
15466095 4143300 15468375 4143900
15171519 4208100 15172317 4208700
15167985 4271940 15168441 4272540
15163311 4234980 15164337 4235580
15183945 4395300 15192723 4396860
15153507 4281060 15154305 4281660
15164565 4354500 15166617 4355100
15161487 4312260 15163083 4313340
15165021 4371780 15166617 4373340
15157155 4214340 15157725 4214940
15183945 4158180 15185427 4158780
15164679 4157220 15165705 4157820
15164223 4187940 15165249 4188540
15155559 4180740 15156813 4181340
15174027 4185060 15175281 4185660
15197967 4282500 15198651 4283100
15168327 4232100 15169353 4232700
15168327 4249380 15169125 4249980
15183489 4160100 15184059 4160700
15161031 4246500 15161829 4247100
15178815 4227780 15179613 4228380
15169011 4280100 15169581 4280700
15159435 4149060 15160233 4149660
15153279 4306500 15154305 4307100
15173799 4280580 15174369 4281660
15162627 4318980 15164223 4320060
15181551 4219140 15183147 4220220
15172203 4199940 15174597 4200540
15153051 4273860 15154647 4274940
15146781 4158180 15148263 4158780
15168669 4197060 15169239 4198140
15168099 4243620 15168897 4244220
15162969 4208580 15163311 4209180
15176763 4291140 15178359 4292220
15161829 4282020 15164337 4282620
15156243 4299780 15157269 4300380
15154647 4280580 15155217 4281180
15163767 4203300 15164337 4203900
15162741 4166340 15164337 4167420
15172431 4281540 15173001 4282140
15165819 4150500 15167073 4151100
15171177 4163940 15173685 4164540
15159435 4270500 15160233 4271100
15161487 4170660 15162057 4171260
15164565 4348740 15166617 4349340
15154191 4227300 15155217 4227900
15159093 4316100 15159777 4316700
15152367 4158660 15152937 4159260
15157383 4277700 15158409 4278300
15171747 4264260 15173115 4264860
15174825 4277700 15176421 4278780
15150429 4269540 15152709 4270140
15170151 4269060 15170721 4269660
15168441 4146660 15168669 4147260
15165591 4138980 15167985 4139580
15467805 4385700 15468375 4386300
15169011 4239780 15169809 4240380
15181779 4217220 15182349 4217820
15154647 4323300 15155445 4323900
15160461 4287300 15162057 4288380
15156813 4209060 15157497 4209660
15154875 4306980 15155445 4307580
15153507 4205220 15154077 4205820
15161373 4357860 15183375 4358460
15152595 4198020 15153165 4198620
15150543 4213860 15150885 4214460
15183375 4243620 15185427 4244220
15198081 4151460 15198651 4152060
15176991 4165380 15177561 4165980
15198081 4297380 15198651 4298940
15198081 4236900 15198651 4238460
15461193 4193220 15461421 4193820
15162399 4325700 15163425 4326300
15176307 4234980 15177105 4235580
15164223 4249860 15166617 4250460
15150885 4208580 15151341 4209180
15173229 4283460 15173457 4284060
15146781 4255620 15151113 4256220
15183375 4189380 15183945 4189980
15198081 4146660 15198651 4148220
15164223 4277700 15164793 4278300
15183945 4376100 15192723 4377660
15466893 4338660 15467577 4339260
15161031 4319460 15162057 4320060
15149403 4179300 15149973 4179900
15183375 4241700 15184059 4242300
15146781 4266180 15148263 4266780
15183945 4275300 15192723 4276860
15161715 4165380 15162171 4165980
15155673 4233540 15157269 4234620
15162627 4216260 15164223 4217340
15146781 4246020 15148263 4246620
15161031 4173060 15161601 4173660
15146781 4314180 15148263 4314780
15468147 4392420 15468375 4393020
15166047 4294500 15166503 4295100
15151455 4329060 15152025 4329660
15466095 4266180 15468375 4266780
15148149 4178340 15150657 4178940
15176991 4183620 15177561 4184220
15241971 4319460 15256677 4349820
15167643 4173060 15182349 4173660
15165135 4318980 15166617 4320540
15172431 4161540 15173001 4162140
15468147 4325220 15468375 4325820
15154191 4241220 15154761 4241820
15174711 4150980 15175281 4151580
15241971 4288740 15256677 4319100
15153735 4305540 15154761 4306140
15164223 4248900 15164793 4249500
15175851 4151460 15176421 4152060
15170379 4240740 15170949 4241340
15464043 4143300 15464841 4143900
15183945 4246500 15192723 4248060
15152595 4301700 15153621 4302300
15154647 4285380 15155217 4285980
15165021 4267140 15166617 4267740
15159663 4256100 15160233 4256700
15162171 4317060 15162741 4317660
15164223 4327140 15165021 4327740
15174825 4284420 15175509 4285020
15154647 4177860 15155217 4178460
15165021 4392900 15166617 4393500
15196257 4245540 15198651 4247100
15463473 4325220 15466323 4325820
15158523 4323300 15159093 4323900
15461763 4192740 15462561 4193340
15152139 4188900 15152937 4189500
15154647 4327140 15155445 4327740
15163767 4151940 15164337 4152540
15164565 4346820 15166617 4347420
15169011 4268580 15170037 4269180
15170835 4259940 15172203 4260540
15458799 4143300 15459597 4143900
15153051 4185540 15154647 4186620
15161373 4337700 15183375 4338300
15161373 4387140 15165135 4387740
15198081 4290660 15198651 4292220
15164565 4342980 15166617 4343580
15154647 4281540 15155217 4282140
15146781 4338180 15148263 4338780
15173685 4201380 15174141 4201980
15194547 4216260 15198309 4216860
15152595 4159620 15153165 4160220
15167985 4215780 15168669 4216380
15164565 4339140 15166617 4339740
15158067 4288260 15160005 4288860
15164223 4156260 15166731 4156860
15172431 4276740 15173001 4277340
15164565 4344900 15166617 4345500
15152595 4253700 15153165 4254300
15179499 4324260 15183261 4324860
15151569 4146660 15152595 4147260
15432009 4338660 15463587 4339260
15153051 4269540 15154989 4270140
15168669 4238340 15169239 4239420
15195687 4252740 15197625 4253340
15175395 4276740 15175965 4277340
15466893 4392420 15467577 4393020
15166959 4286340 15169125 4287420
15183945 4198500 15192723 4200060
15163311 4271460 15163881 4272060
15463815 4193220 15466209 4193820
15161601 4137540 15162285 4138140
15165021 4390980 15166617 4392540
15183375 4255140 15184059 4255740
15156471 4319940 15157497 4320540
15165363 4139940 15166161 4140540
15183603 4281060 15184059 4281660
15166503 4247460 15166959 4248060
15241971 4380900 15256677 4395900
15156471 4328580 15157041 4329180
15196257 4274340 15198651 4275900
15198195 4254660 15198651 4255260
15458799 4266180 15459597 4266780
15165819 4283940 15166389 4284540
15162969 4292580 15163197 4293180
15146781 4299300 15148263 4299900
15463473 4385700 15466323 4386300
15164223 4251780 15166617 4252380
15148149 4223940 15150201 4224540
15183375 4235940 15184059 4236540
15152823 4173540 15153621 4174140
15447513 4192740 15456291 4193340
15183375 4242660 15184059 4243260
15192609 4180260 15198195 4180860
15175965 4367460 15183375 4368060
15149973 4199940 15151569 4201020
15166503 4152900 15167187 4153500
15164907 4347780 15166617 4348380
15152823 4172100 15154419 4173180
15162627 4306020 15163197 4306620
15192837 4281540 15198423 4282140
15196143 4305540 15198651 4306140
15196257 4276260 15198651 4276860
15165135 4218180 15166617 4218780
15196371 4204740 15198651 4205340
15174825 4194660 15177105 4195260
15198195 4295940 15198651 4296540
15169011 4213860 15169581 4214460
15197967 4301700 15198651 4302300
15183603 4279140 15184059 4279740
15196257 4150020 15198651 4150620
15173571 4210500 15174255 4211100
15166275 4151460 15167529 4152060
15168441 4318500 15183147 4319100
15165021 4388100 15166617 4388700
15183375 4232100 15184059 4232700
15198081 4284900 15198651 4286460
15166503 4219140 15167073 4219740
15154647 4144260 15155103 4144860
15183831 4326180 15185427 4326780
15183603 4284900 15184059 4285500
15165363 4141860 15166389 4142460
15183831 4166820 15185427 4167420
15461193 4192260 15461421 4192860
15169467 4192740 15170151 4193340
15162627 4214340 15162855 4214940
15176307 4222980 15176535 4223580
15169011 4142820 15169353 4143420
15159891 4183620 15160917 4184220
15198423 4268100 15198651 4268700
15164109 4233540 15164565 4234140
15241971 4258020 15256677 4288380
15174483 4198980 15175053 4199580
15165135 4323780 15166617 4324380
15149061 4158180 15149517 4158780
15161259 4258500 15161715 4259100
15175965 4396260 15183375 4396860
15163539 4297860 15163881 4298460
15165021 4364100 15166617 4364700
15178245 4287300 15178929 4287900
15334881 4192740 15432123 4193340
15241971 4396260 15271269 4396860
15296691 4396260 15298515 4396860
15169011 4271940 15169809 4272540
15183831 4174500 15184059 4175100
15160347 4233540 15161373 4234140
15188277 4296900 15195687 4297500
15173115 4226340 15175053 4226940
15183603 4205220 15185427 4205820
15466209 4331940 15467007 4332540
15176307 4285380 15176877 4285980
15175965 4395300 15183375 4395900
15164907 4351620 15166617 4352220
15171177 4275780 15171633 4276380
15148149 4140900 15148947 4141500
15173685 4300260 15181095 4300860
15467463 4331940 15468261 4332540
15165135 4302660 15166617 4303260
15159435 4216260 15160005 4216860
15157839 4204260 15158067 4204860
15459825 4192740 15460851 4193340
15166275 4275300 15167529 4275900
15182007 4188420 15196713 4189020
15160119 4143300 15160689 4143900
15160575 4309860 15161145 4310460
15146781 4369860 15161487 4371900
15241971 4227300 15256677 4257660
15162171 4140420 15165021 4141020
15178587 4193220 15179157 4193820
15156357 4238340 15156813 4238940
15174711 4302660 15182121 4303260
15156243 4292100 15156813 4292700
15175965 4377060 15183375 4377660
15166503 4160580 15167073 4161180
15148149 4348740 15162855 4349340
15241971 4196580 15256677 4226940
15167985 4239780 15168213 4240380
15155559 4318980 15156129 4319580
15432009 4392420 15463587 4393020
15183603 4339620 15185427 4340220
15468147 4338660 15468375 4339260
15146781 4393860 15161487 4395900
15154875 4315620 15155445 4316220
15159321 4241220 15159777 4241820
15183603 4196580 15185427 4197180
15149631 4204260 15150201 4204860
15173799 4166820 15181209 4167420
15161715 4152420 15162741 4153020
15163653 4198980 15163881 4199580
15155331 4284420 15155673 4285020
15183489 4179300 15184059 4179900
15176307 4228260 15178245 4228860
15464043 4266180 15464841 4266780
15159435 4262340 15160005 4262940
15192609 4257060 15198195 4257660
15175395 4303620 15182805 4304220
15183603 4344420 15185427 4345020
15196371 4207620 15198651 4208220
15175965 4391460 15183375 4392060
15155673 4246500 15156357 4247100
15149631 4163940 15150201 4164540
15161373 4321860 15162057 4322460
15197967 4220100 15198651 4220700
15152139 4297380 15152481 4297980
15183603 4308900 15184059 4309500
15149631 4184100 15150201 4184700
15149859 4281540 15151797 4282140
15146781 4390980 15161487 4392060
15158295 4198500 15159549 4199100
15165135 4235460 15166617 4236060
15169011 4140420 15183717 4141500
15440445 4266180 15455151 4266780
15162171 4323780 15162741 4324380
15198309 4270980 15198651 4271580
15183603 4236900 15184059 4237500
15153507 4286340 15153735 4286940
15161373 4366980 15165135 4367580
15146781 4372740 15161487 4373340
15181323 4246500 15183261 4247100
15166959 4172580 15167301 4173180
15175965 4381860 15183375 4382460
15154419 4329540 15155445 4330140
15241971 4165860 15256677 4196220
15153051 4141860 15154077 4142460
15172659 4259460 15180069 4260060
15169467 4293540 15169809 4294140
15159435 4158660 15160005 4159260
15175965 4376100 15183375 4376700
15146781 4384260 15161487 4386300
15161031 4213380 15161601 4213980
15227493 4150500 15242085 4165500
15227493 4204260 15227721 4204860
15241971 4350180 15256677 4380540
15152139 4298340 15152709 4298940
15192609 4156260 15198195 4156860
15170151 4194660 15170721 4195260
15165819 4140900 15166845 4141500
15198081 4292580 15198651 4293180
15198195 4251780 15198651 4252380
15148491 4222980 15152253 4223580
15198423 4189380 15198651 4189980
15157155 4259460 15157497 4260060
15146781 4379460 15161487 4381500
15150315 4189380 15151341 4189980
15154875 4181700 15155445 4182300
15198423 4179780 15198651 4180380
15166503 4279620 15166845 4280220
15158523 4243620 15159093 4244220
15181323 4282980 15183261 4283580
15146781 4285860 15147807 4286460
15169581 4215780 15169923 4216380
15240147 4204260 15240717 4204860
15175965 4390500 15183375 4391100
15196713 4142340 15198651 4142940
15150087 4158660 15150657 4159260
15175965 4366500 15183375 4367100
15167187 4225380 15167529 4225980
15157383 4295940 15158067 4296540
15146781 4139940 15147807 4140540
15164223 4205220 15164565 4205820
15154533 4320900 15154761 4321500
15183831 4274340 15185427 4274940
15164907 4343940 15166617 4344540
15161943 4221060 15162969 4221660
15198423 4203780 15198651 4204380
15228291 4204260 15239349 4204860
15463815 4192260 15466209 4192860
15146781 4176420 15150543 4177020
15160119 4290180 15160461 4290780
15198309 4145220 15198651 4145820
15148149 4190340 15150201 4190940
15198195 4140420 15198651 4141020
15169011 4300260 15169581 4300860
15154647 4168260 15158409 4168860
15164907 4301700 15166617 4302300
15178587 4207620 15179385 4208220
15148149 4258500 15151911 4259100
15183489 4223460 15184059 4224060
15161373 4377540 15165135 4378140
15157041 4260420 15157497 4261020
15175965 4372260 15183375 4372860
15175965 4163940 15183375 4164540
15152139 4191300 15152709 4191900
15187251 4266180 15198309 4266780
15165135 4161540 15166617 4162140
15161031 4199940 15161373 4200540
15161031 4228740 15162057 4229340
15154419 4302660 15154989 4303260
15159435 4314660 15160005 4315260
15160575 4155300 15161601 4155900
15167187 4283940 15167529 4284540
15148149 4155780 15149175 4156380
15148149 4283940 15149175 4284540
15161373 4376580 15165135 4377180
15157155 4316580 15157725 4317180
15165135 4283940 15165591 4284540
