G1:
15319149 4350180 15336135 4381020
15319149 4288740 15336135 4319580
15319149 4227300 15336135 4258140
15319149 4165860 15336135 4196700
15183261 4378980 15184059 4382460
15195687 4366980 15198651 4376220
15195687 4309380 15198651 4318620
15195687 4318980 15198651 4328220
15183261 4363620 15184059 4367100
15183261 4390500 15184059 4393980
15195687 4357380 15198651 4366620
15195687 4347780 15198651 4357020
15192609 4174500 15198651 4177980
15192609 4187940 15198651 4192380
15195687 4328580 15198651 4337820
15195687 4338180 15198651 4347420
15183261 4386660 15184059 4390140
15195687 4386180 15198651 4395420
15192609 4299300 15198651 4302780
15183261 4367460 15184059 4370940
15169239 4294500 15171177 4295100
15192609 4202340 15198651 4211580
15160119 4172580 15162057 4173180
15192609 4250340 15198651 4254780
15146781 4256100 15148263 4259100
15192609 4135140 15198651 4144380
15146781 4268580 15148263 4271580
15183261 4375140 15184059 4378620
15155331 4323300 15157269 4323900
15183261 4359780 15184059 4363260
15155331 4313220 15157269 4313820
15146781 4261860 15148263 4264860
15166959 4226340 15168897 4226940
15176763 4219140 15178701 4219740
15162741 4144260 15164337 4147260
15174483 4186020 15176421 4186620
15166503 4315140 15181209 4316700
15164907 4176420 15165705 4177020
15162399 4256100 15164337 4256700
15166959 4167780 15168897 4168380
15146781 4231140 15148263 4233180
15155331 4306020 15157269 4306620
15152139 4262820 15153735 4263420
15174255 4188420 15176649 4189500
15160119 4171620 15162057 4172220
15179043 4208580 15181437 4209660
15150543 4271460 15152481 4272060
15159891 4295940 15162285 4297020
15152595 4243620 15154533 4244220
15152595 4303620 15154989 4304700
15157611 4223940 15159549 4224540
15159891 4268100 15162285 4269180
15157383 4222020 15159777 4223100
15157611 4323780 15159549 4324380
15149631 4159620 15151227 4160220
15146781 4213860 15148263 4216860
15155559 4239780 15157155 4240380
15157383 4191300 15159777 4192380
15159891 4200900 15162285 4201980
15152139 4261860 15153735 4262460
15154647 4164420 15156243 4165020
15169923 4165380 15171519 4165980
15152595 4219140 15154989 4220220
15157383 4135620 15159777 4136700
15169467 4264260 15171861 4265340
15195687 4244100 15198651 4245660
15150543 4275780 15152481 4276380
15183945 4321380 15192723 4322940
15146781 4251300 15148263 4253340
15167415 4276740 15169011 4277340
15157383 4229700 15159777 4230780
15152595 4333380 15154989 4334460
15183261 4135140 15184059 4136700
15166503 4234980 15168099 4235580
15150087 4163460 15152481 4164540
15152139 4160100 15153735 4160700
15157383 4245060 15159777 4246140
15155103 4267140 15157497 4268220
15171519 4218180 15173115 4218780
15169011 4269540 15170607 4270140
15171519 4183140 15173115 4183740
15152139 4175460 15153735 4176060
15152595 4152900 15154989 4153980
15172203 4201380 15173799 4201980
15176079 4209060 15177675 4209660
15183945 4382820 15192723 4384380
15183945 4345380 15192723 4346940
15159891 4158660 15162285 4159740
15152595 4161540 15154989 4162620
15154647 4256580 15156243 4257180
15161715 4234980 15163311 4235580
15154647 4309860 15156243 4310460
15149631 4139940 15151227 4140540
15169011 4229700 15170607 4230300
15154647 4299780 15156243 4300380
15164223 4300260 15165819 4300860
15159435 4310820 15161031 4311420
15169011 4270500 15170607 4271100
15148149 4179780 15150201 4180380
15166503 4271940 15168099 4272540
15178359 4192740 15179157 4194300
15154647 4147620 15156243 4148220
15159435 4144260 15161031 4144860
15164223 4214820 15165819 4215420
15183945 4315620 15192723 4317180
15152139 4272420 15153735 4273020
15154647 4163460 15156243 4164060
15152139 4228260 15153735 4228860
15183945 4171620 15192723 4173180
15183945 4277220 15192723 4278780
15153051 4138980 15154647 4139580
15183945 4340580 15192723 4342140
15152139 4159140 15153735 4159740
15154647 4179300 15156243 4179900
15166503 4310340 15181209 4311900
15159435 4178340 15161031 4178940
15171519 4301220 15173115 4301820
15183945 4354020 15192723 4355580
15166503 4334340 15181209 4335900
15166275 4219620 15167073 4221180
15183261 4371300 15184059 4372860
15146781 4358340 15161487 4359900
15171519 4157700 15174369 4159260
15195687 4196100 15198651 4197660
15183945 4349220 15192723 4350780
15183945 4330020 15192723 4331580
15183945 4225380 15192723 4226940
15192609 4238820 15198651 4240380
15173115 4269060 15175281 4269660
15166275 4193700 15167073 4195260
15165591 4189860 15166389 4190460
15192609 4186020 15198651 4187580
15166503 4343940 15181209 4345500
15163083 4206660 15164337 4207260
15192609 4216740 15198651 4218300
15154647 4180260 15156243 4180860
15146781 4287780 15148263 4289820
15183945 4291620 15192723 4293180
15192609 4192740 15198651 4194300
15183261 4394340 15184059 4395900
15146781 4292580 15148263 4295580
15166503 4319940 15181209 4321500
15146781 4338660 15148263 4341660
15183945 4178340 15192723 4180860
15183945 4334820 15192723 4336380
15166503 4348740 15181209 4350300
15162171 4278660 15164337 4281660
15146781 4311780 15148263 4313820
15148149 4300740 15150201 4301340
15183945 4258020 15192723 4259580
15192609 4248420 15198651 4249980
15146781 4199460 15148263 4202460
15166503 4339140 15181209 4340700
15146781 4166820 15148263 4168860
15192609 4259940 15198195 4261500
15146781 4204260 15148263 4207260
15146781 4324260 15148263 4326300
15146781 4161060 15148263 4162140
15192609 4219620 15198651 4221180
15192609 4163940 15198651 4165500
15183945 4159140 15192723 4161660
15150087 4201860 15152253 4204860
15176535 4150020 15178131 4153020
15146781 4187940 15148263 4190940
15146781 4195620 15148263 4197660
15146781 4171620 15148263 4174620
15183945 4181220 15192723 4182780
15192609 4288740 15198651 4290300
15192609 4303140 15198651 4304700
15164223 4231620 15166617 4233180
15183945 4283940 15192723 4286460
15146781 4278180 15148263 4281180
15166503 4301700 15168099 4302300
15146781 4162980 15148263 4165020
15192609 4198500 15196371 4200060
15146781 4150500 15148263 4152540
15146781 4328100 15148263 4330140
15183945 4234020 15192723 4235580
15192609 4270500 15198651 4272060
15192609 4293540 15198651 4295100
15149859 4195140 15152709 4196700
15164223 4306980 15166161 4307580
15183945 4307940 15192723 4310460
15192609 4200420 15198651 4201980
15169011 4277700 15170949 4278300
15146781 4155300 15148263 4158300
15146781 4246500 15148263 4249500
15185313 4166820 15192723 4168380
15161943 4332420 15164793 4333980
15148149 4217700 15150201 4218300
15146781 4331940 15148263 4333980
15334881 4386660 15468375 4390620
15334881 4330020 15468375 4332060
15192609 4229220 15198651 4230780
15146781 4241700 15148263 4244700
15146781 4342500 15148263 4345500
15146781 4181220 15148263 4184220
15146781 4334820 15148263 4335900
15183945 4211940 15192723 4214460
15146781 4352100 15148263 4354140
15160119 4309380 15160917 4309980
15192609 4262820 15198651 4264380
15146781 4223460 15148263 4225500
15164223 4166340 15166617 4167900
15148149 4306980 15150201 4307580
15146781 4284900 15148263 4285980
15192609 4214820 15198651 4216380
15146781 4314660 15148263 4317660
15166047 4282980 15166845 4283580
15161031 4236420 15161601 4237020
15159663 4205700 15161829 4208700
15166503 4171140 15167301 4171740
15146781 4272420 15148263 4273500
15146781 4191780 15148263 4194780
15148149 4254660 15150201 4255260
15164223 4297860 15166617 4299420
15146781 4210020 15148263 4211100
15146781 4318500 15148263 4321500
15146781 4307940 15148263 4309980
15164223 4258500 15166617 4260060
15192609 4152420 15198651 4153980
15165135 4204740 15167073 4205340
15159435 4289220 15160803 4289820
15164223 4187460 15166617 4189020
15165135 4170180 15167073 4170780
15173799 4183620 15175053 4184220
15146781 4226340 15148263 4227420
15192609 4147620 15198195 4149180
15149859 4187940 15152481 4188540
15146781 4298340 15148263 4299420
15334881 4336740 15468375 4338780
15183945 4235940 15192723 4238460
15146781 4354980 15148263 4356060
15162399 4287300 15163995 4290300
15183945 4279140 15192723 4281660
15165135 4171620 15165933 4172220
15334881 4383780 15468375 4385820
15155331 4296420 15156585 4297020
15183945 4183140 15192723 4185660
15183945 4231140 15192723 4233660
15148149 4144260 15150201 4144860
15192609 4275300 15196371 4276860
15160119 4271940 15162057 4272540
15150087 4284420 15152253 4287420
15150087 4242180 15152253 4245180
15166845 4247460 15167985 4248060
15334881 4142820 15468375 4143420
15148149 4135620 15150201 4136220
15192609 4168740 15198651 4170300
15169923 4181700 15170607 4182300
15164337 4227780 15165021 4228380
15146781 4219620 15148263 4221660
15334881 4324260 15468375 4325340
15174255 4195140 15176421 4198140
15163539 4249380 15165705 4249980
15168897 4225380 15169695 4225980
15334881 4396260 15468375 4396860
15146781 4153380 15148263 4154460
15166503 4329540 15181209 4331100
15165135 4278660 15167073 4279260
15183945 4221540 15192723 4224060
15146781 4138980 15148263 4140060
15172317 4197060 15173001 4198140
15171519 4219140 15173457 4219740
15165135 4281540 15167073 4282140
15146781 4175460 15148263 4178460
15152367 4276740 15153165 4277340
15156471 4176900 15158181 4177500
15171063 4292100 15173685 4292700
15334881 4265700 15468375 4266300
15156471 4184580 15158637 4185180
15152139 4259940 15154761 4260540
15157155 4137060 15159093 4137660
15157383 4160580 15159549 4163580
15165135 4143780 15165705 4144380
15163653 4242180 15164337 4242780
15155103 4215300 15156357 4215900
15160803 4196580 15162057 4197180
15146781 4208100 15148263 4209180
15174711 4150500 15175851 4151100
15192609 4306020 15198195 4307580
15166503 4199940 15169125 4200540
15146781 4211940 15148263 4213020
15158979 4291620 15161145 4292220
15157155 4153860 15159321 4154460
15183945 4144740 15192723 4147260
15174483 4199940 15176079 4202940
15192609 4268580 15198651 4270140
15167757 4233540 15168783 4234140
15163083 4306020 15164337 4306620
15164223 4260420 15166617 4261980
15177447 4155300 15178587 4155900
15150087 4327620 15152253 4330620
15164223 4239300 15166617 4240860
15146781 4348260 15148263 4350300
15146781 4336740 15148263 4337820
15173913 4213380 15175509 4216380
15164223 4236420 15166617 4237980
15167415 4251780 15168213 4252380
15162171 4274820 15164337 4277820
15161487 4328100 15162285 4328700
15192609 4246500 15196371 4248060
15156015 4216260 15157269 4216860
15159891 4174980 15162057 4177980
15170949 4289220 15171861 4290300
15162171 4223940 15164337 4226940
15146781 4145700 15148263 4146780
15183945 4154340 15192723 4156860
15159435 4329540 15160233 4330140
15162171 4282500 15164337 4285500
15173115 4200420 15174369 4201020
15161943 4324260 15162741 4324860
15146781 4259940 15148263 4261020
15192609 4162020 15198651 4163580
15161487 4153860 15163083 4156860
15175965 4382820 15183375 4384380
15150087 4205700 15152253 4208700
15169467 4233540 15171633 4236540
15146781 4235940 15148263 4237020
15154419 4207620 15155217 4208220
15150999 4245540 15152709 4246140
15154875 4201860 15157041 4204860
15166959 4200900 15169125 4203900
15146781 4322340 15148263 4323420
15160119 4294980 15162057 4295580
15174483 4161540 15176079 4164540
15157383 4172100 15159549 4175100
15156471 4308900 15158181 4309500
15153051 4198020 15154761 4198620
15177675 4184580 15179613 4185180
15170379 4282500 15171177 4283100
15151797 4314180 15152709 4315260
15159093 4321860 15160005 4322940
15174939 4289220 15175737 4289820
15156015 4225860 15157269 4226460
15167187 4236420 15168783 4239420
15152823 4321860 15154305 4322460
15146781 4147620 15148263 4148700
15156471 4241220 15157725 4241820
15160803 4230660 15162057 4231260
15155103 4226820 15157269 4229820
15163083 4163940 15164337 4164540
15149859 4288260 15150201 4289340
15146781 4239780 15148263 4240860
15183945 4255140 15192723 4257660
15157155 4252260 15159093 4252860
15336021 4325700 15468375 4326300
15163767 4195140 15164451 4196220
15167415 4210500 15169011 4213500
15183945 4264740 15192723 4267260
15175851 4212420 15177105 4213020
15170835 4258500 15172089 4259100
15165135 4292100 15167073 4292700
15152595 4295940 15154761 4298940
15176079 4283940 15176877 4284540
15171291 4231620 15172545 4232220
15156015 4263300 15157269 4263900
15157611 4316100 15159207 4319100
15168327 4248900 15169581 4249500
15158295 4249380 15159549 4249980
15161487 4211460 15162285 4212060
15165135 4303620 15167073 4304220
15176307 4210020 15177561 4210620
15167415 4274340 15168555 4274940
15146781 4296420 15148263 4297500
15154647 4168740 15157269 4169340
15162627 4315140 15164223 4318140
15161031 4192740 15162969 4193340
15153507 4145220 15154761 4145820
15336021 4392900 15468375 4393500
15159435 4220100 15161601 4220700
15170379 4288260 15171633 4288860
15154647 4289700 15155445 4290300
15157155 4140900 15159321 4141500
15146781 4228260 15148263 4229340
15171747 4169220 15176421 4170300
15170379 4152900 15171633 4153500
15174255 4222980 15176421 4225980
15178815 4187460 15180981 4190460
15165363 4195620 15166161 4196220
15146781 4234020 15148263 4235100
15161031 4374180 15161601 4374780
15177903 4241700 15183489 4243260
15169011 4193220 15171177 4193820
15177561 4186980 15178701 4187580
15165135 4150020 15167073 4150620
15157611 4211940 15159549 4212540
15162171 4135620 15164337 4138620
15164223 4211460 15166617 4213020
15158751 4185540 15160005 4186140
15165135 4147140 15167073 4147740
15156927 4333860 15159549 4334460
15162171 4149060 15164337 4152060
15163083 4198020 15164337 4198620
15174939 4148580 15176079 4149180
15166503 4179780 15168669 4180380
15151683 4221060 15153849 4221660
15175167 4184100 15176421 4184700
15181095 4210020 15182805 4210620
15162399 4263300 15163881 4263900
15159207 4258980 15162285 4259580
15158979 4306020 15160233 4306620
15153507 4174020 15154761 4174620
15161031 4157220 15162741 4157820
15150315 4183140 15152481 4183740
15159663 4264260 15161829 4267260
15175167 4295460 15175965 4296060
15158067 4194180 15159777 4194780
15162171 4246020 15164337 4249020
15165363 4218660 15166161 4219260
15146781 4140900 15148263 4141980
15158751 4272900 15160461 4273500
15175167 4185060 15176421 4185660
15192609 4282020 15198195 4283580
15161715 4227300 15163881 4227900
15157611 4148580 15160233 4149180
15153507 4255620 15154761 4256220
15149859 4136580 15152025 4137180
15169695 4281540 15170949 4282140
15175395 4154820 15177105 4155420
15161259 4297860 15162969 4298460
15150087 4237380 15152253 4240380
15152139 4266660 15153621 4267260
15169467 4260420 15171633 4263420
15152595 4312740 15154305 4313340
15176991 4295460 15182577 4297020
15149859 4211460 15151113 4212060
15169239 4185540 15173913 4186620
15179499 4218180 15182121 4218780
15173571 4274820 15174369 4275420
15159435 4303620 15162057 4304220
15168327 4302660 15169581 4303260
15159435 4331460 15161373 4332060
15157383 4319940 15158181 4320540
15165135 4183620 15167073 4184220
15173571 4192260 15174369 4193340
15167415 4296900 15169011 4299900
15150999 4191780 15152709 4192380
15156585 4253220 15160005 4253820
15174711 4157700 15176307 4160700
15159435 4202340 15161601 4202940
15146781 4266660 15148263 4267740
15159435 4210980 15161145 4211580
15154647 4221540 15156585 4222140
15151683 4306020 15152481 4306620
15151683 4318020 15153165 4318620
15169011 4160580 15171177 4161180
15148263 4222020 15149289 4222620
15157155 4250340 15159321 4250940
15154533 4184100 15155901 4184700
15171519 4198500 15173229 4199100
15152139 4212420 15154305 4213020
15159435 4311780 15161601 4312380
15161943 4234020 15162741 4234620
15158637 4247940 15159321 4249020
15146781 4237860 15148263 4238940
15155331 4258500 15157269 4259100
15148149 4302180 15151569 4302780
15162399 4329540 15163197 4330140
15158295 4170180 15159321 4170780
15169695 4186980 15171861 4187580
15162741 4207620 15164337 4210620
15178359 4226820 15180981 4227420
15160347 4149060 15161145 4149660
15154761 4310820 15155901 4311420
15164223 4252260 15165933 4252860
15161031 4321380 15162741 4321980
15175623 4191300 15176877 4191900
15170607 4194180 15171291 4195260
15173799 4206180 15176421 4206780
15157383 4145220 15159549 4148220
15153735 4329540 15154533 4330140
15149859 4258980 15152481 4259580
15155331 4232100 15157041 4232700
15176079 4189860 15178245 4190460
15155787 4218180 15157953 4218780
15159435 4184580 15160233 4185180
15152139 4214340 15153393 4214940
15164223 4154820 15166617 4156380
15159891 4299780 15162057 4300380
15157383 4286340 15162057 4287420
15153963 4272900 15155673 4273500
15153507 4278660 15154761 4279260
15159435 4232580 15160233 4233180
15169011 4304580 15171633 4305180
15171747 4283460 15173343 4286460
15152823 4281540 15153621 4282140
15152595 4249860 15154533 4250460
15163083 4264260 15164337 4264860
15175167 4291140 15175965 4291740
15174939 4292100 15175737 4292700
15153279 4289220 15154077 4289820
15171177 4227300 15171975 4227900
15170037 4247460 15181095 4248060
15163767 4213860 15164565 4214460
15166047 4144740 15167301 4145340
15148491 4323780 15149973 4324380
15167871 4162020 15169581 4162620
15173799 4232100 15175167 4232700
15166047 4225380 15167301 4225980
15156699 4324740 15157497 4325340
15168555 4256580 15170721 4257180
15162627 4286340 15165021 4286940
15161943 4255140 15164109 4255740
15153051 4239780 15153849 4240380
15160119 4293060 15160917 4293660
15154647 4213380 15155559 4214460
15161943 4269540 15164109 4270140
15166503 4293060 15168669 4293660
15174483 4186980 15175965 4187580
15153507 4224420 15154761 4225020
15173115 4288260 15173913 4288860
15163767 4243620 15165249 4244220
15151455 4240740 15152253 4241340
15174027 4293060 15174825 4293660
15155559 4321380 15157725 4321980
15148947 4227300 15150885 4227900
15163083 4319940 15165249 4320540
15168669 4163460 15169809 4164540
15155559 4328100 15156357 4328700
15157839 4158660 15159549 4159260
15155103 4254180 15156813 4254780
15172659 4216740 15173913 4217340
15166503 4213380 15167301 4214460
15153051 4252740 15153849 4253340
15149859 4310820 15152481 4311420
15163767 4271460 15164565 4272060
15164223 4301700 15165021 4302300
15169467 4201860 15171633 4204860
15153963 4141860 15155217 4142460
15152139 4170660 15154989 4171260
15153963 4190820 15155217 4191420
15177447 4222020 15180069 4222620
15152367 4169700 15153849 4170300
15170379 4146180 15174597 4146780
15159435 4217220 15160233 4217820
15149859 4282500 15150201 4283580
15161715 4186020 15163881 4186620
15153963 4250820 15154305 4251900
15170835 4190340 15175053 4190940
15163767 4253220 15165933 4253820
15161031 4161540 15162969 4162140
15149859 4161540 15152025 4162140
15152139 4273860 15153165 4274940
15155331 4318020 15156129 4318620
15150771 4216260 15152481 4216860
15157383 4205700 15159093 4206300
15153051 4204740 15153849 4205340
15166503 4275780 15169125 4276380
15150087 4248900 15152253 4251900
15153279 4305060 15154077 4305660
15164223 4293060 15165021 4293660
15159207 4242660 15161829 4243260
15159663 4294020 15160461 4294620
15163311 4160100 15165021 4160700
15156699 4256580 15157497 4257660
15152595 4306500 15153393 4307100
15161943 4243140 15163653 4243740
15149859 4143300 15152025 4143900
15152367 4140900 15153165 4141500
15163083 4168260 15164337 4168860
15158751 4138500 15160461 4139100
15179043 4203780 15181209 4206780
15153735 4202820 15154533 4203420
15151455 4320420 15153165 4321020
15157611 4288740 15158865 4289340
15161259 4203300 15162741 4203900
15153279 4287300 15154761 4287900
15173343 4162500 15174141 4163580
15150543 4140900 15151455 4141500
15157155 4265220 15157953 4265820
15166731 4259460 15167529 4260060
15161259 4292100 15161601 4293180
15158295 4292580 15159093 4293180
15158751 4282020 15160233 4282620
15152139 4177380 15154761 4177980
15155445 4335300 15157041 4335900
15161373 4139460 15162171 4140540
15152139 4229700 15153165 4230780
15168327 4288260 15169581 4288860
15161259 4182660 15162513 4183260
15152367 4270020 15153165 4270620
15180639 4194180 15181665 4195260
15158067 4262340 15159549 4262940
15157839 4328100 15159777 4328700
15155103 4177860 15155445 4178940
15150999 4154820 15152367 4155420
15154305 4149540 15157155 4150140
15171747 4355940 15182805 4356540
15173115 4294020 15174369 4294620
15172431 4207140 15174141 4207740
15156015 4329060 15156813 4329660
15155787 4220580 15157269 4221180
15157155 4330500 15157497 4331580
15167415 4150980 15168213 4152060
15175623 4170660 15176877 4171260
15169239 4222980 15173913 4224060
15164223 4138980 15165705 4139580
15165591 4136100 15167301 4136700
15150315 4294020 15151797 4294620
15168669 4257540 15169581 4258620
15159663 4330500 15160461 4331100
15158295 4231140 15160233 4231740
15154647 4194660 15157269 4195260
15150087 4171140 15151569 4171740
15152367 4186500 15153165 4187100
15156243 4325700 15158181 4326300
15162627 4309380 15164337 4309980
15173343 4226820 15174141 4227900
15177105 4205700 15178701 4208700
15156927 4278660 15159777 4279260
15156471 4291140 15157269 4291740
15152253 4137060 15153621 4137660
15159207 4258020 15160917 4258620
15152595 4184580 15154305 4185180
15158979 4168260 15161145 4168860
15151455 4186020 15152253 4186620
15181779 4276260 15184059 4276860
15149859 4232100 15152481 4232700
15159435 4324740 15160233 4325340
15148491 4174980 15150201 4175580
15170151 4328100 15181209 4328700
15153735 4189860 15155673 4190460
15178131 4229700 15179613 4230300
15146781 4326660 15148263 4327740
15156813 4309860 15157725 4310460
15161943 4318980 15162741 4320060
15153735 4315140 15157953 4315740
15166731 4240260 15167529 4240860
15168327 4282500 15169125 4283100
15156015 4188900 15157953 4189500
15169239 4278660 15173913 4279740
15155673 4246020 15157269 4246620
15156243 4171140 15157041 4171740
15154647 4307460 15155673 4308540
15152367 4208580 15153165 4209180
15166731 4214820 15168099 4215420
15151227 4234980 15155445 4235580
15156015 4318980 15156813 4319580
15171291 4228740 15172089 4229820
15173343 4210980 15174255 4211580
15169011 4150500 15171177 4151100
15160803 4223940 15161601 4225020
15149859 4246020 15150657 4247100
15151569 4156260 15153165 4156860
15178359 4185540 15179157 4186620
15164451 4158180 15166389 4158780
15163767 4171140 15164565 4172220
15157839 4301700 15158865 4302300
15171519 4270980 15172887 4271580
15172431 4270020 15173799 4270620
15157155 4196580 15158523 4197180
15156699 4139460 15157497 4140540
15164451 4245540 15166389 4246140
15167643 4217220 15169011 4217820
15179043 4199940 15179385 4201020
15161715 4313220 15164565 4313820
15153279 4279620 15156129 4280220
15183945 4351140 15192723 4351740
15146781 4275300 15149973 4275900
15159207 4218180 15160917 4218780
15180525 4193220 15182121 4193820
15172203 4142820 15183261 4143420
15161259 4216260 15162741 4216860
15157383 4244100 15159321 4244700
15158181 4270980 15159549 4271580
15178473 4288740 15184059 4289340
15158979 4165380 15159777 4166460
15154419 4146180 15155217 4147260
15149859 4325700 15152709 4326300
15177675 4210500 15179613 4211100
15166731 4264740 15168213 4265340
15152823 4285380 15153621 4285980
15154191 4246980 15156813 4247580
15166731 4285380 15167529 4285980
15149859 4147620 15151227 4148220
15167415 4266180 15168213 4267260
15167415 4216260 15168441 4216860
15148947 4140900 15149973 4141500
15173115 4273380 15174597 4273980
15173115 4196100 15174027 4196700
15159093 4256580 15160005 4257660
15150087 4166340 15154761 4167420
15179727 4198980 15181665 4199580
15154533 4265220 15155445 4266300
15171519 4294980 15172317 4295580
15164451 4265700 15165933 4266300
15178587 4214820 15180069 4215420
15165819 4227300 15167757 4227900
15146781 4198020 15148263 4199100
15152139 4265220 15153165 4266300
15168897 4283460 15169809 4284540
15153051 4215300 15153849 4215900
15151455 4292580 15152709 4293180
15151455 4223460 15153393 4224060
15165363 4263780 15167073 4264380
15165135 4289700 15169353 4290300
15183945 4373220 15192723 4373820
15169011 4286340 15169809 4287420
15159663 4304580 15164337 4305660
15179271 4207620 15181893 4208220
15148491 4158660 15150201 4159260
15176307 4218180 15179157 4218780
15167415 4194660 15170265 4195260
15161715 4241220 15162513 4242300
15151455 4198980 15152481 4200060
15156357 4156740 15157383 4157820
15154647 4312260 15156015 4312860
15158751 4198020 15160233 4198620
15170607 4272900 15171747 4273980
15157155 4283460 15157497 4284540
15148491 4215300 15150201 4215900
15159663 4179300 15161601 4179900
15159663 4162020 15160917 4162620
15166959 4253700 15167757 4254780
15153393 4144260 15154761 4144860
15168441 4145220 15169353 4145820
15154875 4165380 15155217 4166460
15159663 4173540 15162057 4174140
15178815 4216740 15183033 4217340
15154419 4187460 15155217 4188540
15156813 4208100 15158181 4208700
15157155 4233540 15157497 4234620
15157041 4326660 15157953 4327740
15152139 4324740 15154989 4325340
15158751 4199940 15161145 4200540
15161031 4228260 15162285 4228860
15171063 4180740 15172317 4181340
15157041 4307460 15158067 4308540
15149859 4173060 15150201 4174140
15150087 4247940 15151569 4248540
15161259 4150020 15162057 4151100
15179727 4196100 15181209 4196700
15154647 4291620 15156015 4292220
15151455 4330980 15152709 4331580
15153735 4139940 15155673 4140540
15157611 4329540 15158523 4330140
15173457 4228740 15174483 4229820
15165135 4282980 15165819 4283580
15164223 4294500 15165705 4295100
15161031 4222980 15163425 4223580
15163539 4192740 15167757 4193340
15149859 4160580 15151227 4161180
15173457 4181700 15174597 4182780
15157155 4266180 15158637 4266780
15152367 4148580 15153735 4149180
15160119 4214820 15161031 4215420
15148947 4240740 15149973 4241340
15149859 4260900 15152709 4261500
15162399 4198980 15163767 4199580
15176991 4227780 15178929 4228380
15171519 4160580 15174369 4161180
15154533 4185540 15155331 4186620
15173229 4299300 15174597 4299900
15156243 4270020 15157497 4270620
15148149 4290180 15149745 4290780
15156585 4237380 15157497 4237980
15166731 4249860 15167529 4250940
15186111 4241220 15197169 4241820
15148491 4279620 15151341 4280220
15166275 4283940 15167301 4284540
15160119 4316100 15160917 4317180
15195459 4213380 15198309 4213980
15150543 4236420 15152025 4237020
15150429 4289700 15152025 4290300
15164223 4203300 15165705 4203900
15172431 4300260 15173799 4300860
15154647 4247940 15155559 4249020
15165819 4178340 15168213 4178940
15176307 4277700 15176649 4278780
15157839 4190340 15162057 4190940
15152367 4142340 15153279 4143420
15173799 4149540 15175281 4150140
15152367 4157700 15153279 4158780
15166275 4221540 15167301 4222140
15151683 4149540 15153165 4150140
15168099 4156740 15170493 4157340
15150771 4165380 15152253 4165980
15148491 4152900 15150201 4153500
15162855 4291140 15165249 4291740
15153507 4242660 15155787 4243260
15168441 4158660 15169581 4159740
15164223 4185060 15165705 4185660
15161943 4162500 15162855 4163580
15197511 4258500 15198651 4259100
15165135 4255140 15167985 4255740
15171747 4224420 15173001 4225020
15166959 4188420 15171633 4189500
15152139 4233540 15153051 4234620
15162855 4235940 15164109 4236540
15170151 4155780 15171177 4156380
15146781 4149060 15148263 4150140
15172545 4179300 15183603 4179900
15154647 4288740 15156129 4289340
15165135 4317060 15173913 4317660
15149403 4269060 15150657 4269660
15158751 4246500 15160233 4247100
15153279 4206660 15155217 4207260
15157155 4290180 15158523 4290780
15165363 4196580 15169581 4197180
15164451 4284420 15165249 4285500
15159663 4169220 15164337 4170300
15161943 4170660 15163311 4171260
15161715 4229700 15164565 4230300
15171747 4178340 15182805 4178940
15168897 4166340 15169809 4167420
15157839 4285380 15160689 4285980
15169239 4220100 15173913 4221180
15157383 4260420 15162057 4261500
15161943 4250820 15162855 4251900
15178017 4277700 15179385 4278300
15166275 4208100 15169125 4208700
15156927 4198980 15159777 4199580
15154533 4277220 15157383 4277820
15175851 4228740 15176991 4229820
15171291 4266660 15182349 4267260
15146781 4249860 15148263 4250940
15186111 4242180 15197169 4242780
15158751 4274820 15161145 4275420
15160803 4306020 15162741 4306620
15166503 4223940 15167529 4224540
15150087 4193220 15154761 4194300
15161031 4309860 15162057 4310460
15180981 4353060 15184059 4353660
15180981 4347300 15184059 4347900
15158523 4150500 15159549 4151100
15150087 4322820 15154761 4323900
15148149 4186980 15150201 4187580
15146781 4165380 15148263 4166460
15154191 4225380 15155445 4225980
15177789 4190820 15183375 4191420
15164451 4174980 15165249 4176060
15178587 4198020 15181437 4198620
15165135 4244580 15166617 4245180
15171519 4141860 15182577 4142460
15171747 4234500 15176421 4235580
15165591 4164900 15169809 4165500
15161373 4394820 15165249 4395420
15156699 4310820 15158181 4311420
15146781 4185540 15148263 4186620
15148149 4203300 15149745 4203900
15183945 4325220 15192723 4325820
15149403 4230660 15151797 4231260
15165363 4138020 15183717 4138620
15161373 4361220 15165249 4361820
15148149 4245060 15149973 4245660
15159207 4240260 15162285 4240860
15150087 4257540 15154761 4258620
15181779 4303140 15184059 4303740
15153507 4135140 15156357 4135740
15158067 4188420 15160461 4189020
15148491 4219140 15151341 4219740
15161943 4253700 15162855 4254780
15146781 4310340 15148263 4311420
15182919 4204260 15184059 4204860
15167871 4143300 15168897 4143900
15146781 4137540 15148263 4138620
15166731 4206180 15168441 4206780
15146781 4169220 15148263 4170300
15161373 4389060 15165249 4389660
15183945 4244580 15192723 4245180
15180981 4215780 15184059 4216380
15148149 4303140 15149745 4303740
15157155 4280580 15158751 4281180
15172203 4257060 15183261 4257660
15172089 4265700 15183147 4266300
15168555 4295460 15171405 4296060
15152139 4277700 15153279 4278780
15165135 4174020 15188505 4174620
15148149 4305540 15149973 4306140
15180639 4306980 15184059 4307580
15170949 4211460 15172089 4212540
15158523 4181700 15159663 4182300
15172431 4235940 15183489 4236540
15161715 4194180 15162855 4195260
15148149 4304580 15149745 4305180
15157725 4152420 15159777 4153020
15146781 4281540 15149973 4282140
15146781 4350660 15148263 4351740
15157611 4304580 15158637 4305180
15146781 4286340 15148263 4287420
15175167 4230660 15177219 4231260
15146781 4373220 15176079 4373820
15172203 4166340 15173913 4166940
15170607 4291140 15171861 4291740
15150429 4176420 15152481 4177020
15164223 4181700 15166617 4182300
15153051 4283460 15154305 4284060
15177789 4191780 15181209 4192380
15152367 4150980 15154077 4151580
15168783 4184100 15171861 4184700
15146781 4346820 15148263 4347900
15161373 4365060 15165249 4365660
15165591 4152420 15168669 4153020
15154647 4292580 15156357 4293180
15183945 4336740 15192723 4337340
15180981 4300260 15184059 4300860
15181779 4187940 15184059 4188540
15146781 4330500 15148263 4331580
15183945 4317540 15192723 4318140
15180639 4139940 15184059 4140540
15177333 4354980 15181095 4355580
15146781 4178820 15148605 4179420
15195573 4296900 15198651 4297500
15161943 4205700 15163653 4206300
15195231 4236420 15198651 4237020
15159321 4326660 15160461 4327260
15149175 4277220 15150657 4277820
15163425 4273380 15164565 4273980
15168555 4170180 15170949 4170780
15159891 4270980 15161601 4271580
15163539 4161540 15165249 4162140
15157155 4166340 15158865 4166940
15183945 4327140 15192723 4327740
15175965 4181700 15177561 4182300
15170151 4143780 15181209 4144380
15146781 4364100 15165135 4364700
15172089 4259940 15183147 4260540
15170037 4336740 15181095 4337340
15146781 4388100 15165135 4388700
15164679 4313700 15183033 4314300
15146781 4265700 15150201 4266300
15167415 4147140 15170493 4147740
15164223 4325220 15182577 4325820
15163539 4221060 15165249 4221660
15165135 4305060 15166617 4305660
15149175 4154340 15150885 4154940
15150771 4295940 15152481 4296540
15180639 4268580 15184059 4269180
15195687 4183620 15198651 4184220
15154305 4253700 15154989 4254300
15148149 4229700 15150201 4230300
15161373 4390020 15165249 4390620
15161487 4213380 15163197 4213980
15178587 4169700 15182349 4170300
15170265 4144740 15181323 4145340
15161373 4375620 15165249 4376220
15195687 4181700 15198651 4182300
15173799 4303620 15175509 4304220
15164223 4201380 15165933 4201980
15153051 4302660 15154533 4303260
15146781 4283460 15148605 4284060
15181779 4299300 15184059 4299900
15146781 4160100 15148605 4160700
15148491 4142340 15150201 4142940
15164907 4327140 15183261 4327740
15165135 4331460 15173913 4332060
15147465 4356420 15149289 4357020
15166275 4269540 15167985 4270140
15165591 4286820 15167073 4287420
15162627 4267140 15164337 4267740
15155445 4345860 15162855 4346460
15171975 4170660 15173913 4171260
15164223 4159140 15167301 4159740
15172431 4263780 15183489 4264380
15163539 4218180 15165249 4218780
15166503 4198020 15167757 4198620
15167871 4232100 15168441 4232700
15156243 4297380 15158067 4297980
15176307 4301700 15178017 4302300
15167871 4138980 15169581 4139580
15196371 4225860 15198651 4226460
15182919 4186980 15184059 4187580
15183945 4312740 15192723 4313340
15181095 4275300 15184059 4275900
15172203 4262820 15183261 4263420
15146781 4363140 15165135 4363740
15169923 4153860 15171861 4154460
15164109 4318980 15165249 4319580
15192609 4261860 15198195 4262460
15164223 4199460 15165819 4200060
15175395 4282500 15177105 4283100
15181095 4305060 15184059 4305660
15185313 4344420 15192723 4345020
15164451 4352100 15182805 4352700
15148491 4331460 15150201 4332060
15183945 4195620 15192723 4196220
15153735 4238820 15154989 4239420
15148149 4184580 15149973 4185180
15161373 4380420 15165249 4381020
15149403 4316100 15150885 4316700
15180981 4356900 15184059 4357500
15183945 4331940 15192723 4332540
15182463 4329060 15184059 4329660
15154191 4175460 15155673 4176060
15154191 4155300 15155445 4155900
15183945 4310820 15192723 4311420
15179499 4219140 15181209 4219740
15172203 4281060 15173913 4281660
15152367 4201380 15154077 4201980
15157041 4143300 15159549 4143900
15170037 4151940 15173799 4152540
15157155 4180260 15159663 4180860
15182919 4207140 15184059 4207740
15174483 4279140 15176421 4279740
15159435 4237380 15161373 4237980
15149859 4169220 15151797 4169820
15173799 4147620 15175509 4148220
15169011 4305540 15170721 4306140
15172431 4233540 15173685 4234140
15173799 4287300 15174939 4287900
15154647 4301700 15155901 4302300
15175623 4204740 15177105 4205340
15146781 4392900 15165135 4393500
15173343 4184580 15175053 4185180
15154647 4270980 15156585 4271580
15178131 4198980 15179385 4199580
15146781 4383300 15165135 4383900
15182919 4188900 15184059 4189500
15180981 4342500 15184059 4343100
15167529 4358820 15182235 4359420
15197055 4154820 15198651 4155420
15152139 4264260 15153621 4264860
15164109 4173060 15165249 4173660
15161373 4370820 15165249 4371420
15149403 4268100 15150885 4268700
15159321 4157700 15160689 4158300
15182919 4193700 15184059 4194300
15158523 4312740 15159663 4313340
15159891 4270020 15161601 4270620
15163197 4322340 15164337 4322940
15164223 4268100 15166617 4268700
15159093 4287780 15160575 4288380
15151911 4291140 15153621 4291740
15160119 4186500 15161601 4187100
15175965 4384740 15183375 4385340
15169011 4274340 15170151 4274940
15181095 4164900 15184059 4165500
15185313 4274340 15196371 4274940
15161373 4379460 15165249 4380060
15172203 4297860 15173457 4298460
15173685 4180740 15175053 4181340
15197283 4180740 15198651 4181340
15155559 4155780 15158409 4156380
15156471 4271940 15157611 4272540
15164109 4156740 15165249 4157340
15180183 4201860 15181437 4202460
15156471 4300740 15158181 4301340
15185313 4158180 15196371 4158780
15173343 4275780 15174597 4276380
15174255 4301700 15176193 4302300
15169011 4301700 15170721 4302300
15167871 4241700 15169239 4242300
15154647 4294020 15156357 4294620
15157155 4235460 15158865 4236060
15151683 4308420 15152937 4309020
15169239 4209540 15171177 4210140
15166503 4341060 15181209 4341660
15149859 4263780 15151569 4264380
15163311 4312260 15164793 4312860
15171063 4168260 15172545 4168860
15150429 4299780 15151797 4300380
15153963 4205220 15155103 4205820
15171063 4267620 15172773 4268220
15152139 4331940 15154077 4332540
15196371 4233540 15198651 4234140
15161259 4232580 15162399 4233180
15165591 4228260 15167073 4228860
15178131 4289700 15183717 4290300
15166503 4148100 15168213 4148700
15197511 4280580 15198651 4281180
15153963 4210500 15155445 4211100
15160347 4160580 15161829 4161180
15158181 4238820 15159663 4239420
15163767 4356420 15165249 4357020
15158523 4234500 15159777 4235100
15156243 4138500 15158181 4139100
15159207 4195620 15160461 4196220
15181095 4332900 15184059 4333500
15172659 4187460 15173913 4188060
15155103 4136580 15156813 4137180
15162627 4152420 15164337 4153020
15176991 4153380 15182577 4153980
15166275 4141860 15167529 4142460
15182805 4203300 15184059 4203900
15185313 4326180 15192723 4326780
15182235 4208100 15184059 4208700
15148149 4273860 15150201 4274460
15156699 4183140 15158181 4183740
15159891 4313220 15161145 4313820
15176991 4280100 15182577 4280700
15196827 4292100 15198651 4292700
15167985 4227300 15169809 4227900
15178473 4138980 15184059 4139580
15156699 4214820 15158637 4215420
15149403 4180740 15150885 4181340
15161943 4204740 15163653 4205340
15154419 4234020 15155787 4234620
15177903 4223460 15179385 4224060
15151455 4200420 15152823 4201020
15160575 4249380 15162057 4249980
15176307 4220580 15177789 4221180
15151911 4307460 15153279 4308060
15158523 4193220 15159777 4193820
15173229 4250820 15187935 4251420
15159207 4277700 15160575 4278300
15175851 4289700 15177561 4290300
15158865 4304580 15159549 4305180
15161487 4307460 15162855 4308060
15165363 4153380 15167187 4153980
15165363 4161060 15167073 4161660
15152823 4237380 15154533 4237980
15173799 4309380 15181209 4309980
15153963 4197060 15155217 4197660
15160689 4180260 15162171 4180860
15150543 4218180 15152253 4218780
15154191 4199940 15155787 4200540
15158523 4320900 15159777 4321500
15158979 4325700 15160689 4326300
15195573 4255620 15198651 4256220
15182235 4252260 15184059 4252860
15156585 4187940 15157953 4188540
15171177 4276260 15172545 4276860
15169923 4230660 15171633 4231260
15163995 4205700 15165249 4206300
15154191 4200900 15155445 4201500
15175167 4166340 15176421 4166940
15158067 4175460 15159321 4176060
15149859 4225380 15151569 4225980
15173457 4211940 15174825 4212540
15195573 4167300 15198651 4167900
15195345 4222980 15198195 4223580
15173799 4198500 15175167 4199100
15156585 4206660 15157953 4207260
15197511 4297860 15198651 4298460
15154419 4274820 15156129 4275420
15177675 4286820 15183261 4287420
15182235 4157220 15184059 4157820
15156813 4224900 15158067 4225500
15165135 4275300 15166389 4275900
15182121 4298340 15184059 4298940
15169695 4239780 15177105 4240380
15161943 4325220 15163425 4325820
15170151 4226340 15172545 4226940
15163767 4238340 15165249 4238940
15168783 4180260 15170493 4180860
15160803 4252260 15162057 4252860
15146781 4378500 15165135 4379100
15172659 4205220 15174369 4205820
15154533 4325700 15155901 4326300
15152595 4227300 15153735 4227900
15159435 4235460 15161145 4236060
15178245 4291620 15183831 4292220
15162855 4257540 15164109 4258140
15158637 4182660 15159891 4183260
15182235 4170660 15184059 4171260
15183261 4163940 15184059 4164540
15182349 4319460 15184059 4320060
15152139 4246980 15153393 4247580
15166275 4222500 15167415 4223100
15148491 4235460 15150201 4236060
15166503 4180740 15167985 4181340
15157611 4204740 15161373 4205340
15166503 4198980 15167985 4199580
15192837 4145220 15198423 4145820
15157839 4151460 15159663 4152060
15168669 4172580 15183375 4173180
15168555 4207140 15170493 4207740
15154533 4233060 15155787 4233660
15182691 4343460 15184059 4344060
15197283 4275780 15198651 4276380
15163767 4334340 15165249 4334940
15167415 4144740 15167985 4145340
15156243 4282500 15157611 4283100
15182463 4314660 15184059 4315260
15157155 4232580 15158637 4233180
15167985 4154340 15169125 4154940
15159435 4155300 15160689 4155900
15164223 4295940 15166617 4296540
15195459 4226820 15198309 4227420
15154647 4181220 15156357 4181820
15167871 4224420 15169125 4225020
15185313 4320420 15192723 4321020
15163767 4330980 15165021 4331580
15173799 4267620 15181209 4268220
15178587 4232580 15179841 4233180
15176307 4177380 15183717 4177980
15177903 4293540 15183489 4294140
15155787 4351620 15163197 4352220
15146781 4368900 15165135 4369500
15196827 4308420 15198651 4309020
15164679 4140900 15165933 4141500
15192837 4182660 15198423 4183260
15197511 4277700 15198651 4278300
15154191 4281060 15155787 4281660
15168669 4346340 15183375 4346940
15153963 4284900 15155673 4285500
15177903 4238820 15183489 4239420
15153507 4167780 15154989 4168380
15170379 4149060 15171861 4149660
15182235 4228260 15184059 4228860
15168669 4250820 15172431 4251420
15152139 4254660 15153621 4255260
15174939 4226340 15176193 4226940
15169011 4190340 15170265 4190940
15160803 4183620 15162399 4184220
15197511 4395780 15198651 4396380
15173343 4168260 15174597 4168860
15151911 4210500 15153621 4211100
15151227 4256580 15152709 4257180
15177789 4270500 15183375 4271100
15151797 4181220 15153279 4181820
15172659 4193700 15174255 4194300
15161031 4181700 15162285 4182300
15165363 4273380 15166959 4273980
15192609 4157220 15198195 4157820
15179841 4200900 15181437 4201500
15162741 4339140 15164679 4339740
15168783 4243620 15183489 4244220
15169695 4299780 15170949 4300380
15196827 4223940 15198651 4224540
15166503 4308420 15167757 4309020
15178587 4220580 15179841 4221180
15196827 4173060 15198651 4173660
15182235 4206180 15184059 4206780
15159093 4226340 15160005 4226940
15163539 4190340 15165249 4190940
15165363 4186020 15169125 4186620
15176991 4234980 15182577 4235580
15178131 4240740 15183717 4241340
15165591 4277220 15166845 4277820
15195687 4272900 15198537 4273500
15176079 4374180 15183489 4374780
15149859 4349700 15164565 4350300
15173343 4276740 15174597 4277340
15197853 4146180 15198651 4146780
15161943 4167300 15162855 4167900
15168669 4181700 15169581 4182300
15172659 4295940 15173799 4296540
15161373 4187940 15162855 4188540
15183147 4260900 15184059 4261500
15178587 4231140 15182349 4231740
15160803 4188900 15162285 4189500
15166503 4350660 15181209 4351260
15181323 4196580 15183717 4197180
15185313 4374180 15192723 4374780
15177675 4282980 15181437 4283580
15180867 4229220 15183717 4229820
15160575 4308420 15162171 4309020
15177447 4211460 15178587 4212060
15161943 4326180 15176649 4326780
15192609 4150020 15196371 4150620
15168555 4153380 15169809 4153980
15197055 4150980 15198651 4151580
15152139 4300740 15153393 4301340
15185313 4243620 15192723 4244220
15178245 4287780 15183831 4288380
15185313 4196580 15192723 4197180
15160575 4279140 15161601 4279740
15167187 4191300 15170949 4191900
15163539 4179780 15165249 4180380
15166503 4294980 15167187 4295580
15175965 4354020 15183375 4354620
15164223 4234980 15166161 4235580
15173571 4272420 15180981 4273020
15183261 4396260 15184059 4396860
15170835 4138980 15171291 4139580
15177219 4284420 15178473 4285020
15178131 4167780 15183717 4168380
15169467 4213860 15170721 4214460
15155445 4350660 15162855 4351260
15165477 4215780 15167073 4216380
15158865 4283940 15160461 4284540
15159435 4263300 15161373 4263900
15167643 4244580 15182349 4245180
15156357 4273860 15157953 4274460
15161943 4214820 15162855 4215420
15157155 4163940 15159093 4164540
15166731 4288740 15167985 4289340
15155673 4251300 15157269 4251900
15167415 4280100 15169125 4280700
15183147 4168740 15184059 4169340
15160575 4143300 15161601 4143900
15174939 4203780 15176193 4204380
15197055 4278660 15198651 4279260
15155559 4148580 15156699 4149180
15183261 4162020 15184059 4162620
15169011 4143780 15169809 4144380
15179271 4285860 15183033 4286460
15166503 4182660 15167415 4183260
15185313 4311780 15192723 4312380
15148491 4162500 15150429 4163100
15156015 4159620 15157155 4160220
15182463 4239780 15184059 4240380
15171177 4163460 15172773 4164060
15171291 4238340 15172089 4238940
15172545 4155780 15174141 4156380
15177447 4195620 15178587 4196220
15182691 4339620 15183717 4340220
15195345 4224900 15198195 4225500
15178587 4292580 15182349 4293180
15180525 4185540 15181209 4186140
15172659 4195140 15173799 4195740
15172773 4202820 15173913 4203420
15166503 4172100 15167301 4172700
15168441 4292100 15169353 4292700
15153735 4183140 15155331 4183740
15153507 4196100 15156357 4196700
15196827 4160580 15198651 4161180
15157383 4299780 15157953 4300380
15184059 4248900 15191469 4249500
15157155 4342020 15164565 4342620
15162285 4171620 15162741 4172220
15178245 4282020 15182007 4282620
15176307 4194180 15177105 4194780
15171519 4296900 15172317 4297500
15152139 4290180 15153165 4290780
15197739 4227780 15198651 4228380
15165591 4287780 15166617 4288380
15174711 4216740 15175851 4217340
15148491 4336260 15163197 4336860
15164451 4355460 15165249 4356060
15185313 4355940 15192723 4356540
15168783 4183140 15170379 4183740
15148491 4198980 15150087 4199580
15180639 4225860 15181893 4226460
15155445 4341060 15162855 4341660
15166959 4300740 15168099 4301340
15181095 4274340 15183945 4274940
15171519 4161540 15172545 4162140
15162171 4142820 15162969 4143420
15171519 4191300 15174369 4191900
15196827 4231620 15198651 4232220
15160917 4198020 15162057 4198620
15166503 4364100 15181209 4364700
15178359 4224420 15183945 4225020
15157839 4294980 15158865 4295580
15171519 4295940 15172545 4296540
15161373 4384260 15165249 4384860
15183147 4333860 15184059 4334460
15166503 4173060 15167757 4173660
15192609 4218660 15196371 4219260
15154077 4337700 15161487 4338300
15155787 4205700 15156585 4206300
15166845 4156260 15167985 4156860
15167415 4218180 15168669 4218780
15178815 4202820 15179613 4203420
15166389 4246500 15166845 4247100
15179043 4213380 15180525 4213980
15149403 4287300 15149859 4287900
15165591 4160100 15168441 4160700
15164679 4272420 15165819 4273020
15170037 4255620 15177447 4256220
15192609 4194660 15196371 4195260
15166275 4190820 15167073 4191420
15170151 4167300 15173913 4167900
15159435 4302660 15162285 4303260
15185313 4339620 15192723 4340220
15161373 4362180 15165135 4362780
15183147 4261860 15184059 4262460
15175851 4233060 15176649 4233660
15161943 4314180 15162855 4314780
15156927 4255620 15157725 4256220
15148149 4291620 15150999 4292220
15146781 4371780 15161487 4372860
15152139 4226340 15152937 4226940
15167871 4240740 15169011 4241340
15158181 4210020 15159777 4210620
15170607 4208580 15173457 4209180
15172773 4282020 15173913 4282620
15170379 4212900 15171177 4213500
15154875 4143780 15155673 4144380
15180753 4223460 15183603 4224060
15177447 4200900 15178587 4201500
15183147 4324260 15184059 4324860
15183147 4200420 15184059 4201020
15166845 4261860 15167985 4262460
15176079 4215780 15178929 4216380
15171291 4181700 15172089 4182300
15170151 4177860 15171177 4178460
15157383 4159620 15158523 4160220
15183033 4194660 15184059 4195260
15171519 4199460 15172773 4200060
15195117 4212420 15197967 4213020
15159207 4209060 15162057 4209660
15169239 4280580 15170265 4281180
15155901 4154820 15157497 4155420
15149061 4209540 15149745 4210140
15196827 4158660 15198651 4159260
15183261 4357860 15184059 4358460
15166503 4176900 15167073 4177500
15153051 4328100 15153849 4328700
15183261 4302180 15184059 4302780
15155331 4170180 15157269 4170780
15149403 4224420 15150201 4225020
15164451 4310340 15165249 4310940
15155217 4212420 15155673 4213020
15182691 4344420 15183717 4345020
15166959 4268100 15169125 4269180
15159549 4318980 15161145 4320060
15171975 4189380 15172545 4189980
15168441 4142340 15169353 4142940
15183147 4246500 15184059 4247100
15183147 4254180 15184059 4254780
15152139 4151940 15153393 4152540
15173799 4280100 15176649 4280700
15178587 4225380 15179385 4225980
15156699 4181220 15157611 4181820
15173799 4361220 15181209 4361820
15196827 4246020 15198651 4246620
15162627 4174980 15163197 4175580
15180867 4137060 15183717 4137660
15159435 4164420 15160461 4165020
15158067 4228260 15158865 4228860
15183033 4189860 15184059 4190460
15153507 4241700 15155103 4242300
15155559 4262340 15156699 4262940
15184059 4201860 15191469 4202460
15164223 4307940 15165249 4308540
15169809 4215300 15171633 4216380
15171063 4179300 15171861 4179900
15163881 4228740 15164907 4229340
15175851 4198980 15176763 4199580
15159435 4308420 15160233 4309020
15461307 4193220 15462105 4193820
15156015 4141860 15158865 4142460
15181095 4166820 15183945 4167420
15152139 4209540 15153165 4210140
15151569 4146180 15152481 4146780
15172203 4237380 15175053 4237980
15169923 4268580 15171405 4269180
15159891 4255620 15161031 4256220
15150999 4185060 15152481 4185660
15171063 4225380 15172089 4225980
15175851 4294020 15176877 4294620
15167871 4284900 15169353 4285500
15181323 4245540 15183261 4246140
15164451 4163460 15165249 4164060
15162741 4342980 15164679 4343580
15197055 4274820 15198651 4275420
15154191 4150500 15155217 4151100
15154419 4264260 15155331 4264860
15165705 4216740 15166731 4217340
15166503 4230660 15167301 4231260
15153279 4216260 15155217 4216860
15175851 4214340 15176649 4214940
15148491 4295940 15149517 4296540
15183261 4186020 15184059 4186620
15149061 4284900 15149745 4285500
15163767 4329540 15164565 4330140
15167073 4140420 15169125 4141500
15151797 4287780 15152481 4288380
15466893 4378980 15467577 4379580
15176307 4216740 15178245 4217340
15155787 4324260 15156585 4324860
15172659 4210020 15174597 4210620
15156927 4279620 15158865 4280220
15159435 4153380 15160461 4153980
15183033 4219620 15184059 4220220
15168783 4271460 15169581 4272060
15164451 4200420 15165591 4201020
15164451 4353540 15165249 4354140
15166047 4209060 15167073 4209660
15169011 4219140 15170037 4219740
15164223 4262340 15165021 4262940
15170151 4210500 15172089 4211100
15197853 4172100 15198651 4172700
15161487 4258020 15161943 4258620
15181779 4162980 15183717 4163580
15183033 4318500 15184059 4319100
15197739 4184580 15198651 4185180
15149631 4213380 15150885 4213980
15159891 4134660 15161487 4135740
15176991 4197060 15178929 4197660
15161145 4217220 15161829 4217820
15154191 4151460 15154989 4152060
15166731 4166820 15167529 4167420
15183147 4294500 15184059 4295100
15182691 4147620 15183717 4148220
15160803 4315140 15161829 4315740
15149973 4308420 15150885 4309020
15157155 4311780 15157725 4312380
15163767 4175460 15164337 4176060
15153621 4334820 15154305 4335420
15154419 4222500 15157269 4223100
15164679 4296900 15165249 4297500
15175167 4207620 15176193 4208220
15160347 4136580 15161145 4137180
15183261 4148580 15184059 4149180
15166503 4270980 15167301 4271580
15154419 4328580 15155445 4329180
15152139 4173540 15152937 4174140
15164907 4224420 15165705 4225020
15164451 4337220 15165249 4337820
15166503 4242180 15167529 4242780
15152139 4280580 15152937 4281180
15164109 4324260 15165021 4324860
15158523 4227300 15159093 4227900
15159435 4236420 15160233 4237020
15167643 4294500 15168213 4295100
15172887 4188420 15173799 4189020
15171519 4303620 15173457 4304220
15166503 4139460 15167529 4140060
15154191 4223460 15154989 4224060
15172203 4214340 15173001 4214940
15159549 4213380 15161145 4214460
15181779 4273380 15183717 4273980
15148149 4253700 15151911 4254300
15154419 4211460 15155217 4212060
15162627 4266180 15162855 4266780
15182007 4253220 15183945 4253820
15151455 4282020 15152481 4282620
15162741 4344900 15164679 4345500
15165477 4283940 15165933 4284540
15169467 4218180 15170607 4218780
15166503 4267140 15167301 4267740
15173343 4204260 15174369 4204860
15156471 4158660 15157497 4159260
15161487 4329060 15162285 4329660
15154875 4172100 15156471 4173180
15162741 4346820 15164679 4347420
15159891 4216260 15160689 4216860
15156813 4210500 15157497 4211580
15169695 4148100 15170721 4148700
15154077 4140900 15154761 4141500
15153507 4319940 15154533 4320540
15146781 4395780 15161487 4396860
15154875 4269540 15155673 4270140
15170493 4217220 15171633 4217820
15173343 4197540 15173913 4198140
15162855 4199940 15163311 4200540
15161715 4219140 15162741 4219740
15168555 4265220 15169353 4265820
15162741 4348740 15164679 4349340
15165819 4210020 15166845 4210620
15154419 4192260 15155217 4192860
15176079 4165380 15177105 4165980
15167187 4260420 15168783 4261500
15197853 4267140 15198651 4267740
15158979 4282980 15160005 4283580
15150885 4332900 15151797 4333500
15197055 4235460 15198651 4236060
15166503 4163460 15167301 4164060
15157155 4199940 15158181 4200540
15158295 4178820 15159321 4179420
15166959 4207140 15168099 4207740
15181779 4205220 15183717 4205820
15175623 4237380 15176421 4237980
15162171 4177860 15164337 4178940
15162399 4195620 15162969 4196220
15170835 4147140 15171861 4147740
15173571 4230180 15174597 4230780
15158295 4216260 15159435 4216860
15156015 4316580 15157269 4317180
15149061 4191780 15149973 4192380
15153279 4294020 15153735 4294620
15159435 4233540 15160461 4234140
15152823 4176420 15154761 4177020
15165363 4137060 15166389 4137660
15152367 4326660 15153165 4327260
15156015 4160580 15157155 4161180
15155331 4231140 15156813 4231740
15157611 4240260 15158409 4240860
15149859 4156740 15150657 4157340
15167643 4228740 15168213 4229340
15166959 4232580 15167529 4233180
15161829 4272900 15162855 4273500
15154647 4282500 15154875 4283100
15152139 4172100 15152937 4172700
15170493 4280100 15171633 4280700
15163197 4183140 15164337 4183740
15159207 4314180 15160005 4314780
15180411 4171620 15182349 4172220
15174825 4283460 15175737 4284060
15151683 4135140 15152709 4135740
15171519 4154820 15173457 4155420
15160917 4195620 15162057 4196220
15166275 4229220 15166845 4229820
15164451 4246980 15165021 4247580
15179727 4229700 15180753 4230300
15154647 4188900 15155445 4189500
15160347 4281540 15161943 4282620
15164451 4209060 15165591 4209660
15162741 4338180 15164679 4338780
15152139 4305060 15153165 4305660
15165705 4274340 15166845 4274940
15170607 4241220 15171633 4241820
15164223 4250340 15165477 4250940
15166503 4251780 15167301 4252380
15183261 4337700 15184059 4338300
15154875 4320420 15156357 4321020
15159891 4275780 15161487 4276860
15157155 4150500 15158181 4151100
15173571 4163940 15174369 4164540
15176763 4226820 15178017 4227420
15151227 4189380 15151797 4189980
15166503 4162500 15167529 4163100
15159663 4146180 15160803 4146780
15151911 4178820 15152709 4179420
15162741 4354500 15164679 4355100
15149061 4155780 15149745 4156380
15149061 4280580 15149289 4281180
15165363 4257060 15166845 4257660
15152823 4147620 15153963 4148220
15164451 4233540 15165249 4234140
15152139 4182180 15153621 4182780
15154875 4290660 15156015 4291260
15171177 4298820 15171861 4299900
15150315 4138500 15152481 4139580
15169011 4228740 15170493 4229340
15183945 4198980 15184629 4199580
15166731 4154340 15167073 4154940
15164451 4241220 15165249 4241820
15151683 4279140 15152709 4279740
15155787 4244580 15157041 4245180
15175167 4285380 15176421 4285980
15166503 4306500 15167529 4307100
15173799 4290180 15174369 4290780
15159435 4197060 15159777 4197660
15171975 4215300 15173571 4216380
15175623 4286340 15176421 4286940
15164223 4320900 15165021 4321500
15155787 4191300 15156813 4191900
15163083 4347780 15165021 4348380
15166503 4233540 15167529 4234140
15157383 4209060 15158523 4209660
15175395 4284420 15175965 4285020
15156015 4190340 15157269 4190940
15162855 4311300 15163425 4311900
15162513 4184100 15162741 4184700
15165363 4151460 15166389 4152060
15183375 4220580 15185427 4221180
15158979 4141860 15160119 4142460
15175623 4288260 15176421 4288860
15168897 4242660 15169239 4243260
15146781 4374180 15154191 4374780
15154647 4326660 15155673 4327260
15173799 4302660 15174825 4303260
15167643 4142340 15168099 4142940
15157155 4242180 15157497 4242780
15168099 4254660 15169125 4255260
15169011 4176900 15170037 4177500
15164223 4191780 15165705 4192380
15150087 4190340 15152253 4191420
15176307 4300740 15177105 4301340
15149175 4319940 15149973 4320540
15159891 4166820 15160917 4167420
15161259 4246020 15161715 4246620
15169467 4300740 15170493 4301340
15156015 4151940 15157041 4152540
15162855 4196580 15163995 4197180
15164451 4207140 15165591 4207740
15157725 4200900 15158067 4201500
15166731 4165860 15167529 4166460
15176763 4182660 15178359 4183740
15155559 4295460 15156813 4296060
15152367 4211460 15153621 4212060
15171405 4269540 15171861 4270140
15150087 4270020 15152253 4271100
15164223 4189380 15165249 4189980
15157611 4281540 15158637 4282140
15174027 4203300 15174369 4203900
15164451 4139940 15165477 4140540
15175851 4276740 15176421 4277340
15161943 4301700 15163425 4302300
15172887 4152900 15173913 4153500
15154419 4261380 15155445 4261980
15150087 4197060 15152253 4198140
15157953 4226340 15158181 4226940
15173799 4165380 15174369 4165980
15164223 4323300 15165249 4323900
15176307 4210980 15176649 4211580
15166731 4265700 15167187 4266300
15175623 4222020 15176649 4222620
15158979 4294020 15159549 4294620
15173571 4294980 15175053 4295580
15175851 4167300 15177447 4168380
15168099 4239780 15169125 4240380
15172887 4231140 15173913 4231740
15154647 4159620 15154989 4160220
15167643 4270500 15168099 4271100
15167643 4243620 15168213 4244220
15151911 4316100 15152709 4316700
15150315 4222020 15152481 4223100
15153963 4173060 15154761 4173660
15179271 4201860 15179841 4202460
15163083 4265220 15164337 4265820
15161487 4237860 15162285 4238460
15175395 4227780 15176421 4228380
15157725 4202820 15158067 4203420
15152139 4293540 15153165 4294140
15177447 4199940 15178245 4200540
15164223 4222500 15165249 4223100
15170607 4242180 15171633 4242780
15227493 4165860 15242085 4180860
15163083 4297380 15164109 4297980
15164223 4302660 15165249 4303260
15156927 4213380 15157611 4214460
15157953 4295940 15159549 4297020
15155673 4185060 15156357 4185660
15150087 4172100 15151113 4172700
15156471 4272900 15157269 4273500
15153051 4253700 15153393 4254300
15162171 4293060 15164109 4294140
15164451 4210500 15165249 4211100
15154533 4321380 15154989 4321980
15170151 4297860 15170721 4298460
15163083 4343940 15165021 4344540
15196257 4179300 15198651 4179900
15153507 4301700 15154305 4302300
15152595 4189380 15153621 4189980
15154647 4157700 15155217 4158780
15174939 4151460 15175965 4152060
15167871 4281060 15168099 4281660
15152253 4139940 15152709 4140540
15171519 4192260 15172203 4193340
15165591 4157220 15166389 4157820
15153507 4310340 15154533 4310940
15179727 4323300 15184059 4323900
15159435 4290180 15160233 4290780
15154191 4275780 15154989 4276380
15149859 4214340 15150429 4214940
15158295 4269540 15159663 4270140
15157383 4259460 15158409 4260060
15155673 4286340 15157269 4287420
15153735 4258980 15154761 4259580
15157155 4292100 15157953 4292700
15159435 4309380 15160005 4309980
15150087 4296900 15152253 4297980
15162171 4141380 15164337 4142460
15161373 4390980 15165135 4391580
15158295 4264260 15159093 4264860
15171063 4159620 15173457 4160220
15162855 4270500 15164109 4271100
15164109 4204260 15164565 4204860
15153963 4208580 15154533 4209180
15151455 4174500 15152481 4175100
15174255 4221540 15175053 4222140
15158523 4310340 15159093 4310940
15183375 4165860 15184059 4166460
15154191 4143300 15154761 4143900
15152139 4317060 15155901 4317660
15173115 4277700 15173457 4278300
15176763 4148100 15177333 4148700
15165021 4357380 15166617 4358940
15161031 4164420 15162057 4165020
15152367 4238820 15152937 4239420
15160575 4137540 15161715 4138140
15158751 4156740 15159321 4157340
15155559 4260420 15157155 4261500
15164451 4223460 15165477 4224060
15196371 4243140 15198651 4243740
15162171 4258020 15162741 4258620
15165135 4332420 15166617 4333980
15197967 4279620 15198651 4280220
15157155 4197540 15157953 4198140
15166503 4291140 15169011 4291740
15169125 4238340 15170721 4239420
15169011 4293540 15169581 4294140
15157839 4241220 15159435 4242300
15197967 4237380 15198651 4237980
15149175 4205220 15149973 4205820
15162627 4176420 15163425 4177020
15157041 4175460 15157497 4176060
15164223 4290180 15165021 4290780
15154077 4160580 15154761 4161180
15163881 4215780 15164565 4216380
15156927 4274820 15157269 4275420
15166959 4258500 15167985 4259100
15154647 4318500 15155217 4319100
15156699 4185540 15157383 4186620
15150543 4178340 15151569 4178940
15149175 4283460 15149745 4284060
15164223 4230660 15165021 4231260
15176535 4186500 15177105 4187100
15164451 4264740 15165477 4265340
15157383 4248900 15157953 4249500
15150999 4276740 15152025 4277340
15163311 4155780 15163881 4156380
15196143 4256580 15198651 4257180
15168327 4198980 15169125 4199580
15159435 4316580 15160005 4317180
15154875 4263300 15155445 4263900
15176307 4192740 15177105 4193340
15156699 4249380 15157269 4249980
15153051 4207620 15154077 4208220
15176763 4201860 15178359 4202940
15162057 4165380 15163653 4166460
15166731 4155300 15167301 4155900
15156813 4177860 15157497 4178940
15161943 4257060 15162741 4257660
15149175 4212420 15150201 4213020
15227493 4343460 15242085 4358460
15149175 4148580 15149745 4149180
15165021 4381380 15166617 4382940
15168555 4272900 15169239 4273980
15183375 4197540 15183945 4198140
15159891 4147140 15161487 4148220
15177447 4225860 15178473 4226460
15154647 4137540 15155217 4138620
15227493 4205220 15242085 4220220
15165021 4386180 15166617 4387740
15176079 4155780 15176649 4156860
15159435 4332420 15160005 4333500
15167871 4263780 15168441 4264380
15227493 4312740 15242085 4327740
15227493 4374180 15242085 4389180
15159891 4189380 15160461 4189980
15196257 4165860 15198651 4166460
15160803 4294020 15161943 4294620
15160803 4170660 15161601 4171260
15153963 4209540 15154533 4210140
15160347 4290180 15161943 4291260
15169695 4271940 15169923 4272540
15466095 4192260 15468375 4192860
15171747 4202820 15172317 4203420
15227493 4251300 15242085 4266300
15179043 4211460 15179613 4212060
15171177 4293060 15171861 4294140
15432009 4378980 15463587 4379580
15172887 4161540 15173457 4162140
15155787 4305060 15156813 4305660
15149403 4330500 15149973 4331100
15192837 4291140 15198423 4291740
15149859 4271940 15150201 4272540
15164223 4162500 15165021 4163100
15156471 4299300 15157041 4299900
15169239 4154820 15170037 4155420
15183603 4140900 15184059 4141500
15152367 4328580 15152937 4329180
15160233 4247940 15161829 4249020
15183603 4301220 15185427 4301820
15150087 4145700 15150657 4146300
15150315 4200900 15151113 4201500
15150999 4255620 15151797 4256220
15146781 4387140 15161487 4387740
15157383 4264260 15157953 4264860
15157155 4193700 15157953 4194300
15154989 4174020 15156585 4175100
15227493 4389540 15242085 4396860
15158979 4186500 15159549 4187100
15164223 4254180 15165021 4254780
15164223 4148100 15165021 4148700
15183375 4209060 15184059 4209660
15149631 4278660 15150315 4279260
15149859 4262820 15151113 4263420
15149403 4177860 15149973 4178460
15176763 4285380 15178359 4286460
15227493 4196580 15242085 4203900
15154533 4273860 15154989 4274460
15171519 4197060 15172089 4197660
15183375 4175460 15184059 4176060
15174939 4194180 15175509 4194780
15153963 4271940 15154989 4272540
15455037 4192260 15460623 4192860
15165021 4376580 15166617 4378140
15156243 4301700 15157269 4302300
15168555 4215780 15169695 4216380
15162171 4300260 15162741 4300860
15183603 4214820 15185427 4215420
15169239 4258980 15169809 4259580
15227493 4297380 15242085 4312380
15152595 4187460 15153051 4188060
15150771 4142340 15150999 4142940
15183831 4176420 15185427 4177020
15163881 4272420 15164337 4273020
15169011 4230660 15169581 4231260
15166503 4146180 15167073 4146780
15183603 4218660 15184059 4219260
15198195 4222020 15198651 4222620
15171747 4287300 15172773 4287900
15151455 4312260 15152025 4312860
15466095 4193220 15468375 4193820
15183147 4282980 15183945 4283580
15149403 4327140 15149973 4327740
15171519 4232580 15172089 4233180
15159207 4228740 15159663 4229340
15149859 4355460 15157269 4356060
15168099 4155300 15168669 4155900
15164679 4143780 15164907 4144380
15162969 4180740 15164907 4181340
15164451 4153860 15165021 4154460
15172089 4179300 15172317 4179900
15461307 4192260 15462105 4192860
15227493 4282020 15242085 4297020
15156471 4135620 15157041 4136220
15153279 4180260 15153849 4180860
15167871 4221540 15168441 4222140
15164109 4219140 15165135 4219740
15164907 4142820 15165477 4143420
15172773 4225860 15173913 4226460
15198195 4198980 15198651 4199580
15198309 4285380 15198651 4285980
15169239 4267140 15170607 4267740
15157155 4314180 15157953 4314780
15227607 4204260 15228405 4204860
15153735 4285860 15154305 4286460
15196599 4195140 15198651 4195740
15159435 4139460 15160005 4140540
15183489 4158180 15184059 4158780
15192609 4295460 15198195 4296060
15183603 4269540 15184059 4270140
15468147 4378980 15468375 4379580
15149403 4186020 15149973 4186620
15176307 4292100 15176877 4292700
15174141 4285380 15174825 4285980
15162399 4261860 15162855 4262460
15241971 4135140 15256677 4165500
15157383 4236420 15158409 4237020
15164679 4277700 15165249 4278300
15167301 4282020 15167985 4282620
15160233 4141380 15161829 4142460
15174711 4145700 15182121 4146300
15159435 4279620 15160005 4280700
15227493 4220580 15242085 4235580
15150885 4246980 15151341 4247580
15156585 4243140 15159093 4243740
15146781 4376580 15161487 4377660
15198081 4159620 15198651 4160220
15161829 4184580 15162285 4185180
15158523 4189380 15159093 4189980
15174027 4300740 15174369 4301340
15162969 4292100 15163425 4292700
15164565 4345860 15166617 4346460
15285747 4396260 15296805 4396860
15149631 4146660 15150201 4147260
15183603 4290660 15184059 4291260
15168441 4146180 15168669 4146780
15155331 4259460 15155787 4260060
15161601 4145700 15162285 4146300
15156357 4238820 15156813 4239420
15165021 4366980 15166617 4368540
15161259 4317060 15162285 4317660
15183603 4151460 15184059 4152060
15162627 4212420 15162855 4213020
15175965 4146660 15183375 4147260
15149859 4176900 15150201 4177500
15168213 4144260 15168669 4144860
15183603 4230180 15185427 4230780
15149061 4172100 15149517 4172700
15149631 4181700 15150201 4182300
15148491 4195140 15149517 4195740
15166617 4217700 15167073 4218300
15154647 4217220 15155217 4218300
15183831 4267620 15185427 4268220
15160119 4162980 15160575 4163580
15198195 4276740 15198651 4277340
15171291 4282020 15171861 4282620
15146781 4367940 15161487 4368540
15165021 4395780 15166617 4396380
15164223 4288740 15164793 4289340
15166503 4149060 15167073 4149660
15161145 4318020 15162171 4318620
15183831 4143780 15185427 4144380
15171177 4142820 15171861 4143420
15198423 4156740 15198651 4157340
15432009 4192740 15446715 4193340
15183603 4272420 15185427 4273020
15153051 4225860 15153279 4226460
15148491 4271940 15149517 4272540
15160119 4227300 15160347 4227900
15161031 4324740 15161601 4325340
15165135 4321860 15166617 4322460
15151569 4144740 15152025 4145340
15146781 4382340 15161487 4382940
15152139 4247940 15152709 4248540
15171519 4213860 15172089 4214460
15227493 4328100 15242085 4343100
15196599 4284420 15198651 4285020
15227493 4266660 15242085 4281660
15227493 4181220 15242085 4196220
15165135 4342020 15166617 4342620
15161373 4391940 15165135 4392540
15150771 4305540 15151455 4306140
15172545 4275300 15173001 4275900
15183375 4210020 15185427 4210620
15164451 4186500 15165021 4187100
15158409 4324740 15158637 4325340
15227493 4235940 15242085 4250940
15171519 4274340 15171747 4274940
15167187 4195620 15167529 4196220
15188391 4379460 15195801 4381020
15161715 4220580 15162285 4221180
15165135 4279620 15166617 4280220
15194319 4287300 15198651 4287900
15165021 4359300 15166617 4359900
15182691 4284900 15183717 4285500
15166503 4169220 15167073 4169820
15165591 4247460 15166617 4248060
15173799 4291140 15174825 4291740
15176307 4281060 15183717 4281660
15197967 4171140 15198651 4171740
15170835 4214340 15171405 4214940
15198195 4286340 15198651 4286940
15149517 4200420 15150087 4201020
15164679 4256580 15165249 4257180
15149859 4149540 15150315 4150140
15170379 4271460 15170949 4272060
15154647 4169700 15155217 4170300
15168099 4246980 15168669 4247580
15158409 4306500 15158637 4307100
15159435 4301220 15160005 4301820
15197967 4198020 15198651 4198620
15192609 4305060 15198195 4305660
15154875 4209060 15155445 4209660
15239235 4204260 15240261 4204860
15164907 4318020 15166617 4318620
15165591 4276260 15166161 4276860
15161943 4244100 15162399 4244700
15455037 4193220 15460623 4193820
15227493 4358820 15242085 4373820
15198309 4281540 15198651 4282140
15154647 4252740 15155217 4253340
15198081 4155780 15198651 4156380
15164907 4168260 15166617 4168860
15164109 4197060 15164565 4197660
15168669 4213860 15169125 4214460
15149631 4324740 15150201 4325340
15149631 4252260 15151569 4252860
15154305 4308900 15155331 4309500
15164679 4309380 15165249 4309980
15194319 4232580 15198651 4233180
15172659 4268580 15173001 4269180
15183375 4304100 15184059 4304700
15148947 4221060 15150885 4221660
15460737 4192740 15461193 4193340
15183375 4191780 15185427 4192380
15173799 4286340 15174825 4286940
15155217 4171140 15155445 4171740
15155331 4322340 15155787 4322940
15166503 4248900 15166959 4249500
15198195 4266180 15198651 4266780
15153051 4190340 15153621 4190940
15166503 4362180 15181209 4363740
15240603 4204260 15242085 4204860
15161829 4327140 15162855 4327740
15149061 4223460 15149517 4224060
15152823 4185540 15153165 4186140
15175965 4385700 15183375 4386300
15169695 4144740 15170037 4145340
