G2:
40071 1129860 41097 1130460
55233 1130820 56259 1131420
20121 1127460 56715 1128060
36993 1128900 51699 1129500
38817 1129860 39843 1130460
20121 1148580 34827 1149180
20121 1139940 34827 1140540
20121 1135140 34827 1135740
20121 1138980 34827 1139580
20121 1130340 34827 1130940
20121 1134180 34827 1134780
22401 1144260 37107 1144860
15105 1145220 51699 1145820
22401 1125060 37107 1125660
15105 1141380 51699 1141980
15105 1146180 51699 1146780
15105 1136580 51699 1137180
15105 1131780 51699 1132380
51585 1147140 56487 1147740
15105 1142820 20235 1143420
513 1137540 29811 1138140
15105 1126020 51699 1126620
51585 1144260 56487 1144860
513 1132740 29811 1133340
513 1128900 29811 1129500
49305 1123620 56715 1124220
513 1123140 29811 1123740
513 1124100 29811 1124700
15105 1143780 20235 1144380
51585 1143300 56487 1143900
51585 1137540 56487 1138140
51585 1140420 56487 1141020
513 1147620 15219 1148220
15105 1127460 18867 1128060
36993 1134660 51699 1135260
36993 1149060 51699 1149660
29697 1142340 44403 1142940
29697 1147140 44403 1147740
513 1138980 15219 1140060
513 1130340 15219 1131420
36993 1139460 51699 1140060
513 1134180 15219 1135260
49305 1133220 56715 1133820
56145 1128900 56487 1129500
44289 1138500 51699 1139100
44289 1148100 51699 1148700
51585 1142340 56487 1142940
56145 1129860 56487 1130460
51585 1125060 56487 1125660
51585 1135620 56487 1136220
29697 1143300 44403 1143900
