G4:
34713 1144740 56715 1145340
15105 1138020 20235 1138620
15105 1125060 22515 1125660
513 1142340 29811 1142940
51585 1130820 55347 1131420
15105 1144260 22515 1144860
15105 1126500 18867 1127100
49305 1128420 56715 1129020
29697 1124100 44403 1124700
29697 1133700 44403 1134300
49305 1138020 56715 1138620
29697 1127940 44403 1128540
513 1139940 15219 1141020
15105 1145700 18867 1146300
18753 1136100 20235 1136700
40071 1129380 47481 1129980
44289 1123140 51699 1123740
44289 1142340 51699 1142940
18753 1140900 20235 1141500
29697 1137540 44403 1138140
15105 1132260 18867 1132860
44289 1132740 51699 1133340
49305 1147620 56715 1148220
34713 1129380 38475 1129980
513 1146660 15219 1147260
18753 1131300 20235 1131900
44289 1143300 51699 1143900
513 1129380 15219 1130460
513 1137060 15219 1137660
38931 1129380 39273 1129980
513 1135140 15219 1136220
29697 1138500 44403 1139100
18753 1137060 20235 1137660
51585 1126980 56487 1127580
51585 1126020 56487 1126620
34713 1135140 56715 1135740
34713 1139940 56715 1140540
15105 1148580 20235 1149180
15105 1128420 20235 1129020
