G1:
39729 1129860 40185 1130460
22401 1149060 37107 1149660
20121 1145700 56715 1146300
20121 1140900 56715 1141500
20121 1136100 56715 1136700
20121 1131300 56715 1131900
55233 1127940 56259 1128540
38361 1129380 39045 1129980
22401 1134660 37107 1135260
22401 1129860 37107 1130460
22401 1139460 37107 1140060
20121 1144740 34827 1145340
20121 1146660 56715 1147260
20121 1125540 34827 1126140
20121 1124580 34827 1125180
20121 1141860 56715 1142460
20121 1126500 56715 1127100
20121 1137060 56715 1137660
20121 1132260 56715 1132860
55575 1129860 56259 1130460
55233 1128900 56259 1129500
34713 1143780 56715 1144380
20121 1138020 49419 1138620
20121 1128420 49419 1129020
20121 1133220 49419 1133820
20121 1123620 49419 1124220
51585 1149060 56487 1149660
15105 1147620 20235 1148220
513 1143300 29811 1143900
15105 1139940 20235 1140540
15105 1138980 20235 1139580
15105 1135140 20235 1135740
51585 1148100 56487 1148700
15105 1130340 20235 1130940
15105 1134180 20235 1134780
51585 1138500 56487 1139100
29697 1148100 44403 1148700
513 1127460 15219 1128060
513 1125540 15219 1126620
15105 1146660 18867 1147260
15105 1131300 18867 1131900
513 1144740 15219 1145820
513 1140900 15219 1141980
513 1136100 15219 1137180
49305 1142820 56715 1143420
513 1132260 15219 1132860
513 1138020 15219 1138620
513 1133220 15219 1133820
513 1148580 15219 1149660
36993 1125060 51699 1125660
47367 1129380 54777 1129980
513 1128420 15219 1129020
18753 1127460 20235 1128060
513 1123620 15219 1124220
51585 1139460 56487 1140060
51585 1134660 56487 1135260
51585 1133700 56487 1134300
51585 1124100 56487 1124700
51585 1123140 56487 1123740
15105 1129380 20235 1129980
