G3:
39159 1129380 40185 1129980
34713 1138980 56715 1139580
36993 1129860 38931 1130460
15105 1140420 51699 1141020
15105 1135620 51699 1136220
15105 1130820 51699 1131420
15105 1126980 51699 1127580
34713 1148580 56715 1149180
51585 1145220 56487 1145820
34713 1125540 56715 1126140
34713 1134180 56715 1134780
34713 1124580 56715 1125180
20121 1142820 49419 1143420
15105 1144740 20235 1145340
513 1138500 29811 1139100
513 1127940 29811 1128540
29697 1128900 37107 1129500
15105 1134660 22515 1135260
15105 1139460 22515 1140060
15105 1133220 20235 1133820
15105 1129860 22515 1130460
15105 1125540 20235 1126140
51585 1141380 56487 1141980
513 1148100 29811 1148700
51585 1136580 56487 1137180
40983 1129860 55689 1130460
18753 1145700 20235 1146300
51585 1127940 55347 1128540
29697 1123140 44403 1123740
44289 1147140 51699 1147740
36993 1144260 51699 1144860
44289 1137540 51699 1138140
29697 1132740 44403 1133340
513 1145700 15219 1146780
15105 1137060 18867 1137660
513 1141860 15219 1142460
18753 1132260 20235 1132860
15105 1149060 22515 1149660
51585 1128900 55347 1129500
56145 1130820 56487 1131420
56145 1127940 56487 1128540
18753 1141860 20235 1142460
513 1142820 15219 1143420
18753 1146660 20235 1147260
51585 1146180 56487 1146780
51585 1132740 56487 1133340
51585 1131780 56487 1132380
15105 1123620 20235 1124220
15105 1124580 20235 1125180
