G4:
605055 813540 606537 814620
451839 804900 453321 805980
413421 802020 415017 803100
567207 808740 568689 809820
457995 802020 459021 802620
443631 813060 444657 813660
596847 808740 597873 809340
603003 812580 604485 813180
574275 816420 575757 817500
568575 813540 570513 814140
595023 809700 596961 810300
580203 817860 582597 818460
580203 818820 581229 819420
592059 808740 594453 809340
595479 802980 596505 803580
426189 803460 427101 804060
595251 803940 596277 804540
556947 805860 558657 806460
606423 811620 608817 812220
570171 802020 571425 802620
623979 811620 630477 812220
440553 807780 442149 808860
589551 803460 590577 804060
571311 807780 572337 808380
569943 807300 570969 807900
437703 815460 439185 816540
587043 808740 588069 809340
458907 807780 459477 808380
427671 815940 428697 816540
606423 812580 607449 813180
446139 807780 447165 808380
442035 803460 443289 804060
556263 812580 557289 813180
574503 819780 575529 820380
556263 815460 557289 816060
455715 802500 456741 803100
594339 815940 594909 816540
568233 806820 569145 807420
420831 805380 421515 805980
589551 814500 590235 815580
410799 814020 412053 814620
556947 804900 557973 805500
672999 808740 673683 809820
569715 805860 571083 806940
560367 803940 561849 805020
573363 809700 574617 810300
562419 812100 563445 812700
578151 810180 579405 810780
616683 811140 617709 811740
416271 804900 416841 805500
579291 802500 580317 803100
565155 808260 566181 808860
554667 804420 555693 805020
564015 817860 565041 818460
588069 816420 588753 817500
563103 802980 564129 803580
576783 810660 577467 811740
564129 809700 564813 810780
569943 814500 571425 815580
559341 802980 560025 804060
598671 811620 599697 812220
581913 816420 582597 817500
567435 817380 568917 818460
572907 818820 574389 819420
426759 804420 427785 805020
438957 813540 439641 814620
560367 811620 561051 812700
591147 812580 592629 813660
442263 810660 442947 811740
592743 814500 593769 815100
415587 808740 416613 809340
562305 803940 563673 805020
617367 812580 618849 813660
444315 810180 445341 810780
609615 813540 610641 814140
429039 807300 430065 807900
418095 802500 419121 803100
586587 822180 588069 823260
675279 802980 676761 803580
575871 807300 577125 807900
590919 814500 592401 815580
587271 809700 588753 810300
456399 807300 457425 807900
561735 814500 562761 815100
454347 805860 455031 806940
427671 813540 428697 814140
677559 804900 679041 805980
592743 802980 593769 803580
571995 810660 573477 811740
678243 802980 679725 803580
673455 810180 674709 810780
559683 813540 561165 814620
567435 820260 568917 820860
578835 813540 580317 814620
572679 817380 573363 818460
586359 820740 586815 821340
569715 816420 571197 817500
560139 801060 561621 802140
562647 816420 564129 817500
427671 808740 428697 809340
441351 804420 442833 805020
457311 802980 458793 804060
447051 802020 448533 803100
426303 815940 426987 816540
577695 815460 579177 816060
506103 805860 507585 806940
571653 803940 573021 805020
569715 818340 571197 819420
571767 813540 573249 814620
586131 819300 587613 820380
588069 820260 589437 821340
611211 814980 612693 815580
566067 813060 566637 813660
439983 809700 441465 810780
411483 804900 412053 805500
442605 813540 443289 814620
423567 804900 424137 805500
423567 810660 424365 811260
426987 809700 427785 810300
564927 816420 566409 817500
442491 802020 443973 803100
418779 811140 419577 811740
443517 806820 444201 807900
574047 807780 575529 808860
590919 802020 592287 803100
589095 817380 590577 818460
441123 802020 441693 802620
415815 811140 416727 811740
449787 803940 451269 805020
576099 819780 577125 820380
576213 802020 576897 802620
452637 802500 453321 803100
568347 814980 568803 815580
587043 811140 587727 811740
567321 804900 567549 805500
676761 810180 677217 810780
592059 810660 592857 811260
410799 813060 411027 813660
565497 817860 566181 818460
553185 815460 553869 816060
572451 821220 573021 821820
577467 822660 578151 823260
428583 803940 429951 805020
425619 807780 426303 808380
449217 806820 449673 807420
451839 801540 452523 802140
421743 801540 422427 802140
565839 805860 566637 806460
580887 814500 581343 815100
416271 803940 417069 804540
441465 805380 442149 805980
413649 808740 415017 809820
416841 805860 418209 806940
422883 814020 423225 814620
561507 810180 561963 810780
577695 821220 578949 821820
594111 802980 594681 803580
607335 814500 607905 815100
506559 804420 507015 805020
586245 811620 586473 812220
675507 811140 675963 811740
457995 807780 458451 808380
411825 805860 412509 806460
591603 815940 592173 816540
673569 811140 673797 811740
543267 813060 543495 813660
590919 805860 592287 806940
430863 804900 432231 805980
586017 816420 587385 817500
584421 806820 585789 807900
570171 812580 570399 813180
576099 810660 576327 811260
677331 807780 677787 808380
460389 803940 461301 804540
585903 814980 588069 815580
414333 805860 415701 806940
414333 810660 415701 811740
589209 810180 589437 810780
592857 805860 594225 806940
600153 812580 601521 813660
578607 816420 579177 817020
608019 814020 608589 814620
590691 811140 591489 811740
557403 803460 557859 804060
425847 811620 427215 812700
594795 807300 595365 807900
411939 808740 413307 809820
578607 819300 579177 819900
544065 807780 544977 808380
562533 805860 563901 806940
598215 813060 598785 813660
590463 802020 590691 802620
581343 804900 582711 805980
425049 803460 425277 804060
576327 804900 578493 805500
597075 812100 597645 812700
584421 820740 585333 821340
423225 808740 424593 809820
619761 811140 620673 811740
418665 805860 420033 806940
560139 806820 561507 807900
586359 813540 587727 814620
430635 806820 432003 807900
584421 818820 585333 819420
438729 810660 439641 811260
421287 814500 422655 815580
588183 813540 590349 814140
572109 821700 572337 822300
584421 811140 585333 811740
643701 811140 644613 811740
414219 803940 415587 805020
449331 802500 451497 803100
596391 813540 596961 814140
420831 812580 422199 813660
421173 803940 422541 805020
581571 802980 582141 803580
602547 814020 603801 814620
426417 802020 427785 803100
430179 802980 430749 803580
559911 805380 560481 805980
610527 814500 611097 815100
425619 816900 427785 817500
418323 815940 418893 816540
583623 812580 585789 813180
416955 807300 418209 807900
521949 810660 522177 811260
613035 814020 613605 814620
584535 805380 585105 805980
427899 810180 430065 810780
425391 814980 425961 815580
675051 808260 676533 808860
592971 812100 595137 812700
589323 818820 590577 819420
672429 811140 673341 811740
560595 802500 561165 803100
558543 801540 559797 802140
559683 815940 561849 816540
435423 807780 435993 808380
615087 814500 615657 815100
427899 814980 430065 815580
675849 806820 676761 807420
541215 808260 542697 808860
551475 802020 552729 802620
588411 812100 589893 812700
419577 803940 420489 804540
586587 818340 588069 818940
598899 813540 599469 814140
595479 804900 596733 805500
562419 813060 563673 813660
555579 807300 557061 807900
677787 802020 678357 802620
416271 802500 416613 803100
421059 811620 422313 812220
553071 813060 554553 813660
599127 814980 600381 815580
674823 806820 675393 807420
675165 809700 675393 810300
451839 803460 453093 804060
425391 810660 426645 811260
675051 810660 675279 811260
584421 804420 585333 805020
603915 811620 605169 812220
581571 820740 583053 821340
612123 813060 613605 813660
605055 814980 606537 815580
617139 814500 617709 815100
580203 804900 581001 805500
558429 811620 559341 812220
448419 804900 449673 805500
564699 815460 566181 816060
443631 808260 444885 808860
579063 821700 580545 822300
580089 806340 581001 806940
675279 805380 676761 805980
454917 801540 455829 802140
558087 807780 559341 808380
595479 802020 596961 802620
574503 810660 575871 811740
464721 802500 465633 803100
455031 803460 456285 804060
417639 812580 418209 813180
443175 805380 444429 805980
592743 817380 593085 817980
439983 814020 442149 814620
573819 821220 574389 821820
563331 801540 564585 802140
430863 803460 432345 804060
417411 804900 418665 805500
670491 810660 671973 811260
566751 812580 568917 813180
522747 811620 524001 812220
412851 803940 413421 804540
603003 814980 604485 815580
575187 814020 576441 814620
446823 815940 447621 816540
548853 812580 549081 813180
437475 808740 438957 809340
591831 804900 592401 805500
559911 817380 561393 817980
453207 808740 454461 809340
559683 809220 561165 809820
584421 802500 585333 803100
445569 804900 446937 805980
574503 802020 575871 803100
419235 807300 419805 807900
459363 802020 460845 802620
572337 802020 573705 803100
457881 804420 458793 805020
572223 814980 573705 815580
436107 802020 437361 802620
673455 804420 674709 805020
589095 815940 590349 816540
449787 808740 451269 809340
577695 819300 578493 819900
423111 803460 424593 804060
565953 804900 566181 805500
553755 807780 555009 808380
436449 808740 436677 809340
428583 802980 429153 803580
594339 811140 595593 811740
577011 803460 578493 804060
616455 814500 616911 815100
615087 813540 616569 814140
573819 817860 575301 818460
600951 815460 601521 816060
562875 815460 564129 816060
562191 809700 563559 810780
423111 815460 424593 816060
429039 812580 429267 813180
581799 814500 583281 815100
584535 816900 584991 817500
596163 814500 597645 815100
593427 813060 594909 813660
671175 808260 672429 808860
422427 802500 422997 803100
452637 806340 453549 806940
652707 811620 653049 812220
597987 814020 598329 814620
564015 808260 564357 808860
577695 814020 578493 814620
418095 811140 418437 811740
416727 816420 418209 817020
418095 803460 418437 804060
445227 815940 446709 816540
565839 801540 567093 802140
553413 802020 553641 802620
673455 803460 674253 804060
545547 815940 545889 816540
612579 811620 613149 812220
606651 814500 607221 815100
669807 809220 671289 809820
639255 811140 640737 811740
601407 811620 602205 812220
412053 807300 412509 807900
585675 811620 586017 812220
423795 816900 424251 817500
566979 814020 568461 814620
567207 802980 567663 803580
395181 811140 409887 811740
656241 807780 657609 808860
562647 817860 562989 818460
586359 810180 586929 810780
451839 807780 453321 808380
442947 806340 443175 806940
576897 808740 578265 809820
435423 802980 436905 803580
444315 814500 444657 815100
567093 810660 568461 811740
591603 807780 592401 808380
426303 805380 427785 805980
461301 805860 462669 806940
421971 810660 423225 811260
552957 820740 564015 821340
602319 814980 602661 815580
444771 803940 446253 804540
595251 814020 595593 814620
557175 802020 557745 802620
454575 807780 455943 808860
457197 808740 458565 809820
569943 802980 571311 804060
587955 810660 588297 811260
411483 802020 412851 803100
645639 811140 646209 811740
571539 820260 573021 820860
640395 812100 651453 812700
582939 805380 583167 805980
586359 805860 587727 806940
506787 803460 507585 804060
445569 809700 446937 810780
430863 814500 432231 815580
609843 811140 610413 811740
614403 814500 614745 815100
415587 802020 415929 802620
437931 802980 439413 803580
570171 808260 570513 808860
597075 810660 597645 811260
545547 816900 556605 817500
636975 811140 638457 811740
571311 821700 571653 822300
636633 813540 651339 814140
418779 814020 420261 814620
648945 806820 650313 807900
423795 802500 425277 803100
572451 806820 573249 807420
566067 802980 566637 803580
618393 814020 618849 814620
446823 808740 447165 809340
573477 807780 573819 808380
562647 807780 563217 808380
570855 804420 571425 805020
597531 813540 597873 814140
587613 807300 588069 807900
559227 810180 559569 810780
618507 811620 619305 812220
581115 809700 582483 810780
577695 807780 578493 808380
419919 811140 420489 811740
441123 806340 441693 806940
588411 802020 589779 803100
655671 811620 656241 812220
429837 808740 430293 809340
557403 808260 557973 808860
572679 823140 573249 823740
522405 812580 533463 813180
670491 806340 671289 806940
622155 812100 622953 812700
582483 824580 583053 825180
564243 804900 564813 805500
462099 808260 462669 808860
676647 808740 677445 809340
459135 805860 460503 806940
465975 802500 466773 803100
564471 813060 565041 813660
422883 805380 423339 805980
641307 811140 642561 811740
558771 806820 559341 807420
462099 804900 462669 805500
424707 809220 425277 809820
430635 811140 431205 811740
415131 812100 415701 812700
520809 810660 521493 811260
568803 811620 569373 812220
424479 801540 425277 802140
415815 813540 417867 815580
449103 809220 449445 809820
580887 803940 581685 804540
415131 814980 415701 815580
463011 803460 463581 804060
664791 810660 665361 811260
423909 805860 425277 806940
535743 812580 543153 813180
673227 805380 674253 805980
564015 807300 564813 807900
421515 816420 422085 817020
467571 804900 468141 805500
676647 801540 677445 802140
544179 813060 544977 813660
464379 806820 464949 807420
556263 802020 557061 802620
582255 808740 583053 809340
415587 807780 416385 808380
555807 805380 556377 805980
594339 814020 594909 814620
616911 808740 617481 809340
554895 802020 555693 802620
557859 815460 558657 816060
661713 801540 662625 802140
590463 807780 591261 808380
421515 807300 422313 807900
664107 802980 664677 803580
585675 809220 586473 809820
582027 811140 583053 811740
614859 807780 616797 808380
582027 807300 583053 807900
617481 802500 618393 803100
432459 815940 434055 816540
436335 807780 440097 808380
550563 807780 551361 808380
584991 815460 585789 816060
437247 806340 440097 806940
595935 810660 596733 811260
594111 817380 594909 817980
580203 812100 581001 812700
577695 817860 578949 818460
412623 810660 413421 811260
585675 801540 586473 802140
441351 815940 442149 816540
455943 809700 456513 810300
422427 816420 422997 817020
409089 813540 410001 814140
404643 812100 405213 812700
570399 810660 571197 811260
507813 810180 516591 810780
443631 810660 444201 811260
580203 820260 581001 820860
597759 806340 598671 806940
579975 811140 581001 811740
507699 805380 509295 805980
597759 804420 598671 805020
616911 801540 617481 802140
569943 819780 570741 820380
539391 808260 540189 808860
667983 811620 670833 812220
429267 806340 429837 806940
571539 808740 572337 809340
432459 807300 434055 807900
538365 817860 553071 818460
630591 811140 631389 811740
404871 805380 407721 805980
597759 807780 598671 808380
410115 809220 410913 809820
617481 810180 618393 810780
595935 815460 596733 816060
593313 815940 593541 816540
440895 811620 441693 812220
561735 808740 562533 809340
558543 813060 559341 813660
450927 806340 451725 806940
549765 815940 551361 816540
574731 803460 575529 804060
464835 804900 465405 805500
500745 820260 544635 820860
544179 816900 544977 817500
438387 804900 438957 805500
444315 811140 445113 811740
598557 801540 613263 802140
467343 811620 470193 812220
673683 806340 674253 806940
467571 803940 468369 804540
416271 809700 416841 810300
406125 806340 408975 806940
593883 810180 594909 810780
617481 807780 618393 808380
673569 802020 674481 802620
620103 813540 622155 814140
436677 814020 437589 814620
580545 808740 581115 809340
659661 802500 660573 803100
417183 809220 417639 809820
567891 815940 568461 816540
582939 817860 584535 818460
465519 803940 466317 804540
655443 809220 656355 809820
597759 803460 598671 804060
582939 810180 584535 810780
617481 804420 618393 805020
582711 821700 583167 822300
616683 805380 617595 805980
597759 809700 598671 810300
629337 807780 632187 808380
545433 803940 554211 804540
560823 805380 561849 805980
444543 806820 445569 807420
468027 806340 504621 806940
568119 802980 568917 803580
597759 802500 598671 803100
420147 810180 420717 810780
658179 816900 659775 817500
590691 819780 591261 820380
545433 808740 554211 809340
447507 808740 448533 809340
507699 802980 544293 803580
614631 806820 617481 807420
443175 812100 443973 812700
463695 806340 464265 806940
666957 806340 668553 806940
551703 807780 552273 808380
670947 807300 671973 807900
581799 813060 582825 813660
447051 811620 448077 812220
586587 812580 587613 813180
542013 815940 543609 816540
412851 811620 413649 812220
587043 802980 588069 803580
426759 813540 427329 814140
558885 808740 559569 809340
564927 814020 565953 814620
561279 811140 561849 811740
616911 803460 617823 804060
579519 804420 579747 805020
650883 811140 651453 811740
408861 809220 409773 809820
465405 805860 466317 806460
422655 811620 423225 812220
596163 816900 596733 817500
455487 805860 456513 806460
573819 805380 574845 805980
651567 806340 653163 806940
432459 806340 434055 806940
567891 805380 568689 805980
659661 815940 696255 816540
419463 804900 420033 805500
540303 813540 543153 814140
447735 810180 448761 810780
561393 819300 565155 819900
410685 806340 411255 806940
566523 821220 567435 821820
599811 814020 600381 814620
571311 815940 571881 816540
468711 812580 470307 813180
454689 802500 455259 803100
445455 811140 446025 811740
433143 804900 433713 805500
460047 807300 460617 807900
610755 804900 614517 805500
413307 805380 414105 805980
598443 815940 599013 816540
462783 802020 463353 802620
463695 805380 464721 805980
427215 807780 427785 808380
610755 815940 654645 816540
590235 809700 590805 810300
609501 806820 609729 807420
615771 812100 616227 812700
582711 819300 583281 819900
408861 814980 409089 815580
504279 805380 505875 805980
634239 811140 634809 811740
576327 818820 577353 819420
580431 815940 581229 816540
588639 807780 589665 808380
449331 807780 449901 808380
424707 808260 425277 808860
578607 807300 579633 807900
420375 815460 420945 816060
574047 822660 575985 823260
556491 808260 556947 808860
448875 803940 449331 804540
457767 805380 458793 805980
555693 806340 556263 806940
549879 812580 550905 813180
610527 803940 614289 804540
423111 801540 423795 802140
578151 820260 578949 820860
409659 806340 410229 806940
428811 805380 429609 805980
599583 815940 600153 816540
648489 805860 649059 806460
420147 816420 420945 817020
417183 808260 417753 808860
424707 815940 425277 816540
651225 826020 695115 826620
555009 805860 555579 806460
585447 820260 585903 820860
648489 823620 655899 824220
597303 805380 597873 805980
467343 802500 467571 803100
658179 803460 658407 804060
576327 815940 577353 816540
424707 812580 425277 813180
642903 811140 643473 811740
434739 803940 435309 804540
561279 812580 561849 813180
671403 803940 672201 804540
446367 802980 446937 803580
585903 804900 586359 805500
425391 813540 425961 814140
571995 805860 572451 806460
408747 804420 409317 805020
521151 812580 521949 813180
585903 803460 586929 804060
423567 812100 424023 812700
584421 801540 584649 802140
507471 811140 507927 811740
417639 801540 418209 802140
569031 808740 570057 809340
624663 802500 625461 803100
570855 812580 571653 813180
582711 802020 583281 802620
575643 805860 576213 806460
616569 802500 617025 803100
556491 802980 557061 803580
566067 810660 566637 811260
453777 802500 454233 803100
409659 804900 410115 805500
425847 809700 426417 810300
609159 803460 609729 804060
409431 814980 410001 815580
420261 807780 420717 808380
573477 803460 573933 804060
549537 802980 550221 803580
439185 802020 440781 802620
507129 823620 507927 824220
542811 802020 544749 802620
545433 802020 546915 802620
439413 808740 439869 809340
456285 804900 456741 805500
618279 805380 625689 805980
671517 809700 671973 810300
413307 806820 413763 807420
555807 803940 556263 804540
453435 803940 454005 804540
433941 803460 434169 804060
601635 814020 602091 814620
579291 808260 579747 808860
575643 814980 576213 815580
418095 808740 420033 809340
580659 822180 581457 822780
421059 810660 421629 811260
655785 820740 657723 821340
609501 807780 609729 808380
609501 804420 609957 805020
422883 806340 423453 806940
588639 806340 589095 806940
671745 804900 672201 805500
426759 808740 427329 809340
584421 822660 586017 823260
590463 804420 591033 805020
427671 806340 428127 806940
641763 809220 649173 809820
600039 811620 600267 812220
434283 807780 434853 808380
445227 812580 445683 813180
460731 807780 461415 808380
580659 816900 581115 817500
564927 802500 565383 803100
554097 822180 568803 822780
671859 801540 672657 802140
553185 814500 553641 815100
598557 805380 598785 805980
678699 807300 679725 807900
575643 821700 576441 822300
447735 803460 448305 804060
444315 803460 444543 804060
674481 805860 674937 806460
552159 815460 552843 816060
558771 804900 559227 805500
629337 802980 630021 803580
581913 824100 582369 824700
663423 812580 678129 813180
505875 815940 507813 816540
403161 805380 403389 805980
434055 805380 434511 805980
575985 802980 576213 803580
505875 807300 507813 807900
430635 808260 431091 808860
399741 816420 414447 817020
448191 811140 455601 811740
650199 805860 650427 806460
421287 806340 421743 806940
546801 812580 548397 813180
661713 802500 662739 803100
511119 813540 525825 814140
656127 806340 656355 806940
522633 826980 544635 827580
669351 806820 670035 807420
537339 808260 537795 808860
657951 802500 658407 803100
562077 815940 562533 816540
437589 812100 438273 812700
571425 816900 571881 817500
663993 810660 664677 811260
589437 804900 589893 805500
419007 809700 419463 810300
420717 802980 421173 803580
445455 813540 445683 814140
587043 804900 588069 805500
417867 810180 418437 810780
571311 817860 571539 818460
591717 811620 591945 812220
636633 808740 636861 809340
566523 811620 566979 812220
609159 812100 609957 812700
582939 823620 583167 824220
528333 824580 528561 825180
522633 817380 537339 817980
462099 816900 476805 817500
590235 806340 590691 806940
592515 801540 592971 802140
674253 817860 696255 818460
677217 806340 691923 806940
578607 823140 579291 823740
622041 803940 636747 804540
441579 813060 442377 813660
439299 803940 441237 804540
431205 802020 431889 802620
441579 814980 442377 815580
415587 802980 415929 803580
586587 804420 586815 805020
427671 811140 428469 811740
432231 811140 432687 811740
548625 802020 549081 802620
584421 819780 584877 820380
584991 821700 585219 822300
652023 808260 655785 808860
544521 814500 545547 815100
566295 807300 567093 807900
564015 803940 564243 804540
665475 802020 667413 802620
654987 811140 655329 811740
505305 804420 505989 805020
409773 808260 410229 808860
585675 814020 585903 814620
578037 801540 578721 802140
520809 811620 521493 812220
565953 809700 566751 810300
549195 813060 549651 813660
566979 819300 567321 819900
552159 813060 552615 813660
509979 802020 539277 802620
658179 804420 658407 805020
471561 823140 486267 823740
591603 822660 592059 823260
577695 827460 581457 828060
445227 805860 445455 806460
436677 816900 437361 817500
432459 802500 434055 803100
402477 812100 403161 812700
565155 820740 566181 821340
430863 816420 431889 817020
678471 808260 693177 808860
434283 802020 434967 802620
670605 805380 671289 805980
545433 802980 546915 803580
567435 803940 567663 804540
575643 812580 576441 813180
651225 826980 665931 827580
638457 812580 639141 813180
609843 809220 613605 809820
507129 824580 507927 825180
429837 815940 430521 816540
569715 804900 569943 805500
652251 805380 656013 805980
418779 807780 419121 808380
429723 812100 430749 812700
420717 809220 421401 809820
507813 806340 509295 806940
411483 803460 412281 804060
604599 802500 612009 803100
447735 807300 447963 807900
632073 804900 632757 805500
608703 810180 609729 810780
643929 818340 658635 818940
509865 813540 510549 814140
445455 808740 445683 809340
444999 816900 445683 817500
671289 802500 672315 803100
622611 814020 622839 814620
566409 817860 567093 818460
579633 824100 580659 824700
619305 825060 620331 825660
573135 815940 573933 816540
554211 814500 557973 815100
581799 823140 582483 823740
428355 817380 428697 817980
582141 826500 583167 827100
653049 812580 654075 813180
657267 811140 658293 811740
552159 821220 552843 821820
444201 812100 444657 812700
432345 801540 432687 802140
566067 803940 566751 804540
429039 817380 432801 817980
630363 802500 634125 803100
486153 822180 500859 822780
507129 818820 507927 819420
608019 805860 609045 806460
641763 803460 656469 804060
468027 802980 469965 803580
615087 804420 615429 805020
620103 807780 620787 808380
430179 802020 430977 802620
664563 809700 668325 810300
443289 816420 444315 817020
576897 821700 577125 822300
554097 806820 555123 807420
551931 810180 555693 810780
582141 825540 583167 826140
395181 805380 402591 805980
403617 804900 404643 805500
594225 804900 594453 805500
592743 807300 592971 807900
528789 824580 558087 825180
637203 814500 644613 815100
597531 801540 597873 802140
568575 802020 568917 802620
688845 813060 696255 813660
622041 821220 651339 821820
610071 805860 613833 806460
651225 822180 665931 822780
414675 813060 415701 813660
554325 815940 555009 816540
633897 822660 648603 823260
473043 807300 502341 807900
406125 804420 408063 805020
598557 808740 605967 809340
681549 814020 696255 814620
678471 810180 693177 810780
662169 809700 664107 810300
639711 802020 654417 802620
657495 805860 664905 806460
424707 804420 425505 805020
577695 811620 578721 812220
505875 816900 507813 817500
622041 806820 636747 807420
492537 826500 507243 827100
669921 802020 670149 802620
590007 820740 590691 821340
538365 814980 542127 815580
439527 812580 439869 813180
614859 809700 616797 810300
590007 808740 590805 809340
522633 822180 544635 822780
538935 804900 542697 805500
485241 817860 499947 818460
675621 802020 675849 802620
445227 814980 459933 815580
462099 815940 469509 816540
428013 812100 428241 812700
590577 826020 591603 826620
644499 806820 646437 807420
661029 808740 668439 809340
591375 820740 592059 821340
561393 824100 576099 824700
543951 805860 544977 806460
463239 807780 464265 808380
468027 809220 490029 809820
665817 823140 673227 823740
471561 826980 486267 827580
507813 801540 509295 802140
687249 807300 694659 807900
678471 803940 679497 804540
579063 809220 579405 809820
410343 815460 411369 816060
674253 822660 696255 823260
688845 814980 696255 815580
674139 807780 674481 808380
568803 804420 569145 805020
657495 806820 664905 807420
556947 809700 557973 810300
583851 825060 591261 825660
591717 826500 592059 827100
633897 827460 648603 828060
410343 811620 411027 812220
538365 816900 542127 817500
396321 802980 411027 803580
618279 806820 620217 807420
431547 810180 432573 810780
610299 807780 614061 808380
664677 817380 672087 817980
482619 803460 497325 804060
546801 823140 568803 823740
509181 807300 538479 807900
412851 807780 413877 808380
478857 812580 493563 813180
619305 824100 620331 824700
497895 813060 505305 813660
467115 814980 496413 815580
522747 803940 544749 804540
507813 804420 509295 805020
564699 803940 564927 804540
449787 806340 450129 806940
683031 802020 690441 802620
516477 811140 520239 811740
408633 812580 409659 813180
666957 804420 670719 805020
619305 820260 620331 820860
413991 814980 415017 815580
412851 815460 413877 816060
571995 812100 572337 812700
622041 825060 651339 825660
444999 802020 445341 802620
515337 816420 516363 817020
620673 814500 622155 815100
552957 805380 554895 805980
426303 814020 426645 814620
637431 812100 637773 812700
500175 812100 507585 812700
403617 809700 407379 810300
614403 802980 614745 803580
595251 815940 595593 816540
446823 812580 454233 813180
619305 826020 620331 826620
428583 811620 429267 812220
590577 826980 591603 827580
506331 808260 507357 808860
471561 824100 500859 824700
592743 804900 593085 805500
641763 804420 656469 805020
444087 804420 444429 805020
459363 809220 459591 809820
592743 813540 593085 814140
441123 802980 441465 803580
433941 810180 437703 810780
676419 811140 691125 811740
503595 814980 507357 815580
583053 803460 584535 804060
446823 813540 468825 814140
474639 803940 482049 804540
544521 823140 545547 823740
471561 825060 500859 825660
509181 824580 523887 825180
538365 818820 560367 819420
592173 803940 593199 804540
416955 810660 417297 811260
695001 821220 696027 821820
544521 806820 545547 807420
618279 809220 632985 809820
464607 801540 472017 802140
553983 811140 557745 811740
423111 807300 423453 807900
666957 807300 668895 807900
425619 805380 425961 805980
597531 815460 597873 816060
622041 820260 651339 820860
563901 811140 564927 811740
410913 810660 411939 811260
552159 802980 555921 803580
680751 804420 695457 805020
584535 824100 591945 824700
695001 825060 696027 825660
631959 812100 635721 812700
535287 813060 535629 813660
433941 813060 437703 813660
544407 804900 545433 805500
450243 809700 451269 810300
473385 803940 474069 804540
419463 813060 419805 813660
576099 803940 576441 804540
573591 808740 573933 809340
688845 819780 696255 820380
509181 808260 531183 808860
483303 814020 490713 814620
571311 805380 571653 805980
580887 807300 581229 807900
695001 826980 696027 827580
566523 815460 566865 816060
433941 811140 437703 811740
458565 806820 458907 807420
463239 804420 464265 805020
