G1:
676305 805860 676989 806940
655671 807780 656355 808860
587841 802020 588525 803100
587613 815460 588297 816540
585447 816420 586131 817500
566523 813060 567321 813660
470193 812580 478971 813180
562419 803460 563217 804060
507813 817860 538479 818460
573363 810660 574047 811740
600039 815940 600837 816540
578151 802020 578835 803100
573249 817380 573933 818460
572337 816420 573021 817500
418095 805860 418779 806940
568575 809700 569259 810780
566523 810660 567207 811740
429609 810660 430293 811740
580887 813540 581685 814140
442035 813540 442719 814620
442035 811620 442719 812700
425163 802500 425961 803100
425163 805860 425847 806940
674139 802980 674937 803580
616683 809700 617481 810300
615999 804420 616797 805020
616683 808260 617481 808860
411939 810180 412851 810780
616683 802020 617481 802620
604827 814500 605625 815100
438159 812580 439641 813660
422883 805860 423681 806460
611895 814020 612693 814620
594795 813060 596049 813660
446823 802980 448989 803580
642105 811620 643929 812220
556491 804420 557745 805020
575757 808740 576897 809340
443859 814020 445341 814620
568347 818820 569601 819420
598671 813060 599925 813660
412167 802980 413421 803580
605283 812580 606537 813180
587613 814020 588753 814620
447963 809220 449217 809820
558771 806340 560139 806940
561393 816420 562533 817020
433941 803940 434853 804540
615543 811140 616797 811740
458679 802980 459477 803580
419463 816420 420261 817020
456399 808740 457197 809340
443175 803460 444429 804060
566409 820740 568233 821340
416271 810660 417069 811260
596391 802980 597645 803580
619419 812100 620673 812700
419121 802980 420033 803580
594795 803460 596049 804060
581571 803940 582597 804540
594111 802500 595365 803100
436791 802980 438045 803580
670605 810180 671289 810780
409773 815940 411597 816540
677331 808260 678585 808860
558771 805380 560025 805980
419919 805860 421401 806460
561051 813060 562533 813660
594111 801540 595593 802140
451155 808260 452409 808860
542013 814980 543837 815580
679953 809700 687363 810300
587613 806340 588753 806940
409773 814020 410913 814620
575757 810180 576897 810780
568347 814020 569601 814620
468483 806820 470307 807420
465861 802020 469623 802620
575757 802500 576897 803100
468483 815460 470307 816060
504393 805860 506217 806460
670605 812100 672429 812700
666957 808260 668781 808860
653961 812580 655101 813180
613149 801540 614973 802140
469737 820260 471675 820860
679725 808740 687135 809340
417753 814500 418893 815100
656583 812100 658407 812700
575643 816900 577125 817500
432117 805380 434055 805980
675507 810660 676989 811260
581343 827460 583167 828060
570969 805860 572109 806460
582825 807780 583965 808380
407265 805860 409089 806460
432117 812100 434055 812700
402705 812580 403845 813180
469737 819300 471675 819900
560595 820260 561621 820860
564243 820740 565269 821340
402705 811620 403845 812220
469737 818340 471675 818940
558543 804420 560025 805020
561051 802500 562533 803100
439071 815460 440553 816060
680865 804900 688275 805500
426531 814980 428013 815580
620217 826980 622155 827580
565155 819300 566181 819900
589323 820260 590805 820860
620217 825060 622155 825660
469737 821220 471675 821820
632643 814020 633669 814620
558543 812580 560025 813180
620217 824100 622155 824700
455715 801540 456741 802140
419463 812580 420945 813180
575415 807780 576441 808380
440667 803460 441237 804060
620217 821220 622155 821820
575415 817860 576441 818460
620217 820260 622155 820860
570627 819780 571311 820380
438843 814500 440325 815100
412623 804900 414105 805500
620217 823140 622155 823740
543951 817380 545433 817980
608703 813060 610185 813660
561963 820260 562989 820860
587271 813060 588297 813660
592743 811620 594909 812220
589323 808260 590805 808860
620217 822180 622155 822780
671859 807300 672885 807900
438843 809220 439869 809820
422199 804900 423681 805500
620217 826020 622155 826620
577239 812580 578265 813180
429267 808260 430293 808860
553755 815460 556377 816060
469737 826980 471675 827580
613947 814980 615429 815580
613491 812100 614517 812700
623979 811140 626145 811740
620217 818340 622155 818940
461187 804420 463353 805020
632643 811140 633669 811740
601407 812100 604029 812700
455943 802980 456969 803580
469737 824100 471675 824700
533349 812580 535173 813180
469737 826020 471675 826620
412851 801540 413877 802140
571311 814500 573477 815100
607107 812100 609273 812700
607335 815940 608361 816540
587499 819300 588981 819900
601635 814500 602661 815100
572451 807300 573933 807900
573591 814980 575757 815580
456399 805860 457425 806460
469737 825060 471675 825660
564015 814980 566181 815580
554097 803940 555921 804540
549195 801540 550221 802140
580431 810660 581913 811260
603459 815940 604485 816540
595251 806340 596733 806940
568347 811140 569829 811740
590463 804900 591945 805500
564015 818340 566181 818940
568803 813060 570285 813660
438843 804900 441465 805500
469737 823140 471675 823740
573591 819300 575757 819900
679953 807300 687363 807900
583167 802980 585333 803580
441579 802020 442605 802620
576099 803460 577125 804060
623637 814020 624321 814620
426987 803460 427785 804060
680637 801540 688047 802140
576099 820260 578265 820860
589323 810180 590805 810780
584991 817860 587613 818460
570399 813540 571881 814140
405327 804900 406353 805500
618279 802500 624777 803100
591375 817860 591945 818460
571083 818820 573021 819420
580887 812100 582369 812700
458337 807780 459021 808380
427671 809700 429837 810300
563559 813060 564585 813660
580431 819300 581457 819900
432117 814980 434055 815580
658293 803460 667071 804060
592743 810660 594909 811260
515679 802500 516705 803100
413307 810180 415473 810780
523545 811140 524229 811740
592059 815940 593085 816540
671859 805380 673341 805980
582711 805860 584193 806460
577467 811140 580089 811740
450927 805380 451953 805980
625575 814020 626601 814620
556149 806340 557061 806940
443631 807780 444885 808380
469737 822180 471675 822780
590577 819300 591261 819900
453435 805860 454461 806460
601635 813060 604257 813660
594339 808260 596961 808860
446367 810660 447849 811260
599127 811140 601749 811740
571197 815460 571881 816060
437703 816900 445113 817500
578835 817380 580317 818460
463467 802980 465633 803580
443859 802500 445341 803100
429495 805380 430521 805980
675963 804420 677217 805020
565839 814020 567093 814620
559227 815940 559797 816540
425619 815460 426303 816060
568689 814980 569373 815580
608703 814980 611325 815580
412851 811140 413877 811740
558315 811140 558885 811740
613491 814020 614517 814620
567549 802980 568233 803580
580203 805380 581457 805980
422199 813060 423453 813660
581001 821700 581685 822300
597531 810660 598101 811260
585105 821700 585789 822300
453435 809220 454461 809820
673683 807780 674253 808380
555123 821220 555807 821820
514083 802500 514995 803100
545547 808260 546117 808860
575529 804900 576213 805500
451155 803940 452181 804540
427671 816420 428241 817020
550335 802020 551019 802620
416043 815460 417525 816540
427215 814020 427785 814620
458679 803940 459249 804540
590463 803940 591033 804540
417411 808740 418209 809340
529815 813060 532437 813660
589551 814020 592173 814620
603915 811140 606537 811740
580203 802020 581457 802620
601407 815940 602661 816540
674367 808740 675849 809820
553755 808260 555009 808860
575643 813060 576213 813660
457995 801540 459249 802140
634695 811140 635949 811740
622041 814500 622725 815100
421059 807300 421629 807900
447051 807780 448533 808860
592743 814980 593313 815580
573819 803940 575301 805020
440895 815940 441465 816540
424251 809700 425277 810300
609843 811620 611325 812700
563331 812100 564585 812700
453207 804900 454461 805500
674139 806340 674709 806940
590463 802500 591033 803100
578379 814980 578949 815580
568575 806340 569601 806940
634923 814020 636177 814620
671175 806340 672429 806940
590463 816900 591033 817500
644499 811140 645753 811740
539391 813060 540645 813660
597531 814020 598101 814620
422313 815940 422997 816540
431889 806820 432573 807420
583053 823620 591831 824220
583053 818340 583965 818940
579177 821220 579861 821820
592173 804420 592857 805020
663993 809700 664677 810300
451611 806340 452181 806940
507129 802980 507813 803580
466203 803940 467685 805020
441579 809220 442149 809820
672771 810660 673455 811260
563901 807780 564585 808380
573819 813540 575301 814620
442263 815940 443517 816540
558543 813540 559797 814140
615543 813060 616797 813660
441009 810660 441693 811260
598215 814020 599469 814620
446823 805380 448305 805980
592173 805860 592857 806460
592515 813060 593541 813660
571197 803460 572109 804060
576327 813540 577809 814620
419805 810660 420489 811260
577695 805380 578949 805980
581115 815460 582597 816540
562761 804900 563445 805500
460959 805380 461985 805980
426987 808260 427671 808860
622839 812100 624093 812700
420375 804420 421059 805020
542583 808260 544293 808860
451725 809700 452409 810300
557745 803460 558429 804060
425733 814020 426417 814620
565839 803460 566637 804060
452979 803460 454233 804060
456627 804900 458337 805500
436335 815940 437019 816540
563331 802020 564357 802620
430863 803940 432117 804540
578151 809700 579177 810300
420261 802020 421173 802620
617823 814020 618507 814620
672771 808260 673455 808860
558087 802500 559341 803100
426531 804900 427785 805500
563445 809700 564129 810300
567207 816420 568689 817500
417525 811140 418209 811740
434055 806820 435765 807420
583053 826500 591831 827100
443631 812580 445341 813180
446595 806340 447621 806940
410115 808260 411825 808860
585675 820740 586359 821340
436677 809220 437361 809820
616683 814020 617367 814620
580887 806340 581571 806940
569259 821220 570741 822300
450471 809220 451155 809820
409659 813060 410913 813660
571197 809220 572109 809820
563901 810660 564813 811260
464151 807780 464835 808380
583053 825540 591831 826140
407835 804900 408519 805500
545433 806820 554211 807420
424479 804900 426189 805500
582369 809700 583281 810300
571197 812100 572109 812700
590235 811620 591261 812220
658293 811140 667071 811740
563787 814020 564813 814620
677787 804420 679041 805020
580659 802980 581685 803580
418779 815460 420489 816060
548055 813060 549309 813660
446709 803940 447621 804540
668439 806340 669465 806940
582255 813540 583053 814620
658293 806340 667071 806940
588183 811620 589437 812220
545433 811620 554211 812220
570399 802500 571425 803100
505647 803940 506673 804540
444087 806340 445113 806940
410799 804420 411483 805020
670719 811140 671973 811740
404415 812580 405099 813180
577695 808260 579405 808860
527079 802500 528333 803100
415473 804420 416385 805020
507813 811140 516591 811740
444999 803460 446025 804060
562875 817380 564129 817980
581571 817380 583281 817980
676647 803460 678129 804060
442719 810180 444429 810780
552615 802020 553527 802620
545433 816420 554211 817020
426531 810660 427785 811260
576783 821220 577809 821820
463239 802020 464265 802620
557859 809700 559341 810300
671859 809700 672885 810300
620673 807780 629451 808380
585447 810180 586473 810780
640623 811620 641877 812220
543723 812580 544977 813180
416955 802500 418209 803100
583053 824580 591831 825180
637659 814020 638913 814620
593655 814500 594909 815100
565155 804900 566067 805500
415587 806820 417069 807420
596847 805860 597873 806460
582483 810660 583509 811260
584991 805380 586017 805980
561735 811620 562533 812700
596847 802020 597873 802620
596847 809220 597873 809820
449103 801540 450585 802140
651339 811140 652821 811740
596847 804420 597873 805020
596391 811620 597189 812220
578607 822180 579405 823260
580203 814500 581001 815580
587271 809220 588297 809820
589095 809220 590577 809820
554439 801540 556149 802140
569943 815940 570513 816540
618963 813540 620217 814140
439755 801540 440439 802140
568803 802020 570285 802620
413307 812100 415245 812700
676647 802020 677445 803100
496755 805380 503253 805980
585675 807780 587385 808380
565839 807780 566865 808380
561735 814980 562761 815580
616683 812100 618393 812700
560367 810660 561849 811260
507813 812100 516591 812700
512031 802500 513513 803100
590463 812580 591261 813660
420603 814020 422997 814620
546687 808260 547941 808860
568803 817380 570513 817980
593655 804420 595365 805020
394953 806820 403731 807420
594339 816420 595137 817500
427215 812580 427785 813180
442035 807300 443517 807900
574731 801540 575643 802140
446823 816420 447621 817500
568119 807780 570513 808380
576099 814980 577581 815580
693861 817380 695799 817980
552501 813060 553185 813660
525711 802500 526737 803100
577695 804420 578607 805020
573591 802980 575073 803580
596847 814980 599241 815580
587271 821220 588069 822300
414903 802500 415929 803100
575187 812100 576213 812700
444315 804420 445797 805020
583167 804900 584877 805500
414903 808740 415701 809820
634011 802500 634809 803100
415587 812100 417297 812700
449787 805860 450813 806460
442947 809220 444429 809820
576099 805860 576897 806940
559455 814980 560937 815580
587271 816900 588183 817500
572907 820260 573933 820860
571311 804900 573021 805500
412395 807300 413307 807900
564243 806340 566637 806940
583623 813540 584535 814140
580887 807780 581685 808860
455715 806820 456513 807900
583281 802020 583965 802620
569031 803940 570627 805020
566523 808740 567321 809820
430977 807780 432573 808860
586587 802020 587385 803100
583167 819300 584877 819900
429153 812580 430065 813180
639027 812100 639939 812700
573591 821700 575301 822300
460503 807300 462897 807900
554439 812580 556377 813180
453891 807300 454917 807900
564699 815940 565269 816540
505875 804900 508269 805500
451041 801540 451953 802140
449559 806820 450471 807420
521379 810660 522063 811260
546801 804900 553299 805500
577695 815940 578607 816540
417183 804420 418095 805020
566751 804420 567663 805020
560823 804900 561849 805500
422655 807780 424593 808380
434739 805860 436221 806460
610299 807300 616797 807900
582483 820260 583509 820860
447963 811620 454461 812220
649059 809220 655557 809820
568575 805380 569829 805980
411255 805860 411939 806460
678699 802500 680637 803100
607107 813540 608361 814140
437931 806820 439299 807900
646095 811140 647007 811740
546687 813060 547599 813660
669807 809700 670377 810300
442263 803940 442833 804540
419007 810180 419577 810780
422883 812100 423681 812700
620559 811140 621585 811740
571311 808260 572337 808860
546801 814500 553299 815100
465291 805380 466317 805980
672087 804420 673113 805020
448419 805860 449331 806460
657951 802020 659661 802620
602547 809220 609045 809820
625575 805380 632073 805980
675279 806340 675849 806940
422883 802500 423909 803100
558315 808260 559341 808860
429039 802500 429951 803100
411939 811140 412509 811740
426759 816420 427329 817020
537795 808260 538821 808860
415587 805860 416613 806460
454917 811620 456513 812700
434055 801540 434625 802140
423111 810660 423681 811260
671859 808740 672657 809340
507015 810180 507927 810780
433941 808260 440439 808860
429267 803460 430179 804060
445683 815460 446709 816060
556035 809700 557061 810300
421515 810660 422085 811260
558315 817380 559341 817980
413763 815460 415359 816540
580887 820260 581685 820860
597531 812100 598329 812700
430065 809700 430977 810300
540075 808260 540873 808860
583167 821220 584421 821820
442491 802980 443061 803580
547371 802500 548169 803100
553755 802500 554781 803100
556377 801540 557289 802140
410115 805380 411141 805980
560253 821700 566751 822300
409659 809220 410229 809820
607791 814980 608361 815580
418779 803940 419349 804540
451611 807300 452637 807900
651795 814980 658293 815580
409659 812100 410913 812700
564015 802980 564813 803580
570399 810180 571425 810780
584307 810660 585333 811260
444315 801540 445113 802140
410685 802500 411597 803100
427785 817380 428469 817980
429039 801540 429609 802140
422313 803460 423225 804060
424251 812100 424821 812700
427101 806820 428013 807420
424251 815940 424821 816540
425163 801540 426417 802140
553299 821220 553869 821820
443175 811620 444429 812220
439755 812580 440325 813180
528219 813060 529473 813660
436563 814500 437589 815100
538251 802500 538821 803100
582939 808740 584193 809340
517047 802500 518073 803100
604941 815940 605625 816540
555351 808260 555921 808860
429723 814500 430977 815100
610527 814020 611553 814620
451383 802500 452637 803100
573819 808740 574503 809820
542583 813060 543381 813660
425049 812100 425961 812700
441123 805860 441693 806460
563787 808740 564699 809340
586359 808740 587043 809820
416727 808260 417297 808860
559683 801540 560253 802140
573591 802020 574617 802620
423681 817380 424593 817980
582939 811620 584193 812220
577125 806820 577809 807900
551247 815460 552273 816060
529815 802500 530841 803100
535515 813060 536085 813660
463239 806820 464493 807420
576099 822180 577353 822780
590121 814980 591033 815580
569715 820260 570285 820860
568803 815940 569601 816540
561735 805860 562533 806460
577695 822180 578379 822780
652023 812100 653049 812700
421743 807780 422313 808380
422313 801540 422997 802140
520923 802500 522177 803100
594339 815460 595365 816060
561735 807780 562761 808380
629679 814020 630705 814620
559227 811620 560481 812220
586245 804900 586929 805980
564129 803940 564813 804540
414675 807780 415701 808380
429723 816420 430977 817020
425163 816420 426189 817020
424935 803940 426189 804540
592743 803460 593769 804060
428583 816900 429609 817500
537795 813060 539049 813660
589095 816420 589779 817500
410799 809220 412053 809820
566751 802020 567435 802620
571311 821220 572565 821820
600267 814020 601293 814620
543267 802500 544293 803100
585447 814500 586701 815100
561051 809220 562533 809820
676647 809220 677673 809820
590691 815940 591717 816540
577695 818340 578379 819420
519327 802500 520353 803100
459135 804900 459819 805980
439527 810660 440781 811260
673683 811620 675165 812700
589779 801540 591261 802140
674139 804900 675165 805500
674139 810660 675165 811260
595365 811620 596049 812700
423111 815940 424137 816540
461187 808260 462213 808860
429267 806820 430749 807420
615543 814500 616569 815100
572907 812580 574389 813180
588183 810660 589209 811260
578379 803460 579405 804060
679953 803460 694659 804060
589779 818340 591261 818940
595479 814020 596505 814620
561735 814020 562761 814620
677673 801060 678357 802140
621699 811140 623181 811740
462099 801060 462783 802140
576099 819300 577125 819900
578493 814020 578949 814620
419007 811620 420033 812220
574275 805860 575757 806940
440439 806340 440895 806940
410913 807300 411825 807900
585675 812580 586701 813180
449217 803940 449901 805020
611895 812580 612921 813180
440439 812100 441465 812700
654303 811620 655785 812220
444087 814980 445341 815580
460503 802500 461985 803100
413307 805860 414333 806460
466659 805860 468141 806940
394953 804900 403731 805500
430749 802500 431661 803100
550791 812580 552273 813180
561279 817380 561735 817980
431775 816420 433257 817020
413307 803940 414333 804540
523659 802500 524229 803100
583167 806820 584193 807420
669807 810660 670491 811260
453207 802020 453891 802620
592059 809700 593541 810300
427899 812580 428697 813180
545433 825060 576099 825660
677331 806820 678813 807900
432573 802980 433485 803580
609729 815940 610413 816540
585903 811620 586359 812220
589551 813060 590007 813660
643929 817380 649515 817980
555351 805380 555921 805980
562875 814020 563331 814620
417411 803460 418209 804060
609843 803940 610641 805020
455031 805860 455487 806460
460389 806340 461301 806940
432573 803940 433485 804540
571425 817860 572109 818460
579633 803940 581001 805020
592173 802020 592857 802620
586587 810660 587043 811260
430179 801540 430977 802140
658293 824580 688959 825180
565269 802020 566637 803100
427785 802500 428697 803100
551589 821220 552273 821820
416499 809220 417297 809820
521835 812580 522519 813180
464151 803940 465633 805020
690327 802020 695913 802620
617709 811140 618165 811740
557061 807780 557517 808380
573705 816420 574389 817020
588639 808260 588867 808860
454119 802500 454803 803100
454347 801540 455031 802140
658293 818820 688959 819420
501087 801540 506673 802140
675279 811620 676761 812700
591831 812100 592515 812700
426189 807780 426417 808380
650199 806820 655785 807420
445227 801060 446595 802140
658293 823620 688959 824220
410115 806340 410799 806940
507813 814020 538479 814620
470193 809700 500859 810300
556491 802500 557061 803100
455145 802500 455829 803100
540531 802500 542697 803100
585789 802980 586473 803580
415587 814980 415929 815580
535971 808260 536655 808860
415587 814020 415929 814620
470193 808740 500859 809340
567207 805380 568005 805980
447051 801540 447735 802140
403617 807780 409203 808380
609387 805860 610185 806940
500745 802980 506331 803580
443061 806340 443517 806940
507813 818820 538479 819420
614175 809220 614973 809820
614859 805860 615657 806460
593427 815940 593997 816540
410229 801540 410913 802140
417183 805380 417753 805980
594111 807300 594909 807900
403617 813540 409203 814140
610527 809700 611325 810780
585903 815460 586473 816060
590691 806820 592059 807900
566979 817860 567549 818460
585219 819780 585789 820380
584421 808740 585789 809820
603915 814500 604485 815100
470193 814500 500859 815100
424821 808740 425277 809340
596619 816900 597189 817500
609159 808740 609957 809820
493449 812580 504507 813180
412167 808260 412737 808860
418779 807300 419349 807900
418323 811140 418893 811740
592971 817380 593427 817980
549993 807780 550677 808380
545433 826980 576099 827580
578607 819780 579177 820380
559683 808260 560253 808860
507813 819780 538479 820380
570627 811140 571425 811740
509295 804900 509865 805500
613491 803460 614289 804060
612579 811140 613149 811740
670263 805860 670833 806460
658293 819780 688959 820380
584763 816420 584991 817020
560253 804420 560481 805020
464379 809700 469965 810300
595935 805380 596505 805980
404529 816900 410115 817500
606423 814020 606993 814620
565383 817380 565953 817980
434853 802020 436221 803100
610983 802980 611781 804060
614631 802980 615429 803580
587955 807300 588753 807900
555237 807300 555693 807900
587499 805380 588069 805980
564699 812580 565269 813180
416385 801060 417753 802140
591147 821220 591717 821820
418209 801060 419577 802140
437703 801060 439071 802140
507813 823620 538479 824220
615087 804900 615885 805500
567549 823620 578607 824220
531183 802500 531753 803100
421287 808740 422655 809820
551247 807780 551817 808380
675849 807300 676761 807900
615315 809220 616113 809820
411939 804900 412167 805500
562875 808260 563445 808860
581685 824580 582597 825180
539619 802500 540189 803100
422199 811620 422769 812220
419007 804900 419577 805500
553755 804900 555009 805500
431091 811140 432345 811740
669921 806820 670833 807420
456627 809700 457197 810300
561963 806820 564129 807420
597645 815940 598557 816540
672315 803460 673569 804060
416613 802980 416841 803580
594339 805380 595593 805980
416955 813060 418209 813660
427899 801540 428469 802140
445227 810660 445797 811260
431091 810180 431661 810780
608931 814020 609501 814620
618279 811140 619533 811740
445569 817380 446481 817980
565725 815940 566637 816540
636519 811620 637773 812220
572337 805860 573705 806940
584421 814980 585333 815580
599583 814500 600153 815100
656241 805860 657609 806940
576327 801540 576897 802140
447051 809220 447621 809820
662511 801540 664677 802140
442719 805380 443289 805980
575187 815940 576441 816540
583851 803940 585333 804540
557175 821220 559341 821820
595479 810660 596049 811260
536199 802500 537453 803100
557859 807300 559341 807900
543837 816420 544749 817020
587955 803940 588297 804540
570399 801540 570969 802140
582483 812580 583737 813180
521379 811620 522861 812220
462555 805860 463809 806460
613491 813060 614745 813660
522519 802500 523089 803100
598557 802980 609615 803580
584421 807780 585333 808380
596619 807300 597873 807900
584535 801540 585789 802140
570399 806820 571653 807420
626487 811140 628653 811740
607107 814500 607449 815100
629223 811140 630705 811740
589551 821220 590805 821820
449103 807300 449331 807900
423681 801540 424593 802140
595935 815940 597189 816540
618279 801540 629337 802140
436563 806340 437361 806940
433713 802020 433941 802620
560367 803460 560937 804060
669807 808740 671289 809340
561963 817380 562533 817980
674595 801060 675963 802140
680409 804900 680637 805500
551361 802980 552273 803580
620103 803940 622155 804540
466203 802980 467685 803580
598557 807300 609615 807900
454575 809700 456057 810300
672315 802020 673683 803100
581571 801540 583053 802140
427785 811620 428697 812220
564015 804900 564357 805500
588183 804900 589551 805980
537339 813060 537567 813660
588867 814980 589665 815580
557289 803460 557517 804060
579063 813060 580545 813660
473955 803940 474297 804540
421287 816420 421629 817020
507699 816900 509295 817500
418323 813540 419805 814140
464721 802020 465633 802620
533919 802500 535401 803100
445569 813540 446937 814620
442263 814980 443745 815580
571995 822660 573477 823260
556149 808260 556605 808860
578379 816900 578721 817500
552729 808260 552957 808860
579063 806820 580545 807420
588981 806820 590349 807900
548283 808260 549765 808860
614403 811140 614745 811740
528789 802500 529017 803100
430179 815460 430749 816060
646665 806820 648033 807900
568803 802980 569145 803580
621471 814020 621813 814620
545433 820260 554211 820860
660459 801060 661827 802140
567435 821700 568917 822300
559227 810660 559569 811260
445569 811620 446937 812700
428583 804900 429153 805500
627855 814020 628653 814620
445569 808740 446937 809820
509181 809220 553071 809820
394953 815460 403731 816060
531183 816420 542241 817020
448191 810660 448761 811260
434055 802500 434625 803100
414903 806820 415473 807420
557859 815940 558429 816540
583167 814500 583509 815100
412167 813540 412737 814140
643245 806820 644613 807900
453891 808260 454689 808860
560139 802500 560709 803100
563901 819780 564357 820380
670035 802020 671403 803100
679611 801540 680409 802140
617481 804900 618393 805500
516477 803460 531183 804060
557175 802500 557745 803100
637659 805380 652365 805980
507813 827460 516591 828060
586815 803460 587613 804060
571653 801060 573021 802140
425391 808260 425961 808860
425049 814500 425505 815100
678927 803460 679725 804060
610755 805380 613605 805980
599583 812100 600153 812700
667755 802020 669123 803100
621471 812100 622269 812700
622041 808740 636747 809340
507813 813060 516591 813660
459135 806820 459705 807420
598899 815940 599697 816540
575643 821220 576213 821820
417639 812100 418209 812700
470079 811620 471675 812220
679383 809700 679725 810300
408975 804900 409773 805500
585675 813540 586473 814140
507243 808260 509295 808860
673113 813540 687819 814140
460731 803460 461187 804060
395181 802500 409887 803100
657495 808260 658407 808860
605967 815940 606537 816540
658293 821700 659775 822300
582027 821700 582825 822300
523089 812100 524001 812700
585903 822660 586701 823260
441123 813540 441465 814140
619875 816420 620787 817020
507471 803940 508269 804540
426987 805860 427785 806460
692607 812580 695457 813180
420603 811620 421173 812220
617481 806820 618393 807420
449559 809700 450357 810300
657723 813060 659775 813660
695457 809700 696027 810300
585675 806820 586473 807420
657495 810180 658407 810780
545433 805860 554211 806460
658293 804420 667071 805020
409887 814980 410457 815580
636747 803940 641877 805020
459477 808740 460845 809820
424707 811140 425277 811740
455487 804420 456057 805020
615087 812100 615885 812700
545433 810660 554211 811260
658179 815940 659775 816540
508041 802020 509067 802620
597759 808260 598671 808860
664791 802020 665589 802620
549195 802500 549765 803100
587271 810180 588069 810780
415815 803460 416385 804060
507699 815940 509295 816540
507243 814980 509295 815580
545433 822180 554211 822780
420831 814980 421401 815580
587727 808260 588069 808860
394953 805860 403731 806460
431775 813060 432687 813660
492537 822660 507243 823260
605853 804900 608703 805500
394953 808740 403731 809340
692607 805860 695457 806460
616911 803940 617823 804540
653619 811140 654189 811740
449331 808260 449901 808860
471561 802980 486267 803580
444771 805380 445569 805980
658293 807300 667071 807900
418323 809220 418893 809820
500745 821220 544635 821820
560595 808260 561393 808860
412851 816900 413421 817500
435651 803460 436221 804060
660687 808740 661143 809340
550107 813060 550563 813660
394953 803940 403731 804540
507471 806340 507927 806940
438273 804900 438501 805500
470079 803940 471675 804540
404187 805380 404985 805980
629907 801060 635037 802140
432459 810180 434055 810780
544863 814980 545661 815580
558885 803460 559455 804060
469623 810660 471675 811260
425391 810180 425961 810780
439755 806820 440325 807420
594111 809700 595137 810300
406125 814980 408975 815580
394953 809700 403731 810300
592287 807780 592857 808380
492537 827460 507243 828060
658293 805380 667071 805980
559455 807300 560253 807900
617481 805860 618393 806460
486153 807780 500859 808380
406125 809220 408975 809820
560253 818820 563103 819420
598671 805380 600381 805980
654759 814020 657609 814620
426303 809700 427101 810300
553527 814500 554325 815100
668781 807300 669693 807900
657495 809220 658407 809820
406695 804900 407493 805500
510663 802500 511461 803100
605853 806340 608703 806940
573705 822660 574161 823260
620559 815460 622155 816060
476691 816900 491397 817500
407835 803940 408405 804540
668781 810180 669693 810780
655443 816900 658293 817500
620103 805860 622155 806460
588753 822180 591603 822780
546801 815460 549651 816060
444885 815940 445341 816540
579975 823140 581913 823740
589551 811140 590121 811740
568575 819780 569487 820380
544635 802020 545547 802620
507699 807300 509295 807900
657609 825540 658407 826140
579063 812100 579861 812700
695115 806820 696027 807420
419691 807300 420603 807900
564015 816420 564585 817020
655785 823620 657723 824220
403389 816900 404301 817500
396321 816420 399171 817020
459819 816420 460389 817020
457767 806340 458793 806940
486153 818340 500859 818940
500745 825060 544635 825660
620103 806820 622155 807420
571767 819780 572565 820380
509181 822660 523887 823260
434055 815940 434625 816540
581001 816900 581457 817500
425163 813060 425961 813660
659661 820740 696255 821340
469851 804900 470307 805500
578151 806340 578607 806940
575757 811140 576327 811740
567435 814980 568461 815580
500745 826020 544635 826620
659661 826500 696255 827100
597759 813060 598329 813660
411939 803940 412509 804540
415815 816900 416385 817500
659661 825540 696255 826140
421971 806820 422541 807420
544635 803940 545547 804540
446253 803460 446481 804060
620103 809700 622155 810300
658293 822660 659775 823260
617139 817380 619077 817980
418323 810180 418893 810780
409431 805860 410001 806460
579633 825060 581571 825660
533463 827460 534033 828060
641307 812580 641877 813180
413193 808740 413763 809340
609615 810180 609957 810780
469395 816420 470307 817020
557403 806340 558201 806940
533007 802500 533577 803100
547485 801540 549081 802140
580545 824100 581115 824700
568575 808740 569145 809340
409887 804420 410457 805020
433941 816900 436791 817500
565155 813540 565725 814140
556833 813060 557289 813660
428583 807300 429153 807900
470193 802020 471675 802620
657609 827460 658407 828060
676419 808260 676989 808860
598557 802020 602319 802620
440667 802020 441237 802620
567207 818820 567777 819420
657609 826500 658407 827100
412395 805860 412965 806460
421971 802500 422541 803100
639711 802500 654417 803100
619875 817380 620787 817980
615543 802500 616113 803100
431775 802020 432345 802620
422199 810180 422769 810780
545433 818340 546915 818940
602775 805860 604485 806460
615543 801540 616569 802140
560367 816900 560937 817500
468711 813540 470307 814140
420603 810180 421059 810780
437133 805380 437589 805980
420375 802980 420831 803580
636633 809700 644043 810300
419463 809220 419919 809820
568803 812100 569373 812700
598557 810180 599583 810780
618279 808740 620217 809340
629223 803460 630021 804060
557859 804900 558429 805500
616911 802980 617481 803580
468483 804420 468939 805020
611667 811140 612237 811740
526281 813060 527877 813660
413763 807780 414333 808380
582711 822660 583167 823260
599811 810180 601521 810780
542925 816900 543381 817500
649743 817380 650199 817980
657609 820740 658407 821340
452523 809220 453093 809820
695799 811620 696027 812220
659661 827460 674367 828060
673113 822180 695115 822780
580545 809220 581115 809820
657609 817860 658407 818460
460047 803940 460503 804540
509523 802020 510093 802620
507471 801540 507927 802140
470193 817380 471675 817980
678927 808740 679497 809340
694317 808740 695913 809340
414789 805380 415017 805980
552729 815460 553185 816060
418551 808260 419121 808860
596619 810660 597189 811260
469851 802980 470307 803580
516249 816420 516705 817020
417867 807780 418437 808380
655785 821700 657723 822300
648831 806820 649059 807420
693291 807780 695229 808380
439755 805860 440325 806460
602205 811140 602661 811740
632073 807780 632529 808380
598443 811140 598785 811740
437247 816900 437475 817500
571425 822180 571653 822780
556263 821220 556719 821820
662625 802500 663081 803100
561507 801540 562191 802140
550449 821220 551475 821820
670605 803460 671631 804060
655785 822660 657723 823260
571083 816900 571539 817500
452409 801540 452637 802140
674937 807780 675165 808380
599583 808260 601293 808860
591831 818820 592059 819420
409773 807300 410799 807900
434283 804900 434739 805500
542583 804900 544521 805500
555351 814020 557289 814620
415587 813060 415815 813660
399399 816420 399855 817020
587955 818340 588183 818940
591261 808260 591489 808860
613719 805860 614745 806460
429837 804420 430521 805020
458451 816420 459477 817020
424593 813060 424821 813660
695457 804900 696027 805500
439413 811620 439869 812220
409773 810180 411711 810780
441921 810660 442377 811260
542013 814020 543039 814620
414447 813540 415473 814140
636747 806820 641877 807900
575187 820740 575529 821340
437133 813540 437589 814140
695571 814500 696027 815100
434511 810660 438273 811260
649515 801540 656925 802140
592743 806820 592971 807420
616455 805860 617025 806460
600381 809220 601065 809820
557745 811620 558201 812220
447735 806820 447963 807420
582597 802500 582825 803100
655785 824580 657723 825180
445227 807300 445683 807900
414219 811140 414447 811740
442833 811140 443061 811740
407037 803460 407493 804060
675621 802500 675849 803100
655899 804900 656355 805500
463353 824100 467115 824700
595251 807300 595479 807900
584421 816900 584649 817500
536655 805860 544065 806460
557745 810660 557973 811260
566979 819780 567321 820380
505191 814020 507129 814620
545319 813540 545547 814140
591831 820260 592059 820860
465405 806340 466431 806940
557859 814500 558657 815100
566523 812100 566979 812700
545091 802980 545547 803580
668439 804900 670377 805500
590235 805860 591033 806460
545433 826020 546915 826620
469851 805860 470307 806460
531069 827460 533007 828060
658293 814020 659775 814620
471561 813540 493563 814140
634923 802980 636861 803580
695001 816420 696027 817020
636633 826980 651339 827580
622041 819300 651339 819900
468027 814500 469965 815100
414219 802980 414447 803580
431661 809220 432687 809820
409773 811140 411711 811740
502227 807300 505989 807900
572223 802500 572451 803100
579063 816420 579405 817020
520125 811140 521151 811740
425505 807300 425961 807900
636633 822180 651339 822780
525255 811620 539961 812220
637431 808260 652137 808860
636633 812580 638571 813180
695001 813540 696027 814140
567207 806340 567435 806940
622041 816420 651339 817020
426303 802500 426531 803100
587955 820260 588183 820860
603915 802020 611325 802620
519327 812580 521265 813180
423909 811620 424137 812220
615999 815460 619761 816060
655785 818820 657723 819420
695001 815460 696027 816060
545433 819300 546915 819900
694887 802980 695913 803580
691239 811620 695001 812220
568119 812100 568347 812700
655785 819780 657723 820380
415587 811140 415929 811740
659661 817860 674367 818460
588753 817860 589209 818460
632871 804420 636633 805020
598557 803940 605967 804540
470193 807780 471675 808380
564699 816900 565041 817500
647235 811140 650997 811740
622041 817380 636747 817980
410571 816900 412509 817500
638343 811140 639369 811740
636633 823140 651339 823740
394953 814500 396435 815100
583053 815940 584535 816540
504507 809220 506445 809820
505191 813060 507129 813660
695001 819300 696027 819900
418209 817380 421971 817980
567549 822660 571311 823260
695001 823140 696027 823740
395181 801540 409887 802140
591717 827460 592059 828060
569829 812100 570057 812700
695001 818340 696027 818940
545433 824100 546915 824700
695001 824100 696027 824700
432573 814020 434055 814620
620103 804900 620787 805500
423795 806340 424023 806940
545433 821220 546915 821820
463239 810660 467001 811260
619305 819300 620331 819900
395181 813060 402591 813660
659661 814980 688959 815580
395181 812100 402591 812700
545433 823140 546915 823740
610755 816420 618165 817020
432573 811140 434055 811740
647463 810180 654873 810780
618279 807780 620217 808380
670605 804420 671631 805020
463353 825060 467115 825660
422883 809700 423567 810300
481935 803940 496641 804540
692037 810660 695799 811260
499263 811140 506673 811740
394953 817380 396435 817980
534717 808260 535743 808860
624663 812100 632073 812700
468027 808740 469965 809340
618051 803460 618393 804060
569715 802980 570057 803580
459819 814980 467229 815580
638799 813060 639141 813660
554097 817380 557859 817980
658521 809700 662283 810300
564699 807300 565041 807900
529929 815460 537339 816060
563445 818340 563787 818940
415245 801540 416271 802140
498009 804420 505419 805020
515337 807780 522747 808380
695343 803940 696027 804540
471561 806820 500859 807420
636633 818340 644043 818940
463353 823140 467115 823740
632871 807300 636633 807900
394953 810660 396435 811260
485241 826500 492651 827100
464607 805860 464949 806460
584763 813060 585105 813660
