G5:
596163 803940 597189 804540
593883 815940 594453 816540
604143 813540 605169 814140
581115 818340 582597 819420
616113 811620 616797 812700
565155 808740 566637 809820
416613 808740 417525 809340
579291 802980 580773 804060
560823 814980 561849 815580
586701 820740 587613 821340
562647 814500 564129 815580
582483 816900 583167 817500
571425 810660 572109 811260
559911 804420 560367 805020
442149 810180 442833 810780
455943 803940 457425 805020
578493 814500 578949 815100
592059 809220 593541 809820
453207 802980 453891 803580
562419 804900 562875 805500
564813 810660 566181 811740
426303 815460 426987 816060
449217 807300 449673 807900
414333 802980 415701 804060
567549 803940 568917 805020
588069 818340 589437 819420
592857 802020 594225 803100
570855 817860 571425 818460
417069 804420 417297 805020
567321 805860 568689 806940
673341 810660 674253 811260
411369 804420 412053 805020
572907 820740 573135 821340
586359 815460 587727 816540
674595 810180 676761 810780
441351 805380 441579 805980
562761 817380 562989 817980
592971 804900 594339 805980
595935 812100 597189 812700
442263 804900 444429 805500
570171 813060 570399 813660
419007 802020 420375 803100
427215 813540 427785 814140
593199 803940 595365 804540
586359 808260 587841 808860
564585 817380 565497 817980
589209 809700 589437 810300
427671 817380 427899 817980
559683 805860 561849 806460
603915 812100 605169 812700
562419 802500 563673 803100
522063 810660 523545 811260
593199 814980 594681 815580
570399 815940 570969 816540
572223 817380 572793 817980
603117 814500 604029 815100
608703 811620 609957 812220
581457 805860 582825 806940
425391 802980 426645 803580
674823 803460 676305 804060
612579 814020 613149 814620
577695 813540 578949 814140
431661 805860 432573 806460
566751 815460 568917 816060
421971 802020 423225 802620
597531 811620 597873 812220
558543 815460 559797 816060
558543 814020 559797 814620
610071 813060 611553 813660
414903 805380 416157 805980
426987 810180 427329 810780
559911 813060 561165 813660
608247 814500 609729 815100
618279 812100 619533 812700
674823 805380 675393 805980
560937 811620 561849 812220
591375 811140 592857 811740
572223 802980 573591 804060
576441 811620 577809 812700
424479 816900 425733 817500
617595 811140 617823 811740
598215 812100 599697 812700
557859 802980 558429 803580
675051 807780 676533 808380
426759 814500 428013 815100
452637 805860 453549 806460
456627 801540 458109 802140
544863 807780 546915 808380
421059 812100 422541 812700
428355 814500 429837 815100
416613 811140 416841 811740
578835 805380 580317 805980
551247 802500 551817 803100
442947 808740 444429 809340
452523 801540 454005 802140
581571 804420 583053 805020
457311 806820 458679 807900
565155 812580 566637 813180
428583 815460 429951 816540
589665 802500 590577 803100
423567 803940 425049 804540
459819 804420 461301 805020
574503 809700 575871 810780
585675 815460 586017 816060
564471 805860 565953 806460
578379 816420 578721 817020
577011 821700 578493 822300
600723 813540 601293 814140
598443 813540 599013 814140
615087 814020 615885 814620
579747 821220 581001 821820
542697 807780 542925 808380
613035 811620 614517 812220
557175 801540 558657 802140
568803 812580 569145 813180
674367 802020 675735 803100
675621 805860 675849 806460
562647 810660 564015 811740
573819 815940 575301 816540
455031 806340 456513 806940
575187 817860 575529 818460
677673 804420 677901 805020
568917 807300 569145 807900
588183 815940 588753 816540
572223 821700 573705 822300
428355 810660 429723 811740
458679 804420 459021 805020
416499 807300 417069 807900
567321 802020 568689 803100
576897 809700 578265 810780
411711 808260 412281 808860
606423 813540 607221 814140
445569 806820 446937 807900
556491 806820 557061 807420
430179 802500 430749 803100
428583 808740 429951 809820
595251 810660 595593 811260
425847 806820 427215 807900
441465 801540 441693 802140
569943 808740 571311 809820
419007 805380 420489 805980
569943 811620 571311 812700
586245 820740 586473 821340
430407 805380 430977 805980
592287 804900 592857 805500
587271 817380 588069 817980
588639 803940 590007 805020
428583 812100 429381 812700
451155 808740 451725 809340
592857 806820 594225 807900
585219 807780 585789 808380
413763 806340 414333 806940
558771 810180 559341 810780
451155 804420 451725 805020
564471 816420 565041 817020
427671 804420 428469 805020
577695 819780 578493 820380
569487 814020 570057 814620
447507 804900 448533 805500
452637 806820 454005 807900
412623 803460 413421 804060
545433 813540 554211 814140
674595 806340 675393 806940
670263 809700 671061 810300
577011 822660 577581 823260
595251 813540 595593 814140
413991 804900 414561 805500
582939 820740 584535 821340
671175 808740 671973 809340
561735 803460 562533 804060
411483 805380 412053 805980
553299 807300 554097 807900
567207 813060 567777 813660
559455 810180 560253 810780
443859 815460 445797 816060
443631 809700 444429 810300
582939 807300 584535 807900
449331 803460 449901 804060
670719 805860 671289 806460
582939 811140 584535 811740
420147 814020 420717 814620
440439 801540 441237 802140
500745 808740 544635 809340
559227 807300 559569 807900
571311 802020 572109 802620
427215 808740 427785 809340
587043 810660 588069 811260
580887 814020 581457 814620
595365 806820 596733 807900
441579 814500 442149 815100
576783 801540 577581 802140
456855 802980 457425 803580
568119 820740 568917 821340
557175 815460 557973 816060
597759 808740 598671 809340
416499 802500 417069 803100
570627 821220 571425 821820
571539 811620 572337 812220
430179 810660 430749 811260
617481 808260 618393 808860
656127 811620 657153 812220
657495 808740 660345 809340
410913 811620 412965 813660
594795 814500 595365 815100
455715 808740 456513 809340
443175 814020 443973 814620
587955 808260 588753 808860
597759 807300 598671 807900
411711 806820 412509 807420
564015 803460 564813 804060
424251 810660 424821 811260
414903 809700 415701 810300
577239 815940 577809 816540
582939 812100 584535 812700
585675 819300 586245 819900
670947 807780 671973 808380
441351 812100 442149 812700
544863 815460 546915 816060
433941 809220 436791 809820
424023 804900 424593 805500
454119 803460 455145 804060
423111 813540 425163 815580
434739 807780 435537 808380
664221 802500 667071 803100
416955 803460 417525 804060
638343 811620 639027 812220
455487 811140 499377 811740
569259 814980 570057 815580
439527 813060 440325 813660
582939 814020 584535 814620
616227 808740 617025 809340
567435 814500 568461 815100
579291 808740 580659 809820
578379 817380 578949 817980
616227 804900 616797 805500
564699 804900 565269 805500
429723 806340 430521 806940
588183 811140 589209 811740
591375 808260 592401 808860
463695 805860 464721 806460
557631 804420 558657 805020
590235 815940 590805 816540
577011 802980 577809 803580
468027 803460 482733 804060
435765 814500 436677 815100
582939 814980 584535 815580
579975 812580 581001 813180
441123 808740 442149 809340
589323 811620 590349 812220
561393 806820 562077 807420
408975 805860 409545 806460
617937 814500 620787 815100
543723 813060 544293 813660
500745 809700 544635 810300
465519 804420 466317 805020
594795 815940 595365 816540
673227 806820 674253 807420
677331 802020 677901 802620
678927 804900 680523 805500
544863 812580 546915 813180
568689 822180 571539 822780
418095 812580 418323 813180
554439 802020 555009 802620
559911 803460 560481 804060
422427 803940 422997 804540
580203 814020 580431 814620
410799 801540 412737 802140
631959 808260 632529 808860
580887 819780 581457 820380
429951 811620 430749 812220
419919 804420 420489 805020
462099 806820 462669 807420
423111 811140 423681 811740
616911 802500 617481 803100
568803 818340 569373 818940
577467 814500 577923 815100
561279 808260 561735 808860
616455 813540 617025 814140
549651 808260 550449 808860
463011 802980 463581 803580
570969 806340 571653 806940
463125 803940 463581 804540
617367 806820 617595 807420
587499 803460 588069 804060
419235 803940 419691 804540
556491 816900 559341 817500
668439 805860 669465 806460
579063 804420 579633 805020
445911 811140 446481 811740
651339 812100 652137 812700
458907 802020 459477 802620
672999 804420 673569 805020
584535 810180 585561 810780
444543 813540 445569 814140
437247 801540 437817 802140
594339 807780 594909 808380
566067 817860 566523 818460
592971 815940 593427 816540
459135 808260 460731 808860
574959 822180 575415 822780
591717 812100 591945 812700
465519 802980 466317 803580
451041 807780 451953 808380
617139 812580 617481 813180
618735 813060 633441 813660
433143 806820 434169 807420
420375 815940 420945 816540
573477 811620 574047 812220
424023 811620 424593 812220
458679 805380 459249 805980
602319 802020 604029 802620
651567 805860 653163 806460
441579 806820 442149 807420
581115 811140 582141 811740
595479 815940 596049 816540
579291 807780 579747 808380
458793 806820 459249 807420
421287 805860 421743 806460
417867 810660 418437 811260
582711 802500 583167 803100
434967 802980 435537 803580
420831 816900 421629 817500
589665 816900 590121 817500
666957 809220 669807 809820
560367 807780 560937 808380
445911 803460 446367 804060
643359 811140 643815 811740
584421 815940 585105 816540
456285 805380 456513 805980
559227 808260 559797 808860
601977 814020 602661 814620
445227 810180 445683 810780
552159 808260 552843 808860
555351 806820 555921 807420
403617 805860 407379 806460
575643 806340 576213 806940
566067 820740 566523 821340
446823 809700 448761 810300
587727 812100 588525 812700
437019 815460 437817 816060
576783 808740 577011 809340
421857 810180 422313 810780
432117 804900 432801 805500
575643 818340 576441 818940
436905 807300 437931 807900
445227 812100 445683 812700
425163 815940 425391 816540
589779 812580 590007 813180
427557 801540 428013 802140
565611 814500 566637 815100
433827 805860 434853 806460
556947 802980 557517 803580
443403 806820 443631 807420
461073 803460 461757 804060
671859 811140 672543 811740
443403 805860 443631 806460
444999 806340 445455 806940
446595 802500 447165 803100
416157 816420 416841 817020
565155 819780 567093 820380
564015 821220 564585 821820
413307 802500 413535 803100
586359 801540 586587 802140
434055 803460 434511 804060
425391 814020 425847 814620
554781 805380 555465 805980
571425 819780 571881 820380
562191 821220 562761 821820
622041 824100 651339 824700
585675 808740 585903 809340
567321 821220 567777 821820
413307 809700 414105 810300
423567 802980 424023 803580
437133 808740 437589 809340
597303 813060 597873 813660
439413 810180 440097 810780
594795 809220 595593 809820
600039 812100 600267 812700
556263 812100 557289 812700
424593 812580 424821 813180
676533 803460 676761 804060
595251 811620 595479 812220
460731 802020 461529 802620
449103 805380 449673 805980
427671 805860 428127 806460
448875 806340 449331 806940
592401 812100 593085 812700
410001 806820 410229 807420
421971 816900 423909 817500
671859 802980 673797 803580
563673 818340 564129 818940
582369 820260 582597 820860
573591 805860 573819 806460
445455 805380 445683 805980
503823 805380 504393 805980
446823 811620 447165 812220
609501 807300 609729 807900
444315 802980 444543 803580
656127 805860 656355 806460
556491 813060 556947 813660
563103 813540 563331 814140
407265 815460 409203 816060
571311 804420 571767 805020
650199 806340 650427 806940
425163 809700 425961 810300
426303 802020 426531 802620
639711 811620 639939 812220
582939 824580 583167 825180
552159 815940 552615 816540
595251 817380 617253 817980
500745 815460 530043 816060
661713 802020 662397 802620
563103 807780 563673 808380
545319 817380 545547 817980
563559 804420 564357 805020
656355 803460 658293 804060
419805 809220 420831 809820
430863 802020 431319 802620
458679 803460 459477 804060
583053 806340 584535 806940
420375 803460 421173 804060
600723 815940 600951 816540
590235 813540 590691 814140
425163 808740 425391 809340
446709 803460 447165 804060
422085 813060 422313 813660
574731 805380 575073 805980
412737 810180 412965 810780
564015 816900 564243 817500
423567 805860 424023 806460
592173 802500 592401 803100
527421 824580 528447 825180
678015 812580 692721 813180
569715 805380 569943 805980
422427 806820 423453 807420
580431 806820 581229 807420
417753 814980 418437 815580
566067 804420 566865 805020
561507 809700 562305 810300
617367 801540 617595 802140
647919 806820 648945 807420
452979 809220 453549 809820
433941 802500 434169 803100
656355 804420 658293 805020
617367 809700 617595 810300
617367 804900 617595 805500
507129 819780 507927 820380
622041 826020 651339 826620
592287 816900 593085 817500
546801 802020 548739 802620
471561 820260 500859 820860
671517 804420 672201 805020
416727 809700 417297 810300
587727 801540 588525 802140
552957 804420 553413 805020
417867 811620 418323 812220
570855 807300 571653 807900
589437 805380 589665 805980
581343 824100 582027 824700
566523 802500 566865 803100
427671 802500 427899 803100
576099 821220 576555 821820
575985 803460 576213 804060
445455 809220 445683 809820
599811 813060 600267 813660
505989 806340 506217 806940
446823 817380 468825 817980
601407 815460 616113 816060
573021 819780 573819 820380
451155 803460 451953 804060
636633 803940 636861 804540
672885 808740 673113 809340
587499 823140 591261 823740
598557 804900 605967 805500
590235 819300 590691 819900
432459 807780 434397 808380
416727 806340 416955 806940
573135 814020 573933 814620
622611 814500 637317 815100
640395 812580 641421 813180
419919 806340 420603 806940
573135 806820 573933 807420
659547 802020 660573 802620
584421 805380 584649 805980
573477 808260 574161 808860
584421 821700 585105 822300
618279 802980 620217 803580
580887 809700 581229 810300
570855 813060 571653 813660
560367 808740 560709 809340
577011 806820 577239 807420
441921 802500 442605 803100
578265 820740 578949 821340
556833 808260 557517 808860
419919 811620 420717 812220
586587 803940 586815 804540
571083 816420 571881 817020
426075 803940 426303 804540
562419 805860 562647 806460
430863 815940 431091 816540
439299 802980 441237 803580
463125 804900 463809 805500
439185 807300 440211 807900
654531 815940 658293 816540
414675 812580 415701 813180
418779 810180 419121 810780
559227 811140 559569 811740
418095 803940 418893 804540
531069 821700 560367 822300
503823 803940 505761 804540
418095 801540 418323 802140
664563 801540 671973 802140
636519 809220 636861 809820
411939 814020 415701 814620
562419 808740 562647 809340
607563 805380 609501 805980
553071 815460 553299 816060
412623 808260 413649 808860
417753 813540 418437 814140
583851 823140 585789 823740
442035 803940 442377 804540
568347 810660 569145 811260
408405 804900 409089 805500
611553 814500 612237 815100
568119 811620 568347 812220
577011 819300 577239 819900
608475 808260 609501 808860
470193 816420 471675 817020
557745 808740 558429 809340
643929 809700 658635 810300
655785 817860 657723 818460
452523 802500 452751 803100
545661 803460 553071 804060
433143 802020 433827 802620
622041 805860 644043 806460
618279 802020 620217 802620
587955 805380 588297 805980
407835 803460 411597 804060
440211 805860 441237 806460
408861 813060 409545 813660
451155 802020 451953 802620
666957 812100 670719 812700
506217 803460 506901 804060
651225 823140 665931 823740
562533 818340 563559 818940
500745 818340 515451 818940
581457 825060 582483 825660
542925 814020 543153 814620
420945 810180 421629 810780
522633 807780 537339 808380
596049 814500 596277 815100
414219 810660 414447 811260
620673 811620 622155 812220
590463 803460 590691 804060
454119 812580 468825 813180
560253 817860 562191 818460
557175 814020 557973 814620
618279 804420 632985 805020
583053 808260 584535 808860
500745 823140 515451 823740
434055 812580 437817 813180
427101 812100 428127 812700
670377 810660 670605 811260
609843 808740 613605 809340
409089 807780 409773 808380
431547 802500 432573 803100
565155 802020 565383 802620
438159 810660 438843 811260
444657 817380 445683 817980
660687 802980 662625 803580
542697 817380 543723 817980
500745 822180 515451 822780
674253 814020 681663 814620
467571 816420 469509 817020
413307 816900 415245 817500
597531 802980 597873 803580
509181 802500 510207 803100
583053 809220 584535 809820
417639 809700 418665 810300
652023 807780 655785 808380
432573 816900 434055 817500
432003 803940 432687 804540
597531 806340 597873 806940
425163 811140 426189 811740
461187 805860 461415 806460
435651 803940 439413 804540
605853 809700 609615 810300
571995 809220 572337 809820
422883 802980 423111 803580
569487 818820 569829 819420
637659 804900 652365 805500
577695 807300 578721 807900
471561 822180 486267 822780
554097 810660 557859 811260
610527 804420 614289 805020
656127 812580 663537 813180
564699 814020 565041 814620
583053 813060 584535 813660
646095 811620 649857 812220
417639 808260 418323 808860
411255 815460 411597 816060
418779 814500 419121 815100
576099 804420 576441 805020
647577 805860 648603 806460
597531 804900 597873 805500
509181 826500 538479 827100
538365 819780 560367 820380
666957 810180 668895 810780
581571 820260 581913 820860
396321 814500 411027 815100
453891 804420 454233 805020
592059 810180 593085 810780
410115 807780 411141 808380
617367 805860 617595 806460
409203 804420 409545 805020
678471 809700 679497 810300
468027 802500 497325 803100
408747 812100 409773 812700
651225 813540 658635 814140
546801 824100 561507 824700
471561 818340 486267 818940
420261 814980 420945 815580
427671 807780 428013 808380
587613 806820 588297 807420
669009 802500 670035 803100
564015 820260 565041 820860
578265 818820 578949 819420
670263 804900 671289 805500
465747 807300 473157 807900
544179 802980 545205 803580
587955 813540 588297 814140
443859 802020 444543 802620
457083 809700 464493 810300
674139 808260 674481 808860
429951 812580 433713 813180
402477 804420 406239 805020
687249 809700 694659 810300
595251 804900 595593 805500
611211 809700 614973 810300
587955 821700 591717 822300
436107 805860 439869 806460
590463 817380 590805 817980
563331 805380 563559 805980
429837 813540 437247 814140
402477 809220 406239 809820
410001 816900 410229 817500
655785 825540 657723 826140
633897 817860 648603 818460
678015 805860 692721 806460
462669 801540 463011 802140
597531 810180 597873 810780
576099 801540 576441 802140
422655 810180 423681 810780
525711 813540 540417 814140
543837 816900 544293 817500
597531 803940 597873 804540
538365 815940 542127 816540
539163 802020 542925 802620
598557 806340 605967 806940
427671 810180 428013 810780
500745 802020 508155 802620
677445 810660 692151 811260
580887 815460 581229 816060
554097 809700 556035 810300
678243 802020 679269 802620
420261 808260 424023 808860
618279 809700 620217 810300
506559 811140 507585 811740
644499 814500 673797 815100
630363 802020 634125 802620
424593 807300 425619 807900
447507 815940 462213 816540
613947 807780 614289 808380
395181 816900 402591 817500
662169 810660 664107 811260
446823 814020 468825 814620
678699 806820 693405 807420
622041 815460 651339 816060
509181 816900 538479 817500
462555 808260 477261 808860
573591 820740 573933 821340
486153 817380 500859 817980
432117 811620 439527 812220
544521 824100 545547 824700
657495 807780 664905 808380
446481 801540 447165 802140
668439 807780 668781 808380
680523 802500 695229 803100
644499 807300 646437 807900
429837 803940 430179 804540
508155 803940 522861 804540
440439 815460 441465 816060
504963 812580 508725 813180
434625 804900 438387 805500
605853 803940 609615 804540
687021 808740 694431 809340
651225 810660 658635 811260
