G2:
655671 806820 656355 807900
616683 810180 617481 810780
616683 804420 617481 805020
429153 811620 430065 812220
594795 812580 596049 813180
561393 816900 562533 817500
615999 809220 617823 809820
575757 809220 576897 809820
594111 802020 595593 802620
417753 814020 418893 814620
575415 808260 576441 808860
443175 813540 444657 814140
620559 812100 621585 812700
564243 819780 565269 820380
438843 814980 440325 815580
576099 802980 577125 803580
623067 811140 624093 811740
566523 813540 568689 814140
418095 816420 419577 817020
455715 802020 456741 802620
587499 819780 588981 820380
566067 814980 567549 815580
587955 808740 590121 809340
578379 810660 580545 811260
554895 804900 557061 805500
668667 808260 671289 808860
604371 812580 605397 813180
607335 812580 608817 813660
587499 812580 588981 813180
568575 809220 570057 809820
557175 812100 559341 812700
456627 807780 458109 808860
575643 816420 577125 817020
438843 804420 441465 805020
671859 806820 673341 807420
558543 802020 561165 802620
580431 813060 581913 813660
613491 812580 616113 813180
448419 802500 449445 803100
675849 811140 676533 811740
438843 805380 441465 805980
589551 815460 592173 816060
567663 821220 568233 821820
604143 814020 605169 814620
670947 809700 671631 810300
595479 808740 596961 809820
430179 808260 430749 808860
610983 813540 613605 814140
590691 809700 592173 810780
589551 805380 592173 805980
600267 814500 601749 815580
423225 805380 423909 805980
418323 803460 419349 804060
568233 818340 568917 818940
451611 805860 452181 806460
571539 812580 573021 813660
457995 802500 460617 803100
553755 814980 556377 815580
444771 807780 446253 808860
419691 813060 420945 813660
425163 805380 425733 805980
587499 817860 588867 818460
671175 811620 672429 812220
449559 804900 451041 805980
433371 803940 433941 804540
451611 804420 452181 805020
675963 803940 677217 804540
571995 809700 573477 810780
678243 807780 678813 808380
580203 802500 581457 803100
674823 802980 675393 803580
454347 804900 455829 805980
453435 806340 454461 806940
589893 804420 590577 805020
578835 814500 580317 815580
580887 804900 581457 805500
572907 804900 574161 805500
652935 811620 654417 812700
592971 816420 594453 817500
635835 811140 637089 811740
592971 807780 594453 808860
437247 809220 438957 809820
429267 805860 430521 806460
459135 803940 460161 804540
442035 808740 443061 809340
601635 811140 602319 811740
564471 811620 565953 812700
543495 815460 544977 816540
555693 821220 556377 821820
589665 802020 590577 802620
578835 818340 580317 819420
431889 807300 432573 807900
466203 804900 467685 805980
439755 808740 441237 809820
427899 807780 429381 808860
412737 802500 413421 803100
658293 812100 667071 812700
601179 813540 602433 814140
569031 812580 570285 813180
573819 806820 575301 807900
676875 805860 678129 806460
448419 808260 449445 808860
514881 802500 515793 803100
566295 816900 567321 817500
580887 805860 581571 806460
454347 808740 455829 809820
601407 812580 602433 813180
453777 802980 454689 803580
563787 813540 564813 814140
617253 814020 617937 814620
449331 809220 450585 809820
426987 815460 428697 816060
675963 804900 677673 805500
425847 808260 427101 808860
410799 813540 412281 814140
562875 817860 564129 818460
410001 808740 410913 809340
562419 815940 564129 816540
444543 814500 445797 815100
571995 818340 573705 818940
561735 803940 562419 804540
619191 811620 620445 812220
505761 805380 506673 805980
556263 815940 557973 816540
592059 814020 593085 814620
584991 813060 587385 813660
556035 805860 557061 806460
576099 814500 577581 815100
458907 807300 460161 807900
446709 804420 447621 805020
426987 803940 428697 804540
596847 803460 597873 804060
447051 811140 448305 811740
563331 812580 564357 813180
559911 802980 561621 803580
584991 803460 586017 804060
532323 813060 533007 813660
571539 806820 572565 807420
446595 805860 448533 806460
580659 803460 581685 804060
582483 815460 584193 816060
441351 816420 443061 817020
596391 810180 597645 810780
561051 813540 561849 814620
543267 807780 544179 808380
561735 805380 562761 805980
674367 811140 675621 811740
578151 809220 579177 809820
403047 812100 404757 812700
417867 806820 419805 807420
580773 801540 581685 802140
671175 804900 671859 805500
611211 812100 612921 812700
566523 803460 568233 804060
590463 818820 591945 819420
442035 807780 443745 808380
414903 807300 416613 807900
594111 806340 595365 806940
576099 817380 577581 817980
588639 814020 589665 814620
420375 804900 422313 805500
620673 802980 629451 803580
569031 806820 570513 807420
420375 801540 421857 802140
589551 802980 590577 803580
672771 809700 674253 810300
461871 802500 463581 803100
576099 813060 577809 813660
441579 801540 442149 802140
408519 805380 410229 805980
411939 804420 413421 805020
410799 809700 412281 810300
430977 815460 432573 816540
548967 812580 549993 813180
614403 813540 615201 814620
553071 815940 554097 816540
442035 814500 443517 815100
584079 817380 585789 817980
591147 819780 592059 820380
439527 813540 441237 814140
582255 811620 583053 812700
583167 824100 584649 824700
441351 809700 443745 810300
561735 802980 563217 803580
430179 811140 430749 811740
461187 803940 462669 804540
402477 813060 408975 813660
588183 806820 589095 807420
573591 814500 575073 815100
595251 804420 596961 805020
426987 802980 428697 803580
418095 812100 419805 812700
594567 802980 595593 803580
557403 810180 558885 810780
575415 815460 577809 816060
452295 808260 454005 808860
559911 812580 561393 813180
676647 802980 678357 803580
570399 808260 571425 808860
444771 816420 445683 817020
449787 802020 451269 802620
667527 806820 669465 807420
590919 816420 592401 817500
571197 802980 572109 803580
428127 816420 429837 817020
676647 806820 677445 807900
437247 802020 438045 803100
614403 811620 615885 812220
552159 807780 553869 808380
557859 803940 559341 804540
396321 811620 402819 812220
589323 809700 590349 810300
585675 805860 586473 806940
585675 809700 587385 810300
549651 802500 551361 803100
422427 804420 422997 805020
592743 811140 594453 811740
616683 811620 617709 812220
662511 802980 664221 803580
578151 812580 580089 813180
463467 803460 465177 804060
552159 802500 553869 803100
573819 820260 575301 821340
426075 811140 427785 811740
456399 805380 457881 805980
563103 807300 564129 807900
573591 802500 574617 803100
427671 813060 429153 813660
558543 816420 560937 817020
606423 812100 607221 812700
575415 820740 577809 821340
584991 821220 587385 821820
456399 806340 457881 806940
568575 802500 570513 803100
427899 814500 428469 815100
591147 811620 591831 812700
420375 811140 422085 811740
587271 816420 588183 817020
463353 826980 469851 827580
442035 806820 443517 807420
572907 816420 573819 817020
679383 808740 679839 809340
582483 816420 584877 817020
590463 817860 591489 818460
413763 801060 415359 802140
612579 814980 614061 815580
577695 803940 578607 804540
561735 811140 562761 811740
568803 820740 570285 821340
594567 814980 596961 815580
596391 805380 597417 805980
552159 812580 554097 813180
566067 804900 567435 805500
423567 810180 425277 810780
449559 807300 450471 807900
437475 813540 439071 814620
606423 811140 608817 811740
451611 806820 452637 807420
570513 804420 570969 805020
564015 805380 565725 805980
446823 806820 447849 807420
576099 805380 577809 805980
403617 806820 410115 807420
425847 813540 426873 814140
584991 815940 585903 816540
580887 821220 582825 821820
463353 819300 469851 819900
588183 805860 589095 806460
416271 804420 417183 805020
411825 810660 412737 811260
574959 804900 575643 805980
669351 805860 670377 806460
421971 813540 422997 814140
610299 808260 616797 808860
679041 804420 679497 805020
568575 805860 569829 806460
439527 811140 441465 811740
619191 814020 619989 814620
463353 826020 469851 826620
412851 810180 413421 810780
463353 821220 469851 821820
675735 808740 676761 809340
463353 818340 469851 818940
422313 802980 422997 803580
640623 811140 641421 811740
558315 808740 558999 809820
669579 810180 670149 810780
431775 804420 432687 805020
563787 809220 564699 809820
596619 806340 597645 806940
568575 816900 569829 817500
441123 803460 442149 804060
423111 811620 424023 812220
416727 811140 417639 811740
673569 808740 674481 809340
467115 803460 468141 804060
674139 807300 675393 807900
564015 814500 565041 815100
463353 820260 469851 820860
595251 807780 596049 808380
564471 818820 565497 819420
422883 816420 423681 817020
446823 810180 447849 810780
621699 814020 622725 814620
675735 802020 676761 802620
578379 804900 579405 805500
445683 804420 446253 805020
432459 805860 433257 806460
559911 804900 560481 805500
598671 811140 599241 811740
570399 809700 571425 810300
463353 822180 469851 822780
569373 819300 570057 820380
451611 809220 452637 809820
575871 806820 577125 807420
595479 813540 596505 814140
623979 812100 624777 812700
415245 815940 416157 816540
569487 815940 570057 816540
426075 810180 426645 810780
598671 814500 599697 815100
570741 820260 571653 820860
576213 810660 576897 811740
581343 816420 582027 817500
417525 809220 418437 809820
659775 802980 660801 803580
568803 814500 570057 815100
437475 806820 438045 807420
442491 801540 443061 802140
566523 805860 567321 806460
554895 815940 555807 816540
407607 805380 408177 805980
558543 814980 559569 815580
553983 807300 555351 807900
573933 810660 574617 811740
557745 813540 558657 814140
414903 811620 415815 812220
557859 806820 558885 807420
511347 802500 512145 803100
578379 821700 579177 822300
544863 816900 545661 817500
444315 811620 445569 812220
460959 804900 462213 805500
551247 815940 552273 816540
444315 809220 445569 809820
444315 804900 445569 805500
426759 809220 427785 809820
420375 803940 421287 804540
506901 803940 507585 805020
422313 815460 423225 816060
544863 813060 545661 813660
582483 818340 583167 819420
581229 814500 581913 815580
595023 816420 596277 817020
571311 819300 572565 819900
456171 803460 457425 804060
415587 809700 416385 810300
559455 810660 560481 811260
425163 802020 426417 802620
609387 814020 610641 814620
606879 814020 608133 814620
464151 802020 464835 803100
427101 807300 427785 807900
415587 806340 416841 806940
589779 812100 590805 812700
572907 803940 573933 804540
654987 812580 656241 813180
444087 810660 445341 811260
587271 802020 587955 803100
615771 814020 616797 814620
597303 812580 598557 813180
444087 805860 445341 806460
451383 802980 452637 803580
462783 807300 463809 807900
427671 805380 428925 805980
564243 808260 565269 808860
411711 807780 412281 808380
575871 822660 577125 823260
624207 814020 625233 814620
528903 802500 529929 803100
571767 816420 572451 817500
585447 822180 586701 822780
618051 813540 619077 814140
639825 811620 640509 812700
414903 808260 416385 808860
592743 804420 593769 805020
578721 802020 579405 803100
680067 802020 681093 802620
552957 801060 553641 802140
570399 817380 571425 817980
444429 802980 445113 804060
628539 814020 629793 814620
564927 806820 566409 807900
460959 806820 462213 807420
442605 811620 443289 812700
560823 807780 561849 808380
585219 810660 586701 811740
445227 802020 446709 803100
434739 807300 435765 807900
574275 812580 575757 813660
575529 801060 576213 802140
675735 805860 676419 806940
577125 819300 577809 820380
637659 812100 639141 812700
671859 810660 672885 811260
513399 802500 513969 803100
591831 802980 592857 803580
436563 803460 438045 804060
581343 822180 582825 823260
439527 812100 440553 812700
568233 811620 568917 812700
559227 806820 560253 807420
559227 809700 560253 810300
418095 802020 419121 802620
429951 810180 431205 810780
582483 803940 583965 804540
672543 808740 672999 809340
583167 809700 584193 810300
597531 811140 598557 811740
587271 807780 588753 808380
560367 806340 561849 806940
566523 815940 567549 816540
560823 815460 561849 816060
443403 815940 444087 816540
413307 803460 414333 804060
578379 807780 579405 808380
580887 811620 581913 812220
568803 804900 569829 805500
464835 805860 465519 806940
461187 801540 462213 802140
566751 807780 568233 808860
597759 813540 598443 814140
577467 801060 578151 802140
577695 806820 579177 807420
425847 814980 426645 815580
543381 813060 543837 813660
675279 809700 676761 810300
416727 802980 417525 803580
567207 819300 568689 820380
564015 802500 565041 803100
584763 819300 585789 819900
585219 802020 586701 803100
679611 807300 680067 807900
677559 808740 679041 809820
599355 813540 600153 814140
587955 821220 588981 821820
404871 811620 410457 812220
572907 801540 574389 802140
574275 818340 575757 819420
561849 810180 562305 810780
436107 808740 436563 809340
429951 804900 430977 805500
606423 814980 607905 815580
571539 814980 572337 815580
437361 816900 437817 817500
441351 815460 442833 816060
422199 812580 423453 813180
417411 815460 418893 816060
600837 815940 601521 816540
575187 803940 576213 804540
579291 822180 580773 823260
566067 818340 566523 818940
442719 803940 444201 805020
571539 821700 572223 822300
680523 804900 680979 805500
577239 822180 577695 822780
580431 815460 581001 816060
417411 803940 418209 804540
425163 803460 426189 804060
585789 820260 586473 820860
523887 811620 525369 812700
537225 807780 542811 808380
430065 803940 430977 804540
584991 808260 586473 808860
552729 821220 553413 821820
579291 816420 580773 817500
578607 816900 579063 817500
590919 803940 592287 805020
464721 807780 470307 808380
428583 817380 429153 817980
418323 810660 419121 811260
590577 813540 591261 814140
583851 818340 585333 818940
516477 812100 522063 812700
578835 820260 580317 821340
428355 801540 429153 802140
465519 802020 465975 802620
679611 809700 680067 810300
413991 805380 414903 805980
553755 821220 554439 821820
452523 802020 453207 802620
444429 802020 445113 802620
418323 804420 419121 805020
419463 810180 420261 810780
516591 802500 517161 803100
579063 803940 579747 804540
433371 802980 434169 803580
462897 801540 463581 802140
426075 816420 426873 817020
602547 814500 603231 815100
557403 802980 557859 803580
440211 806820 441693 807900
586929 810660 587157 811260
582597 804900 583281 805500
537225 817380 542811 817980
430635 802980 431433 803580
564927 817860 565383 818460
560595 808740 561621 809340
578493 815940 579177 816540
556035 806820 556605 807420
424137 816900 424593 817500
411483 815460 412965 816540
539847 811620 545433 812220
555807 808260 556263 808860
411141 806340 412053 806940
673227 811140 673683 811740
615999 802500 616683 803100
569031 810660 570513 811260
589665 816420 589893 817020
410799 812580 411027 813180
678243 801540 679725 802140
587955 814980 588981 815580
564129 816900 564813 817500
623295 814020 623751 814620
446367 803460 446823 804060
580431 819780 581001 820380
424137 808260 424821 808860
590691 808260 591375 808860
454005 802020 454689 802620
415815 802500 416385 803100
585789 814020 586473 814620
608247 814980 608817 815580
644727 811620 645297 812220
545775 815940 546231 816540
423567 804420 424365 805020
433599 804900 434397 805500
423339 806820 424707 807900
424479 811620 425049 812220
570855 815460 571311 816060
537225 815460 542811 816060
576327 821700 577011 822300
582369 810180 583053 810780
676875 810660 677559 811260
610983 814500 611667 815100
573705 805860 574389 806460
565155 815940 565839 816540
573021 820740 573705 821340
433827 802020 434397 802620
537453 813060 537909 813660
415701 812580 417069 813660
566751 802500 567435 803100
467457 802500 468141 803100
462555 804900 463239 805500
470193 805860 500859 806460
441579 811620 442149 812220
425277 815940 425961 816540
592173 806340 592857 806940
583851 807780 584535 808380
516477 813060 522063 813660
569715 817860 570171 818460
596277 801060 597645 802140
609387 804900 610185 805980
560367 815460 560595 816060
402591 805380 403275 805980
588639 815940 589209 816540
470193 804900 500859 805500
447051 808740 447621 809340
555807 813060 556491 813660
609843 809700 610641 810780
613947 806820 614745 807420
615315 804420 616113 805020
585903 807300 586473 807900
419007 814500 420375 815580
412851 812100 413421 812700
551247 813060 551817 813660
470193 815460 500859 816060
417183 807780 417981 808380
557403 807780 558201 808380
581799 820260 582483 820860
588183 810180 588753 810780
583053 802980 583281 803580
427215 810180 427785 810780
561051 821220 561849 821820
562077 806340 562533 806940
598899 812580 599697 813180
614859 801540 615657 802140
558771 811140 559341 811740
594795 817380 595365 817980
595935 811620 596505 812220
568233 801540 568917 802140
620217 814020 621129 814620
578379 814020 578607 814620
594795 810660 595365 811260
609615 802980 610413 804060
664563 810660 664905 811260
554895 808260 555465 808860
612123 811140 612693 811740
425619 817380 427785 817980
406239 804900 406809 805500
609615 806820 610413 807900
614175 805380 614973 805980
521949 810180 522861 810780
677673 803940 678585 804540
556947 807780 557175 808380
421629 805860 422997 806940
569145 801060 570513 802140
599583 815460 600153 816060
643815 811620 644385 812220
564471 801060 565839 802140
419007 807780 420375 808860
595935 802500 596505 803100
672543 807780 673797 808380
642447 811140 643017 811740
421287 807780 421857 808380
460389 805860 461301 806460
429039 804900 429609 805500
594339 813540 594909 814140
551361 821220 551703 821820
434853 801060 436221 802140
586929 808740 587157 809340
457881 803940 458793 804540
536541 808260 536769 808860
554667 802500 555237 803100
515337 810660 520923 811260
583395 820260 585561 820860
562647 813540 563217 814140
562647 821220 564129 821820
577353 810660 577581 811260
582369 825060 583281 825660
564471 821220 566637 821820
574959 802980 575529 803580
423909 802980 424821 803580
546231 808260 546801 808860
590577 820740 591489 821340
674823 805860 675393 806460
462099 807780 462669 808380
413991 809700 414561 810300
568347 815940 568917 816540
584535 809700 585105 810300
527763 813060 528333 813660
429039 802980 430293 803580
411027 805380 411597 805980
591945 807300 592857 807900
564927 813060 566181 813660
584763 804900 586017 805500
440325 801540 440553 802140
460731 808260 461301 808860
559911 807780 560481 808380
595479 805380 596049 805980
442833 810660 443745 811260
420489 806340 421401 806940
435423 806340 436677 806940
524115 802500 525369 803100
550335 808260 550905 808860
530727 802500 531297 803100
550107 801540 552273 802140
581571 807780 582939 808860
564699 803460 565953 804060
447507 816420 458565 817020
545319 802500 547485 803100
540531 813060 542697 813660
548055 802500 549309 803100
508611 812580 511461 813180
566067 811140 566637 811740
602547 811140 604029 811740
409431 813060 409773 813660
586245 823140 587157 823740
422883 801540 423225 802140
672087 804900 673569 805500
651339 811620 652821 812220
655443 808740 656355 809340
505875 803460 506331 804060
673683 802980 674253 803580
573819 817380 575301 817980
521835 811140 523317 811740
622041 811620 622953 812220
631275 811140 632757 811740
547827 813060 548169 813660
673455 803940 674709 804540
581571 823620 583053 824220
462555 806340 463809 806940
602547 815940 603117 816540
589095 810660 590577 811260
562875 811620 563445 812220
412167 803460 412737 804060
636063 814020 637545 814620
610299 811140 611781 811740
658179 802980 659433 803580
596619 807780 597873 808380
585675 812100 586473 812700
669579 807300 671061 807900
597531 814500 597873 815100
558315 804900 558885 805500
558543 805860 559797 806460
411939 805380 413421 805980
508155 804900 509409 805500
638799 814020 640281 814620
593427 809220 594909 809820
658179 803940 659661 804540
553299 804420 554553 805020
671175 805860 672429 806460
425847 805380 426417 805980
581115 806820 582597 807420
531639 802500 533121 803100
447735 801540 449217 802140
576327 818340 577809 818940
396321 802020 411027 802620
583395 814500 585561 815100
449103 806820 449331 807420
648945 805860 650313 806940
556149 803940 557061 804540
448191 803460 449445 804060
451041 808260 451269 808860
599583 811620 600153 812220
631275 814020 632757 814620
591147 801540 592629 802140
420831 808740 421401 809340
670605 811140 670833 811740
681435 802020 682233 802620
443631 814980 444201 815580
673683 805860 674253 806460
578265 818340 578607 818940
571539 805380 572793 805980
424479 809220 424821 809820
626487 814020 627969 814620
608247 815940 609729 816540
655215 811140 657381 811740
521037 811140 521493 811740
586587 814500 587385 815100
420603 802500 422085 803100
656241 804900 657609 805980
572337 823140 572793 823740
563559 803940 564129 804540
548967 801540 549309 802140
523431 802500 523773 803100
645639 811620 646209 812220
456399 811620 467457 812220
421971 816420 422541 817020
412623 806340 413877 806940
578379 819300 578721 819900
519213 802500 519441 803100
510435 813540 511233 814140
560481 820260 560709 820860
427671 802020 428013 802620
412623 801540 412965 802140
449787 803460 451269 804060
619305 827460 634011 828060
535059 812580 535857 813180
597759 802020 598671 802620
618279 808260 629337 808860
579633 807780 581001 808860
416727 805380 417297 805980
471561 819300 515451 819900
586701 803940 588069 805020
556947 802020 557289 802620
672543 801060 673911 802140
548283 812580 548625 813180
453435 804420 454005 805020
582255 809220 582825 809820
427101 812580 427329 813180
533463 802500 534033 803100
555009 821220 555237 821820
641763 808740 652821 809340
425391 804420 426873 805020
535629 808260 536085 808860
491739 808260 506445 808860
589323 818340 589893 818940
566637 809700 568005 810780
441351 813540 442149 814140
676875 808260 677445 808860
671517 803460 672429 804060
555921 809700 556149 810300
598671 815460 599241 816060
445569 812580 446937 813660
572223 807780 573591 808860
543153 802500 543381 803100
562875 820260 563217 820860
533463 813060 534945 813660
562077 801060 563445 802140
429837 815460 430293 816060
617481 802980 618393 803580
414903 814980 415245 815580
633555 814020 634353 814620
658293 809220 667071 809820
427899 806820 429381 807420
413763 811140 414333 811740
453207 809700 454005 810300
586587 818820 588069 819420
617481 801540 618393 802140
436107 802500 436905 803100
474183 803940 474753 804540
653049 805860 654417 806940
596847 813540 597645 814140
597075 802500 597645 803100
594795 811620 595365 812220
570855 801540 571425 802140
435879 807780 436449 808380
569487 803460 570057 804060
602205 802500 603117 803100
507813 803460 516591 804060
658293 808260 667071 808860
447051 803460 447849 804060
560595 811140 561393 811740
419919 802980 420489 803580
588183 803940 588753 804540
552957 806340 555807 806940
620673 804900 629451 805500
583167 823140 583965 823740
608475 814020 609045 814620
442035 805380 442833 805980
538935 813060 539505 813660
444087 806820 444657 807420
471561 811620 515451 812220
631959 805380 632757 805980
470649 820740 507243 821340
597759 809220 598671 809820
446595 815940 446937 816540
436677 814980 437589 815580
564243 804420 564813 805020
507243 802500 509295 803100
575187 811620 575985 812220
464379 804900 464949 805500
687705 813540 695115 814140
597759 805860 598671 806460
662283 802020 663081 802620
622041 823140 636747 823740
610299 815940 610869 816540
425391 812580 425961 813180
566523 812580 566865 813180
539163 802500 539733 803100
470649 817860 485355 818460
597759 804900 598671 805500
429951 807300 430749 807900
516477 827460 531183 828060
561735 812580 562533 813180
394953 807780 403731 808380
593427 812580 594225 813180
432459 808260 434055 808860
603231 813540 603573 814140
620103 802020 622155 802620
566067 808260 566637 808860
619305 817860 634011 818460
559911 821220 560709 821820
582711 813060 583167 813660
566637 806820 567093 807420
571311 811140 572109 811740
570627 821700 571425 822300
456399 809700 456741 810300
545433 809700 554211 810300
590007 816900 590577 817500
583053 827460 591831 828060
467001 824100 469851 824700
446367 817380 446937 817980
577695 802980 578493 803580
425163 808260 425505 808860
630363 811620 631161 812220
629907 802980 635037 804060
636747 802980 641877 804060
617481 807300 618393 807900
465975 803460 466773 804060
531069 803460 545775 804060
547827 808260 548397 808860
680295 802980 695001 803580
586815 805380 587613 805980
589323 820740 590121 821340
416499 810180 417069 810780
418551 809700 419121 810300
454119 812100 455031 812700
633555 811140 634353 811740
442947 805860 443517 806460
575415 819780 576213 820380
410115 816900 410685 817500
520239 802500 521037 803100
422199 807780 422769 808380
569487 808260 570285 808860
420489 807300 421173 807900
622041 822180 636747 822780
611667 816900 655557 817500
589551 807780 590577 808380
420603 814500 421401 815100
410343 805860 410913 806460
446367 811140 446937 811740
651225 821220 695115 821820
562191 808260 562989 808860
651225 825060 695115 825660
629223 801540 630021 802140
563331 808260 564129 808860
507243 809220 509295 809820
632415 807780 637545 808860
591489 826020 592059 826620
422541 809220 423339 809820
455487 803940 456057 804540
555579 802020 556377 802620
617481 805380 618393 805980
419463 804420 420033 805020
659661 816900 696255 817500
616683 813060 617481 813660
605853 808740 608703 809340
568803 821700 569373 822300
597759 810180 598671 810780
467001 825060 469851 825660
555807 802980 556605 803580
486153 823140 500859 823740
436905 815940 437817 816540
435195 803940 435765 804540
559455 808740 560481 809340
619875 810660 620787 811260
470649 821700 507243 822300
493449 813540 508155 814140
450015 806340 451041 806940
590235 819780 590805 820380
414219 807780 414789 808380
500745 806820 544635 807420
651225 815460 695115 816060
582939 801540 584535 802140
693519 809220 696369 809820
439185 802500 442035 803100
559227 817380 560025 817980
468711 813060 483417 813660
486153 802980 500859 803580
415815 810660 416385 811260
608589 806340 609501 806940
463239 810180 507129 810780
561393 818340 562305 818940
657495 814020 658407 814620
657495 806340 658407 806940
505875 804420 506673 805020
545319 804900 546915 805500
657495 807300 658407 807900
429837 814020 431775 814620
614175 803460 617025 804060
529359 813060 529929 813660
454803 807300 455829 807900
609615 812580 609957 813180
418551 805380 419121 805980
468711 814020 483417 814620
590235 806820 590805 807420
537339 802500 537909 803100
583395 810660 584421 811260
522633 823140 544635 823740
428127 812100 428697 812700
598557 803460 599469 804060
591603 821700 592059 822300
471561 816420 515451 817020
667299 802020 667869 802620
407949 804420 408861 805020
523431 810660 545433 811260
517959 802500 518757 803100
430863 801540 431433 802140
651225 819300 695115 819900
433599 812580 434169 813180
419463 811140 420033 811740
538365 826500 582255 827100
509181 801540 545775 802140
587955 822180 588525 822780
467001 823140 469851 823740
500745 824100 544635 824700
409431 804420 410001 805020
654303 802500 658065 803100
437703 812580 438273 813180
407265 809700 410115 810300
409659 807780 410229 808380
433941 814020 436791 814620
617481 806340 618393 806940
651225 820260 695115 820860
591147 825060 592059 825660
441579 812580 442377 813180
438957 801540 439869 802140
592971 810180 593997 810780
470649 825540 507243 826140
614859 809220 615429 809820
489915 809220 504621 809820
590121 814500 590691 815100
659661 801540 660573 802140
626031 811140 626601 811740
677331 801540 677787 802140
434055 810660 434625 811260
591147 823140 592059 823740
540075 802500 540645 803100
403731 805380 404301 805980
578607 811620 579633 812220
408975 814980 409545 815580
571197 822660 572109 823260
409887 815460 410457 816060
654759 810180 657609 810780
538365 825540 582255 826140
434511 802980 435081 803580
619305 826500 655899 827100
458679 804900 459249 805500
424707 813060 425277 813660
588639 816900 589209 817500
426987 806340 427785 806940
656811 801540 658407 802140
500745 814500 544635 815100
420831 816420 421401 817020
413193 807300 413763 807900
522063 802500 522633 803100
558885 802980 559455 803580
575187 821700 575757 822300
613491 809220 614289 809820
574503 822180 575073 822780
433941 806340 434169 806940
503139 805380 503937 805980
511575 812580 512145 813180
429495 801540 429951 802140
429837 809220 431775 809820
563787 806340 564357 806940
533919 827460 577809 828060
628539 811140 629337 811740
544521 821220 545547 821820
421515 810180 421971 810780
597759 806820 598671 807420
454917 806340 455145 806940
418323 807780 418893 808380
641763 811620 642219 812220
407379 803460 407949 804060
448875 804420 449331 805020
404871 804900 405441 805500
657609 822660 658407 823260
432687 817380 434283 817980
679611 803460 680067 804060
458679 806340 459249 806940
605511 815940 606081 816540
651225 824100 695115 824700
641763 807300 643359 807900
573477 812100 574047 812700
535743 802500 536313 803100
669921 802500 670149 803100
608931 809220 609273 809820
672201 802500 672429 803100
594339 804900 594909 805500
419919 815940 420489 816540
587727 811620 588297 812220
646323 807300 646779 807900
561507 820260 562077 820860
413535 808260 414105 808860
522291 813060 522747 813660
516591 816420 531297 817020
427215 816420 427785 817020
410343 804420 410913 805020
420603 809700 421173 810300
459363 808740 459591 809340
412395 816900 412965 817500
584079 808740 584535 809340
571995 802020 572451 802620
616455 801540 617025 802140
563559 818820 564015 819420
582711 819780 583167 820380
584079 806820 584535 807420
549537 807780 550107 808380
552843 814980 553299 815580
469509 802020 470307 802620
404187 816900 404643 817500
580545 809700 581001 810300
593655 802980 594225 803580
415473 814500 415929 815100
429951 813060 431889 813660
571311 814020 571881 814620
403617 815460 407379 816060
673113 818340 695115 818940
507129 822660 507927 823260
417183 812100 417753 812700
600951 809220 602661 809820
573021 819300 573705 819900
648489 817860 655899 818460
695001 822180 696027 822780
691239 812100 698649 812700
584079 811620 584535 812220
507129 827460 507927 828060
413193 809220 413763 809820
592515 812580 593085 813180
432003 801540 432459 802140
442833 817380 444771 817980
634011 802020 634809 802620
582711 806340 583167 806940
466317 806340 466773 806940
459363 816420 459933 817020
410913 814500 414675 815100
602205 805860 602889 806460
507129 826500 507927 827100
468027 805860 469965 806460
569829 811620 570057 812220
655785 827460 657723 828060
576099 812100 576555 812700
584421 813060 584877 813660
641763 812580 642219 813180
500745 817380 515451 817980
526623 802500 527193 803100
601407 810180 608817 810780
468711 817380 470307 817980
600951 803460 608361 804060
556605 821220 557061 821820
504507 803460 505533 804060
434511 806340 435081 806940
647919 807300 648945 807900
432003 810660 433941 811260
583053 821700 584535 822300
581001 824100 581457 824700
619305 824580 648603 825180
437589 810180 439527 810780
571311 803940 571767 804540
470193 806820 471675 807420
659661 814020 674367 814620
507471 805860 536769 806460
510093 802500 510777 803100
434511 815940 436449 816540
615543 805860 616569 806460
441579 810660 442035 811260
425049 814020 425505 814620
433941 815940 434169 816540
618279 803940 620217 804540
578151 805860 578949 806460
578493 823620 580431 824220
592287 814980 592857 815580
614175 804420 615201 805020
582597 802020 582825 802620
399057 816420 399513 817020
573363 822660 573819 823260
624777 802020 625461 802620
504507 812580 505077 813180
680751 803940 695457 804540
619305 819780 648603 820380
599469 808260 599697 808860
458793 808260 459249 808860
665247 810660 669009 811260
544521 822180 545547 822780
592743 802020 592971 802620
522633 819300 544635 819900
695001 826020 696027 826620
591831 817860 592059 818460
395181 803460 402591 804060
515337 818340 522747 818940
412623 813540 414561 814140
618051 811140 618393 811740
416499 808740 416727 809340
445455 806820 445683 807420
430863 807780 431091 808380
599469 810180 599925 810780
395181 804420 402591 805020
460275 816420 467685 817020
573135 813540 573933 814140
693291 806820 695229 807420
664221 802020 664905 802620
584079 805860 584535 806460
396321 810660 411027 811260
425505 806820 425961 807420
415131 816900 415929 817500
606423 815940 607449 816540
578037 822660 578721 823260
522747 812100 523203 812700
658521 810660 662283 811260
636633 806820 636861 807420
673113 823140 695115 823740
571083 818340 571539 818940
543609 817380 544065 817980
557973 824580 579975 825180
562419 809220 562647 809820
600039 812580 600267 813180
597075 815940 597759 816540
406125 803460 407151 804060
532893 827460 533577 828060
395181 809220 402591 809820
587613 813540 588069 814140
421857 817380 423795 817980
554439 813060 555123 813660
507813 825540 509295 826140
418095 813060 418323 813660
565497 814500 565725 815100
415473 803940 415929 804540
695343 805860 696027 806460
563331 804900 563559 805500
671973 809220 672429 809820
559113 804900 559455 805500
622041 809700 636747 810300
417639 805380 418209 805980
554439 812100 556377 812700
425163 809220 425391 809820
695115 807780 696027 808380
557631 811140 558429 811740
669693 809220 669921 809820
557745 817380 558429 817980
611667 803460 613605 804060
545433 814500 546915 815100
469851 808740 470307 809340
509751 804900 539049 805500
619305 822180 620331 822780
523773 821700 531183 822300
574389 809220 574617 809820
658179 811140 658407 811740
566067 819300 567093 819900
666957 803460 670719 804060
619647 815460 620673 816060
664791 805860 668553 806460
568803 803940 569145 804540
617367 808260 617595 808860
674937 808260 675165 808860
544863 805860 545547 806460
416271 803460 416613 804060
549537 815460 550221 816060
591831 824100 592059 824700
643929 805860 647691 806460
652251 804900 656013 805500
563445 810180 564243 810780
658293 827460 659775 828060
446139 814500 460845 815100
468027 804900 469965 805500
471561 802020 500859 802620
432003 802980 432687 803580
673113 826980 695115 827580
552957 822660 567663 823260
425049 814980 425505 815580
402477 816900 403503 817500
650199 807300 653961 807900
544521 820260 545547 820860
470649 826500 485355 827100
414219 806340 414447 806940
544521 818340 545547 818940
439755 803460 440781 804060
664791 804900 668553 805500
431319 816900 432345 817500
611895 802500 615657 803100
573135 815460 574161 816060
687933 801540 695343 802140
394953 816420 396435 817020
439185 806820 439869 807420
604371 814980 605169 815580
554097 820260 557859 820860
470193 802980 471675 803580
437589 804420 438615 805020
695799 802020 696027 802620
468255 803940 470193 804540
460731 802980 461757 803580
439071 815940 441009 816540
410685 807300 411027 807900
659661 813060 674367 813660
486153 826980 500859 827580
424023 815940 424365 816540
437589 811140 438273 811740
556605 809220 557631 809820
633327 813060 637089 813660
496527 803940 503937 804540
504507 802500 506445 803100
506559 801540 507585 802140
395181 814980 402591 815580
618051 809220 618393 809820
635607 812100 637545 812700
564699 810660 564927 811260
471561 803940 473499 804540
395181 814020 409887 814620
619305 821220 620331 821820
636519 804420 636861 805020
471561 807780 486267 808380
675051 812100 675393 812700
691011 811140 698421 811740
515337 822180 522747 822780
543039 816420 543381 817020
531069 808260 534831 808860
609387 808260 609729 808860
619305 818820 648603 819420
658293 826500 659775 827100
619305 823140 620331 823740
634923 801540 649629 802140
646893 811140 647349 811740
604371 805860 608133 806460
551703 814020 555465 814620
546801 819300 561507 819900
507813 821700 509295 822300
611211 810180 614973 810780
621471 811140 621813 811740
416157 801540 416499 802140
688161 804900 695571 805500
604371 815940 605055 816540
415587 804900 415929 805500
507813 820740 509295 821340
573591 809220 573933 809820
410913 802980 411939 803580
544521 808740 545547 809340
695799 802980 696027 803580
460731 809220 468141 809820
658293 817860 659775 818460
394953 812580 396435 813180
665817 822180 673227 822780
546801 821220 550563 821820
648489 822660 655899 823260
432573 809220 434055 809820
