G6:
426873 815460 427101 816060
416271 808260 416841 808860
577353 811140 577581 811740
558543 814500 559797 815100
612579 814500 614061 815100
590691 808740 592173 809340
564699 809700 566067 810780
578379 814500 578607 815100
574503 808740 575871 809820
578835 805860 580203 806940
416499 811620 417981 812220
428583 813540 429951 814620
599583 812580 600153 813180
590577 802980 591945 804060
603231 811620 604029 812220
562647 814020 562989 814620
431661 806340 432573 806940
560367 805380 560937 805980
447849 806820 449217 807900
571995 817860 572793 818460
449787 807780 451155 808860
673683 811140 674253 811740
676419 807780 676761 808380
418551 804900 419121 805500
416043 805380 416841 805980
580431 821700 581001 822300
448191 805380 449217 805980
566523 805380 567321 805980
452523 802980 453321 803580
424251 816420 424821 817020
566523 806340 567321 806940
459705 804900 461073 805980
559683 815460 560481 816060
428583 812580 429153 813180
603459 813540 604257 814140
675051 804900 676077 805500
612807 812100 613605 812700
446823 804900 447621 805500
588183 809220 589209 809820
571539 820740 573021 821340
570285 815460 570969 816060
456399 809220 457311 809820
558315 815940 559341 816540
594111 806820 594681 807420
570171 817860 570969 818460
410343 812580 410913 813180
616683 807780 617595 808380
569715 811140 570741 811740
544863 815940 545661 816540
410799 804900 411597 805500
412395 806820 412965 807420
424251 811140 424821 811740
562647 805380 563445 805980
594795 810180 595593 810780
594795 813540 595365 814140
557631 802500 558201 803100
597075 811620 597645 812220
614859 805380 616797 805980
674139 803460 674937 804060
586587 811140 587157 811740
611439 813060 612237 813660
455829 808260 456741 808860
590007 811140 590805 811740
416499 803460 417069 804060
569259 818340 569829 818940
560823 803460 561849 804060
577467 817380 578493 817980
571083 810660 571539 811260
581343 814020 582369 814620
425847 815940 426417 816540
422769 811140 423225 811740
577467 814980 577923 815580
594111 805860 594681 806460
419235 803460 419691 804060
448875 802980 449445 803580
416271 802020 416841 802620
563787 805860 564585 806460
411711 807300 412167 807900
592743 805860 592971 806460
676647 809700 677217 810300
463239 805380 463809 805980
458679 805860 459249 806460
553527 801540 554553 802140
616797 802980 617025 803580
556947 806340 557517 806940
427215 813060 427785 813660
426075 803460 426303 804060
423909 812100 424365 812700
614973 814500 615201 815100
420375 805380 420945 805980
669693 809700 669921 810300
583053 816900 584535 817500
651225 811620 651453 812220
587955 802980 588183 803580
436905 806820 437589 807420
579747 812100 580317 812700
452523 806820 452751 807420
432573 803460 434055 804060
568233 807300 569031 807900
414219 803460 414447 804060
424707 802980 425505 803580
584421 810180 584649 810780
445455 809700 445683 810300
460617 808260 460845 808860
674139 809700 674937 810300
596163 816420 610869 817020
587613 811140 588297 811740
564699 804420 564927 805020
424707 812100 425163 812700
617367 802500 617595 803100
674139 806820 674937 807420
606651 813060 607449 813660
580203 813540 580431 814140
576783 810180 577011 810780
433941 805380 434169 805980
576783 809220 577011 809820
539847 812100 554553 812700
575643 818820 576441 819420
445227 814020 445683 814620
588867 812580 589893 813180
425163 810180 425505 810780
605853 807780 609615 808380
556947 807300 557973 807900
617367 806340 617595 806940
670491 803940 671517 804540
428355 804420 428697 805020
580887 811140 581229 811740
617367 804420 617595 805020
573591 822180 574617 822780
592743 802500 592971 803100
445455 813060 445683 813660
453093 802020 453321 802620
434397 803460 435423 804060
430635 808740 434397 809340
617367 808740 617595 809340
600039 813540 600267 814140
554097 808740 557859 809340
564927 820260 565383 820860
413307 802020 413535 802620
462555 803940 463239 804540
618735 812580 620673 813180
451041 809220 451725 809820
587499 820740 588183 821340
567093 820260 567549 820860
676647 812100 691353 812700
428355 802020 430293 802620
554097 816420 557859 817020
500745 804900 504507 805500
561735 804420 562419 805020
464607 805380 465405 805980
674139 805380 674937 805980
430635 815460 431091 816060
561393 807300 562419 807900
562647 815460 562989 816060
618279 810180 647577 810780
648831 807300 649059 807900
580317 823620 581343 824220
443403 806340 443631 806940
577011 807300 577239 807900
562419 816900 562761 817500
452409 802020 452637 802620
432573 804420 434055 805020
556605 803460 557403 804060
654303 805860 656241 806460
580545 810180 581229 810780
415587 803460 415929 804060
445455 811620 445683 812220
561621 808260 562305 808860
421401 805380 421629 805980
598557 804420 605967 805020
573591 805380 573933 805980
500745 805860 504507 806460
618279 806340 647577 806940
458451 808740 459477 809340
583053 805380 584535 805980
571197 819780 571539 820380
448647 810180 463353 810780
671289 802020 672315 802620
598557 802500 602319 803100
395181 808260 409887 808860
562077 817860 562761 818460
538365 807300 553071 807900
618279 803460 625689 804060
657495 804900 664905 805500
641763 802980 656469 803580
443973 815940 444999 816540
579063 809700 579405 810300
561735 815460 562419 816060
587955 822660 591717 823260
584307 821220 584649 821820
592743 807780 593085 808380
666957 811140 670719 811740
500745 826980 515451 827580
641763 803940 656469 804540
499833 817860 507243 818460
415359 810180 416385 810780
658293 802500 659775 803100
419349 809700 420375 810300
664563 802980 671973 803580
622041 812580 636747 813180
595251 814500 595593 815100
571995 802980 572337 803580
615315 814980 644613 815580
506217 802980 507243 803580
583053 822660 584535 823260
622041 813540 636747 814140
433143 816420 440553 817020
560253 819780 564015 820380
434511 802500 434967 803100
464835 806820 468597 807420
412851 813060 414789 813660
404985 812580 408747 813180
552957 817860 560367 818460
403617 803940 407379 804540
617367 810180 617595 810780
522747 810180 552045 810780
598557 805860 602319 806460
430863 809700 438273 810300
439983 807780 440667 808380
542127 816420 543153 817020
453891 803940 454233 804540
544407 814020 551817 814620
587955 804900 588297 805500
426645 814500 426873 815100
416271 816900 420033 817500
524799 811140 554097 811740
432573 801540 434055 802140
453777 802020 454119 802620
395181 815940 409887 816540
640395 813060 655101 813660
576099 804900 576441 805500
554097 813540 557859 814140
416955 810180 417981 810780
598557 809700 605967 810300
545547 814980 552957 815580
433371 815460 437133 816060
597531 802500 597873 803100
432117 814500 435879 815100
583053 802500 584535 803100
