G3:
616683 804900 617481 805500
575757 809700 576897 810300
594111 812580 594909 813180
556263 805380 558885 805980
604143 813060 606765 813660
605055 811620 606537 812700
557175 812580 558657 813660
595935 812580 597417 813660
672315 805860 673797 806940
453207 805380 454461 805980
442263 812580 443745 813660
456627 802020 458109 803100
576327 807780 577809 808860
596847 808260 597873 808860
670719 806820 671973 807420
437475 814500 438957 815580
674595 803940 676077 805020
677673 807780 678357 808380
438843 808740 439527 809340
412737 802020 413421 802620
566295 816420 567321 817020
429267 807780 430977 808380
616911 813540 618165 814140
441123 803940 442149 804540
567663 813060 568917 813660
622839 811620 624093 812220
580203 818340 581229 818940
565839 817380 567549 817980
592059 805380 593085 805980
442035 809220 443061 809820
442035 808260 443745 808860
467571 804420 468597 805020
591147 813540 592857 814140
564015 817380 564699 817980
567891 809700 568689 810780
417411 802980 419121 803580
594339 808740 595593 809340
421059 802020 422085 802620
575187 817380 576213 817980
403617 808740 410115 809340
565839 811620 566637 812700
421515 805380 422997 805980
587271 814500 589665 815100
654303 812100 656697 812700
590463 810660 592173 811260
596847 809700 597873 810300
608247 813540 609729 814140
458907 804420 459933 805020
585675 817380 587385 817980
671175 810180 673569 810780
426189 803940 427101 804540
575187 806820 575985 807900
419919 804900 420489 805500
591147 818340 592059 818940
678015 803460 679041 804060
451611 808740 453321 809340
432459 815460 433485 816060
615999 812580 617253 813180
675165 810660 675621 811260
559227 803940 560481 804540
592059 815460 594453 816060
564015 815460 564813 816540
594567 805860 596961 806460
571311 802500 572337 803100
542811 807780 543381 808380
419691 806820 422085 807420
580887 812580 582597 813180
590463 809220 592173 809820
425277 808740 426873 809820
556263 814980 558657 815580
561051 802020 563445 802620
448419 807780 449445 808380
571311 809700 572109 810780
608703 812580 609729 813180
419691 813540 422085 814140
668667 807780 671061 808380
584991 809700 585789 810300
586359 820260 588069 820860
426873 815940 427785 816540
586929 809220 587385 809820
559683 814500 561849 815100
595479 801540 596391 802140
671175 809220 672087 809820
588069 802980 589665 804060
585675 821700 587385 822300
574959 814500 576213 815100
566523 814500 567549 815100
595935 803460 596961 804060
457995 808260 458907 808860
569829 804900 571425 805980
596619 804900 597645 805500
570399 807780 571425 808380
427671 803460 429381 804060
561735 804900 562533 805500
396321 812580 402819 813180
420375 810660 421173 811260
412053 804900 412737 805500
441351 810180 442263 810780
555579 804420 556605 805020
430635 811620 432231 812700
617595 811620 618621 812220
422883 803940 423681 805020
415815 804900 416385 805500
441351 804900 442377 805500
568803 817860 569829 818460
441351 811140 442377 811740
614631 811140 615657 811740
582255 824100 583281 824700
594567 806820 595479 807420
453891 806820 455829 807420
569031 807300 570057 807900
571539 806340 572451 806940
566523 802980 567321 803580
446823 807300 447849 807900
572907 821220 573933 821820
559227 812100 560481 812700
591147 819300 592059 819900
412167 809700 413421 810300
553527 802020 554553 802620
427671 814020 428697 814620
584535 821220 585105 821820
432459 806820 433257 807420
506559 805380 507813 805980
453891 809700 454689 810300
652707 811140 653733 811740
410001 809700 410913 810300
559227 816900 560481 817500
675735 809220 676761 809820
557517 809220 558429 809820
403731 811620 404985 812220
450927 804900 451953 805500
557859 808260 558429 808860
562419 812580 563445 813180
582483 815940 583167 816540
612123 814500 612693 815100
415245 815460 416157 816060
419463 801540 420489 802140
427671 810660 428469 811260
444087 807300 445341 807900
403731 812580 404529 813180
427671 807300 428697 807900
575187 820260 576213 820860
552501 815940 553185 816540
579291 802020 580317 802620
465063 803460 466089 804060
559227 813060 560025 813660
587955 817380 589209 817980
557631 802020 558657 802620
673569 809220 674481 809820
416955 803940 417525 804540
446139 808260 447165 808860
558885 809220 559797 809820
570171 820260 570855 821340
555465 805860 556149 806460
568803 815460 570057 816060
591831 811620 592857 812220
550905 802020 551589 802620
409887 813540 410913 814140
544635 816420 545547 817020
593655 803460 594909 804060
444315 808740 445569 809340
573363 810180 574617 810780
565611 813540 566637 814140
602091 811620 603345 812220
548511 812580 548967 813180
415815 803940 416385 804540
436563 808740 437247 809340
444315 809700 445569 810300
577467 810660 578493 811260
417411 815940 418437 816540
564585 808740 565269 809820
669351 806340 670605 806940
463467 801540 464721 802140
429039 813060 430065 813660
572907 804420 573933 805020
446139 803940 446823 805020
455715 804900 456399 805980
613491 813540 614517 814140
609615 814500 610641 815100
572223 808740 573705 809820
410799 808740 412053 809340
555693 815940 556377 816540
552843 808260 553869 808860
600039 815460 601065 816060
456399 806820 457425 807420
578493 803940 579177 805020
420831 815460 422427 816540
465291 804900 466317 805500
674367 807780 675051 808860
597759 811620 598785 812220
563217 813540 563901 814620
578151 808740 579405 809340
426303 807780 427329 808380
584877 816420 585561 817500
416955 806820 417981 807420
563103 803460 564129 804060
565611 805380 566637 805980
427671 809220 428697 809820
568575 816420 569829 817020
558315 802980 558999 804060
595023 816900 596277 817500
572451 819300 573135 820380
597759 814500 598785 815100
614631 813060 615657 813660
563445 804900 564129 805980
675735 802500 676761 803100
577809 814500 578493 815580
570285 812580 570969 813660
416271 807780 417297 808380
427671 804900 428697 805500
675279 806820 675963 807900
543267 816420 543951 817500
556947 803940 557973 804540
577695 812100 579177 812700
672315 811620 673797 812700
639027 812580 640509 813660
580203 817380 581685 817980
413991 808260 415017 808860
454575 802020 455829 802620
676647 805380 677673 805980
561735 810660 562761 811260
457311 803940 457995 805020
452067 805860 452751 806940
575415 802980 576099 804060
592971 813540 594453 814620
677103 803940 677787 805020
580317 813540 581001 814620
450471 801060 451155 802140
588639 809700 589323 810780
569259 811620 569943 812700
415587 809220 416613 809820
423567 816420 424365 817020
449217 805860 449901 806940
589893 812580 590577 813660
544179 808260 545661 808860
571311 817380 572337 817980
611211 811620 612693 812220
561735 813540 562761 814140
443403 814500 444429 815100
591831 803460 592857 804060
429951 814980 430977 815580
413307 810660 414333 811260
602319 813540 603345 814140
588867 819300 590349 820380
413307 804420 414333 805020
459363 807780 460845 808380
427671 816900 428697 817500
583167 817380 584193 817980
579063 819300 580545 820380
579063 815460 580545 816540
568119 803460 569601 804060
575187 804420 576213 805020
459363 802980 460845 804060
448419 808740 449901 809340
572907 816900 574389 817500
559227 802500 560253 803100
419691 812100 421173 812700
572907 813060 574389 813660
576783 805860 578265 806940
408063 805380 408633 805980
548967 802020 550449 802620
443517 805860 444201 806940
568803 820260 569829 820860
564015 806820 565041 807420
581343 819300 582825 820380
673341 808260 674253 808860
579291 804900 580317 805500
556947 806820 557973 807420
543039 813540 544521 814620
585219 803940 586701 805020
577695 813060 579177 813660
577011 816420 578493 817500
578379 802980 579405 803580
433941 807300 434853 807900
448419 802020 449901 802620
585219 818340 586701 819420
566637 803940 567549 804540
418209 811620 419121 812220
413307 802980 414333 803580
559341 804900 560025 805500
441351 802980 442605 803580
560823 816420 561507 817500
567435 804900 568917 805500
586359 811620 587841 812700
560139 809700 561621 810780
589893 803940 590577 804540
576327 803940 577809 805020
569943 819300 571425 819900
441579 805860 443061 806940
438159 811140 439641 811740
575529 805380 576213 805980
590577 802020 591033 802620
440211 812580 441693 813660
414903 802020 415701 802620
447507 803940 448989 805020
454119 803940 455601 805020
562419 817380 562875 817980
423567 811140 424365 811740
461643 802980 463125 804060
506559 803940 507015 804540
568119 808260 569601 808860
453207 802500 453891 803100
441123 801540 441579 802140
415815 802980 416727 803580
415701 811620 416613 812220
670035 810180 670719 810780
430065 803460 430977 804060
560481 815460 560937 816060
580203 820740 581685 821340
563559 807780 564015 808380
595479 814500 596163 815100
426531 814020 427329 814620
410115 806820 410913 807420
422883 813540 423225 814140
412167 807780 412965 808380
440211 814500 441693 815580
419007 810660 419919 811260
417183 810660 417981 811260
677103 809700 678585 810780
452067 803940 453549 805020
426531 810180 427101 810780
571767 815460 573249 816540
585789 815940 586473 816540
679383 803940 680865 805020
453207 807780 454689 808380
421971 811140 422883 811740
607791 814500 608361 815100
578835 821220 579291 821820
576783 802020 578265 803100
575757 810660 576213 811260
584421 817860 585105 818460
429267 812100 429837 812700
622725 814020 623409 814620
577695 820740 578379 821340
433143 805860 433941 806460
675279 805860 675735 806460
619875 814020 620331 814620
416727 804900 417525 805500
571425 818340 572109 818940
582597 805380 583053 805980
592857 801060 594225 802140
422997 802980 423681 803580
411939 806340 412737 806940
573135 823140 578721 823740
616797 814500 617253 815100
581343 802020 582711 803100
451839 802020 452523 802620
580887 804420 581685 805020
617595 814500 618051 815100
600153 813540 600837 814140
553185 814980 553869 815580
584421 813540 585789 814620
573705 807780 574161 808380
447735 810660 448305 811260
680295 801540 680751 802140
410799 812100 411027 812700
557745 802980 557973 803580
465519 802500 466089 803100
620673 810660 651339 811260
582483 817860 583053 818460
631047 811620 636633 812220
676191 803460 676647 804060
430407 805860 431775 806940
674823 809700 675279 810300
440781 806340 441237 806940
564927 814500 565611 815100
424479 803460 425163 804060
425733 805860 427101 806940
581799 810660 582597 811260
419007 804420 419577 805020
614631 814500 615087 815100
599355 814020 599925 814620
585789 808740 586473 809340
602547 814980 603117 815580
584421 805860 585789 806940
466203 805860 466773 806460
611211 802020 616797 802620
578493 818340 578949 818940
591147 807780 591717 808380
588753 808260 589437 808860
676647 810180 676875 810780
574275 801540 574845 802140
437931 802020 439299 803100
564699 813540 565269 814140
578949 816900 579405 817500
515337 811620 520923 812220
610071 804900 610869 805980
560025 806340 560481 806940
424251 804420 424821 805020
413649 806820 415017 807900
566865 811620 568233 812700
566979 806820 568347 807900
561621 817380 562077 817980
554895 807780 557061 808380
581571 821700 582141 822300
421059 802980 422427 804060
594795 804900 595365 805500
580887 814980 581343 815580
571539 822180 573705 822780
418209 812580 419577 813660
598329 813540 598557 814140
425847 812580 427215 813660
609615 807780 610413 808860
516477 810180 522063 810780
426303 801060 427671 802140
672315 808260 672885 808860
590691 812100 591261 812700
614175 807780 614973 808380
521949 812100 522861 812700
610299 802980 611097 804060
570855 815940 571425 816540
600153 811620 601521 812700
566067 815460 566637 816060
423339 812580 424707 813660
577239 818820 577809 819420
584763 819780 585333 820380
595479 811140 597645 811740
407379 804900 407949 805500
625119 814020 625689 814620
580089 805860 581001 806460
423453 809700 424365 810300
412395 811140 412965 811740
581571 803460 582141 804060
609843 812580 612009 813180
675849 801540 676761 802140
562533 808740 563901 809820
424479 815460 425733 816060
584421 811620 585789 812700
426531 802980 427101 803580
581799 814980 583053 815580
553983 812580 554553 813180
579177 823140 580089 823740
603687 814020 604257 814620
588183 813060 589665 813660
575301 822180 576213 822780
590691 817380 592857 817980
573705 819780 574617 820380
590691 820260 591945 820860
435651 806820 437019 807900
605511 814500 606765 815100
560367 804900 560937 805500
428013 805860 429381 806940
559455 811140 560709 811740
540759 808260 541329 808860
459135 801540 461301 802140
418779 815940 420033 816540
436791 802500 437361 803100
463695 807300 465861 807900
579519 811620 581001 812220
449331 802980 451497 803580
459591 806820 461073 807420
563559 802500 564129 803100
447507 809220 448077 809820
586815 810180 587385 810780
461301 807780 462213 808380
403275 805380 403845 805980
439755 811620 441009 812220
596619 806820 597873 807420
562305 807300 563217 807900
593313 817380 594225 817980
442947 801540 444429 802140
613035 811140 614517 811740
558087 811620 558543 812220
677331 802500 678813 803100
576327 817860 577809 818460
444999 802980 446481 803580
414447 809700 415017 810300
552957 807300 553413 807900
455373 805860 455601 806460
608703 811140 609957 811740
442719 815460 443973 816060
560139 808260 560709 808860
555009 813060 555921 813660
555123 802500 556605 803100
579291 809700 580659 810780
419577 803460 420489 804060
558087 806340 558885 806940
591945 806820 592857 807420
545547 813060 546801 813660
550107 815460 551361 816060
550449 813060 551361 813660
563331 811620 564585 812220
656241 808740 657609 809820
563901 820740 564357 821340
594795 814020 595365 814620
560937 812100 561849 812700
589779 816420 591033 817020
414447 804900 415701 805500
423111 802020 425277 802620
543723 814980 544977 815580
395181 806340 406239 806940
566523 802020 566865 802620
445569 816420 446937 817500
557859 810660 559341 811260
583851 802020 585333 802620
573363 814500 573705 815100
410001 804900 410913 805500
436107 801540 437361 802140
582369 823140 583281 823740
569943 814020 571425 814620
424479 807780 425733 808380
424479 817380 425733 817980
570513 803940 571425 804540
426189 815460 426417 816060
430635 810660 432117 811260
458565 807300 459021 807900
442947 802980 444429 803580
638913 811620 639825 812220
439983 806340 440553 806940
582711 821220 583281 821820
574047 815460 575529 816060
562419 811620 562989 812220
462555 807780 463353 808380
596391 814020 597645 814620
570057 817860 570285 818460
672087 803940 673569 804540
409545 812580 410457 813180
575187 813540 576441 814140
513855 802500 514197 803100
461415 802020 462897 802620
461871 805380 463353 805980
582483 806820 583281 807420
581799 811620 582369 812220
564699 802980 566181 803580
588411 801540 589893 802140
423795 805380 425277 805980
625347 802020 630477 803100
408291 803940 412053 804540
600039 814500 600381 815100
592287 814500 592857 815100
561735 806340 562191 806940
565041 819300 565269 819900
678927 804420 679155 805020
586359 806820 587727 807900
672771 807300 674253 807900
598557 806820 609615 807420
457311 805860 458793 806460
574275 821220 575757 821820
588183 815460 589665 816060
642105 812580 653163 813180
577581 822180 577809 822780
586473 801060 587841 802140
412851 805860 413421 806460
587955 810180 588297 810780
413535 811620 415017 812220
564471 807780 565953 808380
427671 812580 428013 813180
426075 804900 426645 805500
550791 808260 552273 808860
429837 802500 430293 803100
432687 804900 433257 805500
447507 806340 448989 806940
430179 808740 430749 809340
657039 811620 668097 812220
650313 805860 651681 806940
416727 802020 418209 802620
656241 806820 657609 807900
573933 811620 575301 812700
445341 805860 446709 806940
537681 808260 537909 808860
568119 821220 569373 821820
433827 803940 434055 804540
523203 811140 523659 811740
438159 812100 439641 812700
598443 812580 599013 813180
425391 814500 425961 815100
551703 813060 552273 813660
611439 814020 612009 814620
535971 813060 537453 813660
659547 803940 670605 804540
442035 815940 442377 816540
564813 803940 566181 805020
442947 811140 444429 811740
430407 815940 430977 816540
454575 802980 456057 803580
585219 820740 585789 821340
433941 801540 434169 802140
430407 804420 431889 805020
569145 809700 570513 810780
585675 807300 586017 807900
544179 802500 545433 803100
554439 804420 554781 805020
434169 817380 442947 817980
578379 819780 578721 820380
454917 805860 455145 806460
464151 806340 464949 806940
580887 821700 581115 822300
588981 805860 590349 806940
411825 802980 412281 803580
621015 814020 621585 814620
466659 803460 467229 804060
662967 802020 664335 803100
572223 811620 573591 812700
618735 814020 619305 814620
437475 805380 438957 805980
565269 817860 565611 818460
561507 802980 561849 803580
581001 808740 582369 809820
594795 807780 595365 808380
424479 808740 424935 809340
557745 816420 558657 817020
423339 806340 423909 806940
422883 815940 423225 816540
555807 806820 556149 807420
560595 821220 561165 821820
612807 812580 613605 813180
581571 813540 582369 814140
601179 814020 601749 814620
593427 809700 594225 810300
429495 804900 430065 805500
567663 818820 568461 819420
573477 802980 573705 803580
522975 802500 523545 803100
566979 801060 568347 802140
425847 802500 426417 803100
674139 811140 674481 811740
411597 810180 412053 810780
604371 814500 604941 815100
543609 812580 543837 813180
587955 804420 588753 805020
660459 802020 661827 803100
471561 810660 515451 811260
571311 814980 571653 815580
545433 817380 554211 817980
424707 816420 425277 817020
427899 802020 428469 802620
597075 803940 597645 804540
584079 809700 584649 810300
412851 806820 413421 807420
446823 811140 447165 811740
597759 803940 598671 804540
575643 819300 576213 819900
676647 807780 677445 808380
455715 809220 456513 809820
573591 806340 574389 806940
559227 807780 560025 808380
671175 805380 671973 805980
658293 810180 667071 810780
428583 802500 429153 803100
634239 814020 635037 814620
617481 809700 618393 810300
394953 813540 403731 814140
589095 811140 589665 811740
567435 815940 568005 816540
444543 813060 445569 813660
664791 806820 667641 807420
521379 811140 521949 811740
556947 802500 557289 803100
673569 802500 674481 803100
610527 813540 611097 814140
601635 814980 602433 815580
617481 808740 618393 809340
619305 822660 634011 823260
450357 806820 451725 807900
418095 807300 418893 807900
654987 813060 657837 813660
415815 802020 416385 802620
561507 808740 561849 809340
500745 807780 515451 808380
617481 802020 618393 802620
613491 808740 616341 809340
455829 807780 456741 808380
589779 804900 590577 805500
583167 825060 583965 825660
466659 802500 467457 803100
596391 802500 597189 803100
595251 815460 596049 816060
595251 802500 596049 803100
441123 809220 441693 809820
595935 807780 596733 808380
597759 801540 598671 802140
434967 806340 435537 806940
538707 808260 539505 808860
418323 814980 419121 815580
417183 809700 417753 810300
431319 802980 432117 803580
546801 807780 549651 808380
603003 815940 603573 816540
597759 805380 598671 805980
542697 815460 543609 816060
587043 823140 587613 823740
602319 812580 603117 813180
579519 807300 581001 807900
582939 804420 584535 805020
679611 802980 680409 803580
574047 804900 575073 805500
618279 807300 632985 807900
586359 802980 587157 803580
572679 805380 573705 805980
622041 802020 624891 802620
509181 805380 553071 805980
674253 813060 688959 813660
637659 811620 638457 812220
619305 823620 648603 824220
614403 812100 615201 812700
536655 808260 537453 808860
573591 818340 574389 818940
613947 814500 614517 815100
620559 812580 622155 813180
575985 826980 590691 827580
456399 812100 500289 812700
622041 826980 636747 827580
462555 806820 463353 807420
588867 821220 589665 821820
657495 805380 658407 805980
647463 806340 649059 806940
445683 810660 446481 811260
467571 802980 468141 803580
634695 802020 639825 803100
596619 815460 597645 816060
463695 804900 464493 805500
524115 811140 524913 811740
557859 814020 558657 814620
509181 820740 553071 821340
597075 816900 611781 817500
433941 814980 436791 815580
434397 805380 437247 805980
422427 812100 422997 812700
444543 812100 445341 812700
411027 807780 411825 808380
442035 801540 442605 802140
678927 805380 693633 805980
595023 812100 595479 812700
566637 821700 567549 822300
657609 821700 658407 822300
507015 814020 507927 814620
525255 802500 525825 803100
673455 804900 674253 805500
636747 808740 641877 809820
420603 807780 421401 808380
509181 806340 553071 806940
619305 821700 655899 822300
616683 807300 617595 807900
656355 803940 658293 804540
552159 801540 553071 802140
416955 812580 417753 813180
463353 819780 507243 820380
597759 802980 598671 803580
614403 804900 615201 805500
509181 804420 553071 805020
608589 804900 609501 805500
611667 802980 614517 803580
421515 816900 422085 817500
629337 804900 632187 805500
629223 808260 632073 808860
547485 813060 547941 813660
436107 803460 436677 804060
434511 801540 434967 802140
599127 815460 599697 816060
546801 802980 549651 803580
571539 807300 572565 807900
568575 819300 569487 819900
654075 811140 655101 811740
573819 803460 574845 804060
557745 820260 560595 820860
658179 814980 659775 815580
651225 816420 695115 817020
504507 806340 506103 806940
444999 811140 445569 811740
582711 822180 585561 822780
595479 810180 596505 810780
678699 807780 693405 808380
446595 802020 447165 802620
445683 814500 446253 815100
616911 805860 617481 806460
652707 808740 655557 809340
650085 817380 664791 817980
597759 815460 598785 816060
546801 826020 590691 826620
608931 805860 609501 806460
619305 820740 655899 821340
620103 808740 622155 809340
408861 806340 409773 806940
619305 825540 655899 826140
615315 802980 616911 803580
580659 822660 581457 823260
463353 823620 507243 824220
471561 817380 486267 817980
434055 802980 434625 803580
463353 818820 507243 819420
581229 823620 581685 824220
657609 819780 658407 820380
673797 801540 674709 802140
546801 818340 561507 818940
469395 815940 505989 816540
619419 811140 619875 811740
632643 804900 637773 805980
588639 816420 589209 817020
676875 806340 677331 806940
538707 802500 539277 803100
450699 805860 451725 806460
682119 802020 683145 802620
508953 802020 509637 802620
568347 814500 568917 815100
660231 808740 660801 809340
507015 813060 507927 813660
614175 803940 617025 804540
659661 821700 696255 822300
564243 812580 564813 813180
551703 802500 552273 803100
590691 821220 591261 821820
591489 826980 592059 827580
592287 816420 593085 817020
657609 818820 658407 819420
466887 810660 469737 811260
674139 805860 674595 806460
668325 808740 669921 809340
592287 802500 592857 803100
609501 803940 609957 804540
564243 802020 565269 802620
504393 804900 505989 805500
679155 802020 680181 802620
559227 821220 560025 821820
649401 817380 649857 817980
409089 815460 410001 816060
561735 821220 562305 821820
592971 812580 593541 813180
534831 813060 535401 813660
409887 805860 410457 806460
672315 809220 673113 809820
568803 801540 569259 802140
582711 809220 583167 809820
435309 803460 435765 804060
630591 814020 631389 814620
442947 816420 443403 817020
614859 810180 616797 810780
414333 816420 416271 817020
584079 815460 585105 816060
411597 811140 412053 811740
425163 812580 425505 813180
434055 806340 434625 806940
656355 802980 658293 803580
645183 811620 645753 812220
655785 826500 657723 827100
565383 818820 567321 819420
415587 812580 415815 813180
585675 819780 586245 820380
590577 806340 591033 806940
576327 812580 577353 813180
571197 808740 571653 809340
507129 821700 507927 822300
418095 805380 418665 805980
417981 804420 418437 805020
507471 804420 507927 805020
581115 807300 582141 807900
410799 805860 411369 806460
441579 807300 442149 807900
590577 814500 591033 815100
545661 801540 547599 802140
568689 823140 572451 823740
447621 801540 447849 802140
603003 802500 604713 803100
463353 824580 507243 825180
599355 803460 601065 804060
649743 811620 651339 812220
666957 802500 667869 803100
518643 802500 519327 803100
544521 809700 545547 810300
565953 810180 566751 810780
458223 804900 458793 805500
440667 810660 441123 811260
420261 814500 420717 815100
620673 816420 622155 817020
537795 802500 538365 803100
505419 803460 505989 804060
657609 824580 658407 825180
575757 802020 576327 802620
562305 815460 562761 816060
591489 822180 592059 822780
590235 807300 590805 807900
556377 813060 556605 813660
644271 811620 644841 812220
672201 802020 672429 802620
618279 804900 620217 805500
615771 811620 616227 812220
418779 809220 419577 809820
588639 807300 589095 807900
565269 820260 567207 820860
418209 808260 418665 808860
591603 821220 592059 821820
556035 801540 556491 802140
528447 824580 528903 825180
444087 803940 444885 804540
444315 805380 444885 805980
508041 813540 509979 814140
585903 805380 586359 805980
634923 803460 636861 804060
453891 801540 454461 802140
658521 818340 673227 818940
585219 814980 586017 815580
507471 812100 507927 812700
659319 802980 659889 803580
620331 811620 620787 812220
429495 816900 431433 817500
415359 813540 415929 814140
463467 803940 464265 804540
571311 801540 571767 802140
440097 807300 440325 807900
421059 809700 422997 810300
553983 815940 554439 816540
515337 826980 522747 827580
563901 818820 564585 819420
562191 818340 562647 818940
613491 805380 614289 805980
429723 809700 430179 810300
609615 815940 609843 816540
521949 813060 522405 813660
657609 823620 658407 824220
578265 822180 578721 822780
566295 806820 566751 807420
538365 823620 567663 824220
670719 811620 671289 812220
438159 809700 440097 810300
515337 823140 522747 823740
535287 802500 535857 803100
555009 806820 555465 807420
577011 819780 577239 820380
412395 803940 412965 804540
641763 806820 643359 807420
618279 805860 620217 806460
695799 808740 696027 809340
415359 806820 415701 807420
420261 809700 420717 810300
437931 803460 439869 804060
668211 809700 669807 810300
680979 802020 681549 802620
580659 816420 581457 817020
515337 817380 522747 817980
562989 818820 563673 819420
550107 802980 551475 803580
592287 808260 593085 808860
497211 803460 504621 804060
609501 809700 609957 810300
622041 818340 636747 818940
431319 801540 432117 802140
618051 816420 619989 817020
655899 805380 656355 805980
402477 805380 402705 805980
588411 822180 588867 822780
582939 813540 583737 814140
457083 808740 457311 809340
585675 823140 586359 823740
615771 804900 616341 805500
578493 806340 578949 806940
469851 809700 470307 810300
422085 812580 422313 813180
507129 820740 507927 821340
416499 805860 416955 806460
555579 810180 557517 810780
507471 803460 507927 804060
409773 801540 410343 802140
424707 810660 425505 811260
554325 821220 555123 821820
602205 802020 602433 802620
542583 802500 543267 803100
445455 804900 445683 805500
509181 814980 538479 815580
673683 814500 695685 815100
579861 824580 581799 825180
467571 805380 496869 805980
439527 814020 440097 814620
564015 809700 564243 810300
554097 811620 557859 812220
507129 817860 507927 818460
585219 802980 585903 803580
617367 802980 617595 803580
671973 817380 693975 817980
571197 811620 571653 812220
664791 807780 668553 808380
432231 816900 432687 817500
544521 826980 545547 827580
561735 815940 562191 816540
620103 802980 620787 803580
584421 803460 585105 804060
567207 805860 567435 806460
424593 806820 425619 807420
676647 811620 691353 812220
427101 811620 427899 812220
608589 808740 609273 809340
549537 813060 550221 813660
668895 810660 669921 811260
461187 806340 461415 806940
594225 805380 594453 805980
419919 808740 420945 809340
429837 801540 430293 802140
565725 801540 565953 802140
404529 804900 404985 805500
446595 815460 468597 816060
463353 822660 492651 823260
504393 812580 504621 813180
427557 808260 428013 808860
422541 808740 423339 809340
637431 807780 652137 808380
471561 821220 500859 821820
452523 807300 452751 807900
443859 812100 444315 812700
425049 813540 425505 814140
412851 812580 414789 813180
544521 825060 545547 825660
695343 812580 696027 813180
437817 807300 438045 807900
463467 802500 464265 803100
576441 821220 576897 821820
545319 810660 545547 811260
507129 825540 507927 826140
463353 827460 492651 828060
438501 804420 438957 805020
491283 816900 505989 817500
583167 802020 583395 802620
437589 813060 438273 813660
552957 803460 556719 804060
556947 821220 557289 821820
669009 802020 670035 802620
432231 802020 433257 802620
598557 808260 599583 808860
469851 814500 470307 815100
454347 811620 455031 812220
562419 806340 562647 806940
609501 802980 609729 803580
407265 803940 407949 804540
575871 811620 576555 812220
590463 802980 590691 803580
448647 810660 463353 811260
471561 826020 500859 826620
532893 813060 533577 813660
646323 806820 646779 807420
525255 812100 539961 812700
506331 802500 507357 803100
446823 813060 468825 813660
593085 803940 593313 804540
444999 801540 445341 802140
424935 811620 425961 812220
591717 825540 592059 826140
545319 811620 545547 812220
637431 814020 637773 814620
591717 823620 592059 824220
509181 825540 538479 826140
608247 803460 609273 804060
587955 818820 588183 819420
587613 805860 588297 806460
694545 809700 695571 810300
409773 802500 410799 803100
542013 816900 543039 817500
430635 802500 430863 803100
618963 817380 619989 817980
402477 814980 406239 815580
584421 808260 585105 808860
509181 815940 538479 816540
653847 807300 655785 807900
614631 805860 614973 806460
402477 803460 406239 804060
460731 808740 468141 809340
412851 815940 413877 816540
452295 809700 453321 810300
591717 824580 592059 825180
410343 814980 414105 815580
395181 807300 409887 807900
507813 826500 509295 827100
523773 822660 553071 823260
463353 821700 470763 822300
554097 805860 555123 806460
522633 818340 544635 818940
422199 807300 423225 807900
598557 809220 600495 809820
544521 826020 545547 826620
490599 814020 505305 814620
553185 804900 553869 805500
644499 814980 651909 815580
675051 811620 675393 812220
470193 813540 471675 814140
433941 812100 437703 812700
410913 802020 411597 802620
659661 822660 674367 823260
463353 817860 470763 818460
666957 805380 670719 805980
432231 803460 432687 804060
496299 814980 503709 815580
447507 816900 462213 817500
600267 805380 607677 805980
443403 807300 443631 807900
601407 813060 601749 813660
648489 824580 655899 825180
419919 816900 420945 817500
423909 808260 424251 808860
432573 813060 434055 813660
619305 818340 620331 818940
405099 812100 408861 812700
395181 810180 409887 810780
574389 808740 574617 809340
691809 806340 699219 806940
458451 809220 459477 809820
433827 810660 434169 811260
446823 812100 454233 812700
625575 803460 629337 804060
571995 803460 572337 804060
509181 821700 523887 822300
512031 812580 519441 813180
471903 801540 501201 802140
483303 813060 498009 813660
658521 813540 673227 814140
695685 817380 696027 817980
566523 808260 566865 808860
552957 809220 556719 809820
416271 810180 416613 810780
420945 804420 421287 805020
444201 816420 444885 817020
665817 826980 673227 827580
451155 809700 451839 810300
528219 802500 528903 803100
522633 813060 526395 813660
674253 827460 696255 828060
460731 814500 468141 815100
434283 808740 436221 809340
569487 806340 569829 806940
688845 818820 696255 819420
582825 808260 583167 808860
477147 808260 491853 808860
440325 808260 440667 808860
688845 824580 696255 825180
431661 814020 432687 814620
414561 814500 415587 815100
507813 824580 509295 825180
515337 819300 522747 819900
440439 816420 441465 817020
575985 824100 579747 824700
523773 824580 527535 825180
468825 804420 498123 805020
396321 817380 418323 817980
415587 810660 415929 811260
636633 817380 644043 817980
394953 802980 396435 803580
695001 820260 696027 820860
619305 826980 620331 827580
695685 810660 696027 811260
575985 825060 579747 825660
620673 817380 622155 817980
448647 809700 449673 810300
677331 808740 677673 809340
618051 803940 618393 804540
583053 819780 584535 820380
446823 809220 447165 809820
562419 816420 562761 817020
648489 818820 655899 819420
658293 825540 659775 826140
544521 819300 545547 819900
640395 811620 640737 812220
640167 814020 654873 814620
636519 807300 636861 807900
463353 820740 470763 821340
538365 814020 542127 814620
414219 805860 414447 806460
506331 809220 507357 809820
694887 811620 695913 812220
425847 810180 426189 810780
497211 802500 504621 803100
648489 827460 655899 828060
678927 809220 693633 809820
583053 818820 584535 819420
507813 822660 509295 823260
632871 809220 636633 809820
420261 802500 420717 803100
463353 825540 470763 826140
658293 801540 659775 802140
586815 804900 587157 805500
654303 802020 658065 802620
546003 808260 546345 808860
648489 819780 655899 820380
636975 813060 638913 813660
610299 806820 614061 807420
394953 811620 396435 812220
511347 812580 511689 813180
658293 820740 659775 821340
546117 815940 549879 816540
394953 802020 396435 802620
463353 826500 470763 827100
688845 823620 696255 824220
