G4:
153729 688740 170715 689340
153729 679140 170715 679740
153729 669540 170715 670140
153729 683940 170715 684540
153729 674340 170715 674940
93081 672420 95475 673020
221673 688740 237519 689820
153729 692580 169575 693660
304209 678180 320055 679260
93081 667620 95475 668220
93081 691620 95475 692220
221673 682980 237519 684060
304209 668580 320055 669660
95361 689700 153843 690300
221673 669540 237519 670620
221673 678180 237519 679260
93081 682020 95475 682620
304209 687780 320055 688860
304209 673380 320055 674460
95361 675300 153843 675900
93081 677220 95475 677820
304209 682980 320055 684060
93081 686820 95475 687420
208221 692100 283575 692700
95361 680100 153843 680700
281181 673860 283575 674460
95361 670500 153843 671100
283461 684420 312759 685020
281181 683460 283575 684060
283461 689220 312759 689820
116109 688260 130815 688860
221673 673380 237519 674460
208221 687300 283575 687900
95361 684900 153843 685500
283461 670020 312759 670620
304209 681060 318915 681660
283461 679620 312759 680220
116109 673860 130815 674460
304209 685860 318915 686460
208221 668100 283575 668700
71193 678180 87039 679260
281181 669060 283575 669660
237405 684420 266703 685020
57741 673860 72447 674460
168321 678180 170715 678780
71193 668580 87039 669660
116109 683460 130815 684060
208221 671940 283575 672540
56373 671940 57855 672540
116109 669060 130815 669660
281181 688260 283575 688860
168321 687780 170715 688380
168321 682980 170715 683580
281181 678660 283575 679260
56601 684900 71307 685500
56373 687300 57855 687900
56373 681540 57855 682140
312645 690180 320055 690780
168321 668580 170715 669180
56601 689700 71307 690300
283461 670980 312759 671580
237405 679620 266703 680220
266589 693060 281295 693660
56373 692100 57855 692700
168321 673380 170715 673980
208221 693060 222927 693660
56601 676260 85899 676860
56601 670500 71307 671100
56601 680100 71307 680700
56373 672900 57855 673500
56373 691140 57855 691740
56601 685860 85899 686460
283461 674820 312759 675420
56373 682500 57855 683100
312645 675780 320055 676380
116109 693060 130815 693660
57741 683460 72447 684060
130701 678660 133095 679260
57741 688260 72447 688860
237405 674820 266703 675420
57741 674820 72447 675420
