G3:
116109 670020 208335 670620
116109 684420 208335 685020
116109 679620 208335 680220
116109 689220 208335 689820
116109 674820 208335 675420
57741 682500 208335 683100
266589 684420 283575 685020
57741 692100 208335 692700
57741 687300 208335 687900
57741 672900 208335 673500
266589 689220 283575 689820
283461 673860 305463 674460
266589 679620 283575 680220
57741 668100 208335 668700
266589 670020 283575 670620
283461 688260 305463 688860
266589 674820 283575 675420
57741 677700 208335 678300
198645 678660 208335 679260
283461 683460 305463 684060
198645 669060 208335 669660
283461 678660 305463 679260
198645 683460 208335 684060
283461 669060 305463 669660
221673 683940 237519 685020
221673 687780 237519 688860
198645 693060 208335 693660
198645 688260 208335 688860
198645 673860 208335 674460
221673 674340 237519 675420
71193 688740 87039 689820
221673 668580 237519 669660
221673 679140 237519 680220
71193 674340 87039 675420
208221 690180 266703 690780
95361 676260 153843 676860
95361 681060 153843 681660
71193 679140 87039 680220
283461 680580 312759 681180
95361 690660 153843 691260
208221 681540 283575 682140
56601 671460 85899 672060
130701 688260 133095 688860
95361 671460 153843 672060
208221 685380 266703 685980
130701 673860 133095 674460
130701 669060 133095 669660
95361 685860 153843 686460
208221 667140 283575 667740
283461 685380 312759 685980
208221 670980 266703 671580
304209 692580 320055 693660
57741 693060 72447 693660
71193 669540 87039 670620
56601 690660 85899 691260
312645 684420 320055 685020
71193 683940 87039 685020
208221 676740 283575 677340
283461 690180 312759 690780
130701 683460 133095 684060
266589 673860 281295 674460
208221 691140 283575 691740
208221 686340 283575 686940
281181 693060 283575 693660
245841 672420 304323 673020
208221 675780 266703 676380
283461 675780 312759 676380
266589 683460 281295 684060
56601 681060 85899 681660
208221 680580 266703 681180
318801 672420 319827 673020
304209 671460 318915 672060
56373 676740 57855 677340
56373 686340 57855 686940
304209 667620 318915 668220
237405 693060 266703 693660
130701 693060 133095 693660
318801 675300 319827 675900
56373 678660 57855 679260
266589 669060 281295 669660
318801 686820 319827 687420
312645 670020 320055 670620
57741 675780 72447 676380
116109 678660 130815 679260
86925 693060 116223 693660
56373 667140 57855 667740
56373 684420 57855 685020
304209 691620 318915 692220
304209 677220 318915 677820
312645 689220 320055 689820
304209 682020 318915 682620
312645 679620 320055 680220
266589 688260 281295 688860
56373 674820 57855 675420
266589 678660 281295 679260
