G5:
153729 678180 169575 679260
153729 682980 169575 684060
153729 673380 169575 674460
153729 668580 169575 669660
153729 687780 169575 688860
208221 682500 283575 683100
208221 677700 283575 678300
86925 689220 116223 689820
237405 683460 266703 684060
86925 680580 116223 681180
208221 672900 283575 673500
304209 689700 318915 690300
237405 678660 266703 679260
245841 686820 304323 687420
168321 692580 170715 693180
237405 688260 266703 688860
86925 670980 116223 671580
86925 685380 116223 685980
86925 673860 116223 674460
86925 679620 116223 680220
86925 688260 116223 688860
237405 673860 266703 674460
86925 670020 116223 670620
86925 684420 116223 685020
312645 685380 320055 685980
56601 679140 71307 679740
57741 669060 72447 669660
304209 690660 318915 691260
237405 689220 266703 689820
57741 670020 72447 670620
304209 680100 318915 680700
304209 674340 318915 674940
86925 675780 116223 676380
86925 690180 116223 690780
57741 689220 72447 689820
237405 670020 266703 670620
304209 676260 318915 676860
57741 690180 72447 690780
86925 674820 116223 675420
237405 669060 266703 669660
57741 670980 72447 671580
86925 683460 116223 684060
312645 670980 320055 671580
