G2:
929271 1153380 930639 1154460
909321 1162500 910347 1163100
890169 1126980 891195 1127580
910803 1147620 912627 1148220
889599 1156260 891423 1156860
893817 1138020 895071 1138620
936111 1152420 937935 1153020
900087 1159140 901911 1159740
907611 1157220 909435 1157820
900087 1149540 901911 1150140
936453 1154340 937821 1155420
923001 1158180 924255 1158780
892563 1131300 894387 1131900
942039 1158180 943407 1159260
949107 1162980 950475 1164060
921633 1131300 924027 1131900
910119 1158180 910803 1158780
951501 1162020 952869 1163100
941469 1161060 942837 1162140
936453 1146660 937821 1147740
954009 1161060 955377 1162140
921633 1148580 924027 1149180
933945 1161060 935313 1162140
936567 1156260 937935 1157340
929043 1150500 930411 1151580
946599 1162020 947967 1163100
943977 1162020 945345 1163100
941469 1155300 942837 1156380
933945 1150500 935313 1151580
934971 1162980 936339 1164060
884013 1126980 886407 1127580
938961 1161060 940329 1162140
934629 1148580 935997 1149660
939075 1155300 940443 1156380
941469 1153380 942837 1154460
927219 1158180 928587 1159260
929499 1156260 930867 1157340
937023 1148580 938391 1149660
931437 1162020 932805 1163100
936795 1162980 938163 1164060
928929 1148580 930297 1149660
933945 1152420 935313 1153500
926649 1161060 928017 1162140
925053 1162980 926421 1164060
928929 1162020 930297 1163100
934059 1146660 935427 1147740
934173 1157220 935541 1158300
898263 1126980 899973 1127580
886293 1132260 887661 1134300
936567 1150500 937935 1151580
931779 1160100 933147 1161180
931209 1134660 932691 1135260
928929 1158180 930297 1159260
905103 1154340 906585 1155420
903621 1155780 905103 1156380
923001 1162980 924483 1163580
928017 1144740 929499 1145340
893817 1155300 895185 1157340
932007 1154340 933375 1155420
907953 1141860 909435 1142460
913653 1150500 915135 1151580
926763 1162980 928131 1164060
928929 1136100 930297 1138140
886293 1128420 887661 1130460
897579 1132260 899061 1133340
886293 1149540 887661 1151580
932691 1142820 934401 1143420
898377 1151460 899859 1152540
883329 1133220 885039 1133820
898833 1153380 900201 1155420
930183 1126980 931893 1127580
905217 1146180 906927 1146780
912399 1131780 914109 1132380
931893 1129860 933033 1130460
891423 1162020 893133 1162620
908751 1159140 910119 1160220
902937 1154340 903963 1155420
912969 1141860 913995 1142940
880023 1138980 881733 1139580
892563 1152900 893703 1153500
908295 1160580 910005 1161180
915135 1141860 916161 1142940
913767 1162980 914679 1163580
916275 1136100 917301 1137180
917643 1132740 918783 1133340
917643 1145700 918783 1146300
932805 1149540 933717 1150140
887547 1154820 888687 1155420
926307 1130340 927447 1130940
933717 1156260 934857 1156860
915135 1143300 916275 1143900
912513 1162020 913767 1162620
901227 1133220 902367 1133820
908751 1153380 909663 1153980
888687 1153380 889713 1154460
925167 1131300 926193 1132380
903735 1159620 904875 1160220
908295 1151940 910005 1152540
903963 1158180 905103 1158780
912399 1158180 913311 1158780
998241 1140900 999267 1141980
890055 1142820 891423 1143900
902595 1142820 903621 1143900
913767 1138500 914679 1139100
900315 1142820 901455 1143420
887547 1135140 888459 1135740
906015 1126020 907041 1126620
926307 1152420 927333 1153020
916959 1138980 917643 1140060
936453 1141860 937821 1143900
941241 1127460 942381 1128060
890055 1141860 890967 1142460
893703 1161060 894729 1161660
918783 1159140 919923 1159740
943179 1154820 944091 1155420
903735 1135140 904647 1135740
913767 1128420 914337 1129500
919011 1152420 920037 1153020
901113 1138020 902253 1138620
885495 1138980 886635 1139580
892791 1129380 893931 1129980
938733 1146660 939645 1147260
925737 1157220 926649 1157820
893589 1139940 894501 1140540
896667 1137540 897579 1138140
905901 1130820 907041 1131420
934059 1131780 935085 1132380
900429 1128900 901569 1129500
913653 1151940 915021 1152540
900087 1150500 901455 1151580
916161 1138020 917301 1138620
928929 1141860 930297 1143900
938619 1153380 939189 1154460
933033 1143780 934173 1144380
935199 1144740 936567 1145820
905103 1139940 906471 1141020
893817 1132260 895185 1134300
938049 1140900 939417 1141980
897807 1144260 898947 1144860
890853 1153860 891993 1154460
908295 1138980 908979 1140060
888345 1140900 888915 1141980
919923 1160100 921291 1162140
940215 1162980 941583 1164060
937137 1126500 938391 1127100
930981 1146660 931551 1147740
935199 1130340 936567 1131420
936339 1132260 936909 1133340
930639 1133700 931437 1134300
932691 1144740 934059 1145820
890055 1152420 891423 1153500
926079 1137060 926649 1138140
898719 1128420 899289 1129500
884241 1151460 885381 1152060
908979 1140420 910005 1141020
923913 1127460 925167 1128060
914223 1131300 915249 1131900
926421 1147620 927789 1149660
931323 1157220 932691 1158300
931323 1163460 932463 1164060
891423 1139940 892791 1141980
918441 1138020 919011 1139100
939075 1156740 939987 1157340
930867 1151460 932007 1152060
928701 1128420 929385 1129500
916275 1162980 917643 1164060
910917 1144740 912285 1145820
908295 1129380 908979 1130460
903165 1136580 904305 1137180
919011 1150500 920037 1151100
895299 1143780 896325 1144380
900315 1141380 901341 1141980
892563 1150500 893931 1151580
921519 1132740 922545 1133340
951273 1141860 951957 1142940
918783 1163460 919923 1164060
902595 1140900 903963 1141980
895527 1152900 896325 1153500
926535 1132740 927561 1133340
923001 1156260 923799 1156860
991401 1133220 992085 1134300
900885 1140420 902025 1141020
923343 1128900 924483 1129500
925737 1135140 926535 1135740
915249 1150020 916845 1150620
930411 1138500 931437 1139100
915363 1140900 916389 1141500
896211 1134180 897009 1134780
889827 1145700 890625 1146300
901227 1127460 901911 1128540
925167 1142340 926193 1142940
927447 1139460 928245 1140060
913995 1158180 915021 1158780
909891 1143780 910917 1144380
911373 1158660 912171 1159260
916503 1140420 917529 1141020
920607 1158660 921861 1159260
911259 1154820 912627 1155420
913995 1156740 915021 1157340
918783 1131780 919581 1132380
910233 1152900 911487 1153500
917757 1126020 919011 1126620
938505 1131780 939873 1132380
903393 1145700 904077 1146780
890283 1149060 891423 1149660
898719 1148100 899517 1148700
925395 1143300 926649 1143900
895185 1135620 896553 1136220
919011 1149540 920037 1150140
921519 1126020 922773 1126620
910461 1130820 911715 1131420
886635 1145220 887661 1145820
908751 1158180 909549 1158780
921861 1146180 922659 1146780
923799 1129860 924597 1130460
942609 1129380 943521 1129980
891993 1126500 892791 1127100
937707 1130820 939075 1131420
923001 1157220 923799 1157820
938961 1127940 939873 1128540
912855 1149060 913881 1149660
908637 1154820 910119 1155420
918783 1146660 920037 1147260
885153 1136100 886407 1136700
919011 1139940 920037 1140540
913767 1127460 915135 1128060
906243 1159140 907611 1159740
919923 1130340 921291 1131420
925395 1158180 926991 1158780
887547 1147620 889029 1148220
917643 1133700 919011 1134300
885267 1144740 886293 1145340
912741 1126020 914109 1126620
921291 1140420 922089 1141020
923001 1137060 923799 1137660
898947 1138500 899973 1139100
913197 1153380 914451 1153980
893703 1136580 894957 1137180
912627 1140900 913995 1141500
926877 1140900 928245 1141500
1000635 1141380 1001889 1141980
887889 1144740 889143 1145340
937707 1125540 939075 1126140
932691 1137060 934059 1137660
903393 1138980 904647 1139580
910233 1148580 911487 1149180
908067 1162020 908865 1162620
913767 1146660 914565 1147260
903279 1160580 904533 1161180
895413 1148100 896211 1148700
911145 1139940 912399 1140540
930639 1130340 931779 1130940
925395 1153860 926763 1154460
906243 1156260 907611 1156860
890169 1133700 891423 1134300
918441 1134660 919809 1135260
885153 1135140 885951 1135740
912855 1136100 914109 1136700
903735 1133700 904533 1134300
940329 1143300 941583 1143900
918783 1147620 920037 1148220
928017 1130820 929499 1131420
885381 1132740 886179 1133340
940215 1145700 941013 1146300
893703 1130340 894957 1130940
923799 1139460 925053 1140060
890169 1128900 891423 1129500
918783 1148580 920151 1149180
925965 1150020 927333 1150620
894387 1147620 895185 1148220
912969 1129860 914337 1130460
928815 1152420 930183 1153020
940215 1130820 941583 1131420
938619 1151940 940101 1152540
897579 1156260 898947 1156860
925167 1159620 926535 1160220
933033 1126980 934401 1127580
898719 1133700 900087 1134300
885609 1147620 886407 1148220
918783 1141860 920037 1142460
945231 1154340 946713 1154940
903735 1151460 904989 1152060
940329 1128420 941583 1129020
904305 1127460 905673 1128540
905673 1147140 906927 1147740
897579 1141860 898947 1142460
911259 1134660 912627 1135260
895299 1149540 896097 1150140
913653 1135140 915021 1135740
891651 1158180 892905 1158780
905103 1157220 906471 1157820
884469 1139940 885723 1140540
937023 1158180 937593 1158780
933261 1133220 934515 1133820
921747 1126980 923001 1127580
926307 1146660 927561 1147260
908751 1135620 910005 1136220
925167 1136100 926535 1136700
931323 1139460 932121 1140060
916161 1155300 917415 1155900
917871 1144260 919125 1144860
925167 1126500 926649 1127100
1826337 1134180 1841043 1135260
903735 1143780 904533 1144380
945231 1161060 946599 1161660
928815 1126980 929613 1127580
940671 1157700 941925 1158300
922659 1144260 923457 1144860
896097 1130340 897579 1130940
947397 1159620 948651 1160220
885381 1126020 886749 1126620
901227 1152420 902025 1153020
905217 1150020 906699 1150620
913767 1155300 915021 1155900
898719 1147140 899517 1147740
916161 1129860 917643 1130460
902709 1147140 903963 1147740
903621 1148100 905103 1148700
911145 1132740 912513 1133340
911145 1135620 912513 1136220
931095 1142820 931893 1143420
927903 1155300 929499 1155900
913767 1139460 914565 1140060
898605 1158180 899859 1158780
897579 1146180 899061 1146780
930867 1149540 932121 1150140
926079 1128900 927561 1129500
933147 1146180 933945 1146780
937935 1157700 938619 1158300
899403 1134660 900201 1135260
915249 1144260 916731 1144860
939531 1158660 940215 1159260
908181 1142820 908979 1143420
888117 1134180 889371 1134780
887547 1126980 889029 1127580
895299 1128900 896895 1129500
916275 1161540 917643 1162140
900201 1129860 901455 1130460
938391 1162500 939873 1163100
912855 1127940 913653 1128540
931779 1148580 932577 1149180
906243 1148100 907611 1148700
907611 1137060 908979 1137660
893133 1126980 894729 1127580
928587 1134180 930069 1134780
916275 1130820 917073 1131420
903165 1150500 904419 1151100
917757 1140900 919011 1141500
1012833 1147620 1022751 1148220
923001 1135140 924597 1135740
908751 1144260 909549 1144860
920151 1138020 921747 1138620
999039 1135620 999951 1136220
920151 1150020 921519 1150620
918783 1129380 920265 1129980
916161 1148580 917643 1149180
922089 1147140 923343 1147740
896781 1135140 897237 1135740
913653 1161060 915135 1161660
920721 1162500 921975 1163100
916503 1160100 917643 1160700
893703 1127940 895071 1128540
891081 1136100 892563 1136700
887547 1142340 888915 1142940
891195 1130340 892563 1130940
911829 1137540 912627 1138140
887775 1139460 889371 1140060
888231 1148580 889143 1149180
900315 1135620 901911 1136220
907611 1138020 908409 1138620
937707 1144740 939189 1145340
946257 1126980 957315 1127580
900657 1148100 902253 1148700
1004397 1154820 1015455 1155420
933717 1135140 935085 1135740
908637 1132740 910005 1133340
917529 1149540 918783 1150140
943863 1129860 944661 1130460
906927 1160580 907497 1161180
880251 1135620 881847 1136220
895071 1150500 896667 1151100
998241 1132260 999837 1132860
952755 1140900 953553 1141500
998241 1131300 999609 1131900
864975 1137060 866001 1138140
921291 1135620 922089 1136220
883329 1154820 885495 1155420
1826337 1162980 1841043 1164060
906471 1131780 907497 1132380
897579 1142820 899175 1143420
951501 1160100 952185 1160700
915705 1131780 916959 1132380
923799 1160580 925167 1161180
937137 1138020 938391 1138620
910119 1150020 911715 1150620
941355 1126500 942267 1127100
910575 1131780 911487 1132380
905445 1143300 907041 1143900
940443 1152420 941241 1153020
932691 1158660 933831 1159260
1840929 1130820 1859283 1131420
908751 1131300 910347 1131900
889599 1140420 891195 1141020
906699 1132740 907497 1133340
896097 1136580 896895 1137180
907839 1127460 909435 1128060
905445 1141860 906813 1142460
889257 1148100 890055 1148700
931323 1132740 932691 1133340
930753 1140420 931551 1141020
897579 1161060 898377 1161660
891195 1162980 892563 1163580
994935 1138020 996303 1138620
902823 1129380 903849 1129980
903393 1138020 904989 1138620
931551 1153380 932349 1153980
1015341 1158660 1018761 1159260
906015 1152420 907611 1153020
913425 1145700 915021 1146300
906243 1158180 907155 1158780
903735 1163460 905103 1164060
1012833 1160100 1022751 1160700
912627 1126980 913653 1127580
890169 1146660 890397 1147260
932007 1141860 932805 1142460
888687 1129860 889485 1130460
1826337 1136100 1841043 1137180
885381 1143300 886749 1143900
894045 1140900 895413 1141980
920379 1128900 921405 1129500
910347 1128420 911373 1129020
901455 1126020 902481 1126620
850497 1143300 883443 1143900
1840929 1139940 1865439 1140540
920379 1127940 921405 1128540
888117 1138020 888915 1138620
906471 1128900 907497 1129500
865089 1158660 883443 1159260
927675 1126500 928701 1127100
884355 1125540 885153 1126140
957771 1138980 958911 1139580
1840929 1146660 1865439 1147260
1826337 1156740 1865439 1157340
1840929 1140900 1865439 1141500
885039 1148580 886179 1149180
898605 1162500 899973 1163100
911031 1133700 911829 1134300
1840929 1155300 1865439 1155900
921519 1154340 923115 1154940
1859169 1131780 1863615 1132380
1826337 1152900 1865439 1153500
919809 1156260 920493 1156860
1003485 1131780 1014543 1132380
1012833 1151460 1022751 1152060
943293 1153860 943977 1154460
917415 1150500 918783 1151580
1018647 1128900 1022751 1129500
949335 1133220 950931 1134300
926877 1125540 927675 1126140
1826337 1132740 1865439 1133340
894273 1134660 895413 1135260
907155 1144260 908295 1144860
883329 1152900 885495 1153500
1015341 1163460 1018761 1164060
876945 1157220 886179 1157820
949449 1130340 951045 1131420
1840929 1160100 1865439 1160700
921633 1151940 922773 1152540
936567 1153380 937365 1153980
1016595 1132740 1018761 1133340
883329 1153860 885495 1154460
920151 1152420 921291 1153020
896781 1162980 897579 1163580
1840929 1145700 1865439 1146300
915819 1128420 916959 1129020
904875 1131780 905901 1132380
1840929 1127460 1865439 1128060
888687 1127940 890055 1128540
1018647 1130820 1022751 1131420
867483 1126020 878541 1126620
1015341 1144260 1018761 1144860
1012833 1157220 1022751 1157820
1018647 1149060 1022751 1149660
885609 1140900 885837 1141500
1826337 1148100 1865439 1148700
1012833 1161060 1022751 1161660
935313 1134180 936453 1134780
1018647 1129860 1022751 1130460
898719 1137540 899631 1138140
1826337 1143780 1841043 1144860
896097 1146660 896325 1147260
872385 1141380 883443 1141980
1840929 1159140 1865439 1159740
937707 1136580 948765 1137180
1017165 1127940 1018761 1128540
1018647 1162500 1022751 1163100
995505 1143300 1013859 1143900
959253 1143300 975327 1143900
1826337 1138500 1865439 1139100
872385 1155780 883443 1156380
1012833 1153380 1022751 1153980
1859169 1135620 1865439 1136220
1826337 1150500 1841043 1151580
1012833 1152420 1022751 1153020
1018647 1143300 1022751 1143900
1826337 1161540 1865439 1162140
923571 1151460 924027 1152060
926193 1139460 926649 1140060
934059 1155300 935085 1155900
1840929 1126500 1865439 1127100
1826337 1137540 1865439 1138140
1012833 1146660 1022751 1147260
897123 1157220 898149 1157820
868281 1135140 877515 1135740
930639 1154820 931437 1155420
936909 1136100 937137 1136700
921291 1144260 921747 1144860
904875 1126500 905103 1127100
861327 1127940 862809 1128540
1826337 1129380 1841043 1130460
913767 1137540 914223 1138140
916503 1147620 917301 1148220
1018647 1138500 1022751 1139100
1004397 1155780 1015455 1156380
891423 1160580 892221 1161180
896211 1160580 897009 1161180
900543 1134180 901569 1134780
1859169 1144260 1865439 1144860
918783 1157700 919581 1158300
1859169 1149060 1865439 1149660
875805 1138980 878655 1139580
894387 1159620 895185 1160220
932235 1135620 932577 1136220
1012833 1150500 1022751 1151100
940557 1129380 941013 1129980
921975 1157700 922773 1158300
875805 1131300 878313 1131900
867483 1133700 878541 1134300
911259 1153860 912057 1154460
897921 1145220 898377 1145820
1859169 1136580 1863615 1137180
905559 1160580 906357 1161180
862353 1149540 880707 1150140
918327 1162500 919467 1163100
1826337 1151940 1865439 1152540
894273 1125540 895413 1126140
866343 1135140 867369 1136220
1826337 1142340 1865439 1142940
850497 1162500 883443 1163100
935199 1139460 936225 1140060
1014087 1135620 1018761 1136220
890511 1154820 891423 1155420
944091 1158660 944775 1159260
905559 1153380 906357 1153980
1826337 1157700 1865439 1158300
916503 1146660 917301 1147260
1011807 1145220 1017393 1145820
900087 1155780 900885 1156380
986727 1138020 987753 1139100
928131 1138500 928929 1139100
903621 1156740 904077 1157340
891195 1145220 891423 1145820
1859169 1153860 1865439 1154460
1859169 1150020 1865439 1150620
888573 1145700 889029 1146300
930639 1127940 931437 1128540
923799 1143300 924255 1143900
996189 1128900 998697 1129500
952299 1138980 953667 1140060
891537 1146660 892905 1147740
935883 1160100 937023 1160700
939987 1141860 941127 1142460
1011693 1162500 1017279 1163100
916389 1153860 917529 1154460
916275 1133700 916503 1134300
919923 1136580 920721 1137180
919011 1132740 919809 1133340
884241 1158180 886749 1158780
1002687 1127940 1003371 1128540
899973 1143780 901341 1144860
916731 1158180 917757 1158780
923799 1141860 924597 1142460
927219 1153380 928245 1153980
861327 1126020 862809 1126620
938163 1129380 939189 1129980
858705 1131300 861213 1131900
929043 1126020 930069 1126620
896439 1151940 897237 1152540
937023 1145700 938163 1146300
1003143 1140900 1021497 1141500
991287 1152420 996873 1153020
883899 1148580 884925 1149180
940215 1140420 949449 1141020
942267 1156740 943407 1157340
903735 1130820 904761 1131420
903735 1161540 904761 1162140
935655 1158180 936681 1158780
887775 1130820 888801 1131420
1020243 1132260 1022751 1132860
943065 1144740 948651 1145340
925395 1161060 926421 1161660
887775 1132260 888801 1132860
907725 1146180 908865 1146780
921519 1142820 923115 1143420
913311 1133220 914451 1133820
935427 1155780 935769 1156380
958911 1126500 973617 1127100
898035 1136580 899061 1137180
939987 1150980 941013 1151580
935199 1159140 936225 1159740
907611 1125540 908181 1126140
882759 1135620 883101 1136220
900543 1154340 901569 1154940
890169 1144260 890397 1144860
902823 1149060 903849 1149660
881733 1128900 882873 1129500
986955 1135140 987981 1136220
916161 1151460 916389 1152060
896211 1138980 897237 1139580
921975 1133700 923001 1134300
925623 1145700 926421 1146300
987867 1128420 989007 1129020
897807 1134660 898833 1135260
921519 1127940 922089 1128540
914451 1134180 915135 1134780
902595 1153380 903621 1153980
866229 1132740 867369 1133340
930183 1160100 931209 1160700
896553 1147620 897921 1148700
882645 1131780 883785 1132380
918327 1160580 919467 1161180
879681 1154820 882189 1155420
925281 1155780 926421 1156380
907497 1149060 908637 1149660
987639 1137060 988779 1137660
896211 1159620 897237 1160220
903051 1144740 904077 1145340
901113 1162980 901569 1163580
924027 1146660 925053 1147260
953439 1136100 954579 1136700
888687 1156260 889485 1156860
932463 1138020 933831 1139100
901113 1162020 901569 1162620
943977 1151460 944661 1152060
940215 1159620 941355 1160220
934059 1128420 935085 1129020
928359 1139460 929499 1140060
957315 1134180 958455 1134780
897807 1125540 898833 1126140
933945 1153860 935085 1154460
890283 1126020 891309 1126620
1859169 1129860 1865439 1130460
890511 1162500 890853 1163100
934401 1145700 934857 1146300
1840929 1128420 1843437 1129020
888801 1158180 889941 1158780
928359 1145700 929499 1146300
917985 1142340 918441 1142940
944091 1125540 945459 1126620
921633 1139460 922773 1140060
935199 1127460 936225 1128060
915135 1146660 916275 1147260
941583 1159620 942723 1160220
1001661 1140420 1002801 1141020
928131 1132260 929157 1132860
930297 1145700 931437 1146300
910005 1125540 911373 1126620
907611 1140420 908637 1141020
883785 1137060 884925 1137660
930183 1161060 931209 1161660
866571 1131300 867597 1132380
928929 1133220 930069 1133820
945003 1152420 945687 1153020
937479 1139940 938619 1140540
883329 1163460 885495 1164060
907839 1150020 908865 1150620
902139 1157220 903279 1157820
935427 1126020 936453 1126620
935313 1128900 936453 1129500
863835 1138980 864975 1139580
937593 1127940 938733 1128540
917187 1128420 918555 1129500
922431 1145220 923457 1145820
918327 1137060 919467 1137660
907839 1134180 908865 1134780
950019 1132260 951159 1132860
987867 1126500 989007 1127100
942267 1143780 943407 1144380
922773 1141380 923001 1141980
915249 1139940 916389 1140540
914679 1147620 916047 1148700
891423 1137540 892449 1138140
949563 1155300 950247 1155900
886635 1156260 888003 1157340
944091 1159620 944775 1160220
946485 1152900 947169 1153500
894957 1161060 896097 1161660
883671 1140900 884697 1141500
953439 1160100 954579 1160700
915135 1137540 915933 1138140
878883 1126500 880023 1127100
891651 1138500 892677 1139100
860643 1135620 862125 1136220
953439 1137060 954579 1137660
943407 1160580 944547 1161180
1859169 1134660 1865439 1135260
927903 1156260 928929 1156860
945915 1159140 947055 1159740
907383 1136100 908523 1136700
987867 1131300 989007 1131900
921975 1159620 923115 1160220
912399 1156260 913767 1157340
910803 1162980 911943 1163580
895755 1126980 896895 1127580
1002231 1137060 1003371 1137660
899745 1131300 901113 1132380
991287 1145700 996873 1146300
862353 1138020 864861 1138620
938391 1159620 939531 1160220
888231 1150500 889371 1151100
906585 1135140 907725 1135740
888915 1160580 889941 1161180
923343 1155300 924483 1155900
926421 1141860 927789 1142940
931551 1131300 932919 1132380
895755 1145220 896895 1145820
918783 1130340 919581 1130940
923343 1149540 924483 1150140
931893 1152420 933033 1153020
930867 1159140 932007 1159740
867483 1127460 868623 1128060
924141 1152900 925281 1153500
944319 1128420 944889 1129020
923343 1132260 924483 1132860
930639 1143780 931437 1144380
919581 1154340 920949 1155420
895299 1139460 895869 1140060
896439 1154340 897807 1155420
946599 1125540 947967 1126620
908865 1138020 909549 1138620
915819 1152900 916959 1153500
923115 1134180 923685 1134780
923913 1138020 925281 1139100
943293 1152420 943977 1153020
922431 1150980 923001 1151580
919581 1142820 920949 1143900
888801 1135140 890169 1136220
899973 1146660 901341 1147740
939531 1126500 940899 1127580
886749 1137060 887433 1137660
924483 1133220 925851 1134300
934059 1134180 935199 1134780
953781 1140420 959367 1141020
992427 1134660 993225 1135260
958227 1125540 972933 1126140
912171 1150980 912513 1151580
843201 1147620 847875 1148220
850497 1153860 865203 1154460
994707 1132260 995733 1132860
920835 1156740 921975 1157340
904875 1134180 906243 1135260
914907 1159140 916275 1160220
900087 1156740 900771 1157340
934971 1138020 936339 1139100
901341 1155300 902709 1156380
919695 1145700 920379 1146300
928815 1147140 929841 1147740
896667 1141380 897465 1141980
995391 1142340 999153 1142940
914337 1136580 915021 1137180
888003 1161540 888687 1162140
895071 1144740 895413 1145340
960621 1158660 975327 1159260
921177 1136580 921519 1137180
900657 1145700 901341 1146300
949221 1148580 950817 1149660
889713 1137060 891081 1138140
932577 1125540 933945 1126620
916959 1156260 918327 1157340
931437 1156260 932577 1156860
901683 1134180 903051 1135260
910005 1138020 911373 1139100
894159 1145700 895527 1146780
932235 1128420 933603 1129500
921519 1129860 922203 1130460
886293 1161060 887661 1162140
1003599 1134180 1004739 1134780
922773 1161540 923913 1162140
901683 1131300 903051 1132380
897465 1138980 898833 1140060
878199 1127460 879339 1128060
911943 1160100 913311 1161180
910689 1146660 911373 1147260
892107 1155300 893475 1156380
892791 1135140 893589 1135740
907497 1162980 908865 1164060
881163 1136580 882189 1137180
926763 1134660 927447 1135260
935541 1141380 936225 1141980
990033 1137540 990717 1138140
918897 1156740 919581 1157340
931437 1125540 932121 1126140
891537 1159140 892905 1160220
885609 1131300 886293 1131900
876945 1132260 878541 1133340
933945 1138500 934629 1139100
931893 1136580 932577 1137180
942723 1162500 943407 1163100
884583 1149540 885267 1150140
881277 1126500 882873 1127580
879681 1133220 881277 1134300
900315 1132740 901113 1133340
901341 1136580 902025 1137180
899061 1160100 900429 1161180
894159 1152900 894843 1153500
926421 1127460 927789 1128540
888801 1159140 890169 1160220
1000863 1127460 1001889 1128060
885495 1155780 886179 1156380
903963 1129380 905331 1130460
923229 1152420 923913 1153020
889941 1138980 891309 1140060
892563 1142820 893589 1143420
892107 1134180 892791 1134780
915021 1126020 915363 1126620
910575 1129860 911259 1130460
888003 1133220 888687 1133820
891651 1135140 892677 1135740
923229 1133220 923913 1133820
905673 1149060 906357 1149660
888003 1152420 888687 1153020
927903 1129860 928587 1130460
903735 1126500 904077 1127100
893019 1144740 893703 1145340
890625 1159140 891309 1159740
896097 1156740 896439 1157340
955263 1136580 956973 1137180
893133 1148580 893817 1149180
943407 1126980 943977 1127580
998355 1126980 999153 1127580
912399 1143780 913767 1144860
894615 1151460 895983 1152540
919695 1144260 920379 1144860
910689 1156260 911373 1156860
888117 1146660 888801 1147260
889941 1131300 891309 1132380
891195 1144260 891537 1144860
886293 1159140 887661 1160220
939759 1149540 941355 1150620
890397 1161060 891081 1161660
924255 1137060 924939 1137660
922431 1152900 922887 1153500
914679 1154340 915021 1154940
916731 1134660 917415 1135260
989919 1142820 991743 1143420
948879 1159620 949221 1160220
912627 1138500 912969 1139100
929043 1163460 930069 1164060
928929 1140420 929613 1141020
901227 1132260 901569 1132860
938961 1157700 939645 1158300
895527 1141380 896553 1141980
894957 1162020 896325 1163100
885267 1138020 885951 1138620
903621 1128420 903963 1129020
916161 1132740 916503 1133340
916047 1138980 916503 1139580
945231 1155300 946029 1155900
893817 1151940 894501 1152540
900999 1161060 901341 1161660
890511 1134660 891195 1135260
1021953 1134180 1022751 1134780
936567 1134180 937251 1134780
888003 1149540 888687 1150140
911259 1150980 911601 1151580
938847 1149540 939189 1150140
885495 1146180 886179 1146780
908751 1125540 909093 1126140
892221 1127460 892563 1128060
951615 1143780 952641 1144380
881961 1130340 883329 1131420
905217 1132740 905901 1133340
922545 1160580 922887 1161180
889941 1150500 891309 1151580
918897 1153380 919581 1153980
928929 1159620 930069 1160220
986271 1126500 987069 1127100
993339 1141380 994137 1141980
944775 1126980 945345 1127580
905673 1136580 906357 1137180
919581 1151460 920037 1152060
911145 1160580 911487 1161180
910803 1136580 911373 1137180
931551 1150500 932577 1151100
925167 1148100 925509 1148700
893703 1153860 894045 1154460
933603 1163460 933945 1164060
948195 1162500 948765 1163100
927903 1157220 928929 1157820
904533 1152420 904875 1153020
946599 1157700 947397 1158300
1859169 1150980 1863615 1151580
894159 1149060 894957 1149660
956631 1130340 958227 1131420
923115 1153380 923913 1153980
908637 1150980 909093 1151580
1000977 1138500 1001661 1139100
908751 1156260 909093 1156860
923115 1138020 923799 1138620
993339 1136580 994137 1137180
999495 1134660 1000293 1135260
950361 1140900 951615 1141500
910119 1134660 910461 1135260
884583 1129380 885381 1129980
888915 1151460 889599 1152060
895983 1132740 896439 1133340
882987 1134180 883785 1134780
929955 1131300 931323 1132380
992541 1148100 992997 1148700
986385 1131300 987069 1131900
895641 1155780 896325 1156380
894615 1153860 895071 1154460
893019 1145700 893817 1146300
882987 1126980 883785 1127580
999495 1133220 1001091 1134300
930753 1135620 931437 1136220
916047 1157220 916503 1157820
957771 1126500 957999 1127100
942039 1152420 942837 1153020
948195 1133700 948993 1134300
886065 1152900 886407 1153500
945459 1150500 946257 1151100
897123 1126020 897579 1126620
1002231 1133700 1002915 1134300
919809 1158180 920265 1158780
945573 1149540 945915 1150140
860529 1137540 861441 1138140
923115 1138980 923685 1139580
893703 1146660 894045 1147260
949563 1159140 950361 1159740
889485 1125540 890169 1126140
1005423 1126980 1006221 1127580
1009299 1127460 1010895 1128540
886065 1141860 886407 1142460
938391 1143300 939189 1143900
1004169 1126980 1004853 1127580
952299 1142820 953097 1143420
942495 1150980 943293 1151580
898377 1135620 899175 1136220
949563 1150020 950361 1150620
956289 1133700 956973 1134300
991743 1135620 992541 1136220
943863 1157220 944661 1157820
994251 1136100 995049 1136700
941583 1150500 942153 1151100
898149 1159620 898833 1160220
901455 1138980 902253 1139580
906927 1141380 907497 1141980
944091 1126980 944661 1127580
991629 1134660 992313 1135260
994251 1140900 995049 1141500
940671 1125540 941241 1126140
935313 1143780 935769 1144380
893475 1160100 893817 1160700
943407 1149540 944205 1150140
927447 1159620 928473 1160220
906129 1151460 906585 1152060
955491 1163460 956745 1164060
881619 1149540 882189 1150140
933831 1159620 934173 1160220
989691 1136100 991287 1137180
930525 1139460 930753 1140060
912855 1150020 913425 1150620
999267 1138500 1000065 1139100
989463 1139940 991059 1141020
1009983 1130340 1011465 1131420
960621 1154340 960849 1154940
895641 1140420 896325 1141020
956859 1128420 958455 1129500
998127 1136580 999153 1137180
901911 1151460 902481 1152060
878655 1130820 879795 1131420
1006791 1130340 1008273 1131420
946941 1143780 947169 1144380
956631 1162020 958227 1163100
944547 1150500 945345 1151100
1001775 1125540 1002573 1126140
946599 1156260 947169 1156860
948081 1154340 949221 1154940
881961 1131780 882417 1132380
948195 1155300 948993 1155900
1004739 1137060 1006221 1138140
1001661 1135140 1003257 1136220
1859169 1163460 1865439 1164060
998013 1129860 998697 1130460
992199 1140900 992883 1141500
922431 1150020 922887 1150620
910119 1133220 910461 1133820
995847 1139460 996645 1140060
876033 1128900 877857 1129500
958455 1129860 959367 1130460
995163 1148580 996987 1149180
998127 1134660 999153 1135260
894159 1142340 894957 1142940
956973 1135140 958569 1136220
997443 1133700 998469 1134300
876945 1136100 878541 1137180
881505 1147620 881733 1148220
1007247 1126500 1008045 1127100
883329 1150020 884127 1150620
992541 1126500 993453 1127100
885267 1137060 886293 1137660
889371 1155300 890055 1155900
941811 1145700 942381 1146300
879567 1128420 881163 1129500
909663 1127940 910233 1128540
1004055 1129380 1004853 1129980
951045 1126020 952869 1126620
992427 1139460 993111 1140060
1000407 1132260 1000863 1132860
944889 1158660 945573 1159260
947739 1158660 948423 1159260
986157 1133700 987069 1134300
949221 1144740 950817 1145820
949563 1128420 951159 1129500
1002459 1138020 1004055 1139100
933147 1150980 933831 1151580
995391 1134180 996417 1134780
925167 1151940 925509 1152540
949335 1157220 950019 1157820
993111 1142340 993567 1142940
1004967 1130340 1006449 1131420
949335 1160100 950931 1161180
916161 1145700 916503 1146300
992199 1154340 992997 1154940
888915 1137060 889599 1137660
947283 1156260 948879 1157340
991287 1149540 992997 1150140
949449 1135140 951045 1136220
950019 1156260 950589 1156860
935427 1153380 935883 1153980
941697 1142340 941925 1142940
958113 1148100 959367 1148700
898719 1130340 899631 1130940
1011579 1128420 1012377 1129020
996303 1135620 998241 1136220
987867 1133220 989007 1133820
933147 1130820 933603 1131420
992883 1129380 994593 1129980
992655 1143780 993453 1144380
1001547 1129860 1002801 1130460
988893 1135140 989121 1135740
990033 1130340 990261 1130940
952299 1160100 953097 1160700
881163 1131300 881391 1131900
1000293 1138500 1000521 1139100
996303 1137060 996987 1137660
938163 1156740 938733 1157340
1000065 1128420 1001661 1129500
914337 1144740 915135 1145340
999951 1126500 1000407 1127100
955947 1160580 956517 1161180
946143 1148100 946941 1148700
901683 1130340 902481 1130940
881391 1139940 881961 1140540
908751 1147620 908979 1148220
993111 1128420 994821 1129020
989463 1133700 990033 1134300
993567 1127460 994137 1128060
865089 1133700 866685 1134300
942039 1148100 942609 1148700
895185 1158180 895869 1158780
883899 1130340 884925 1130940
944547 1155780 945003 1156380
879111 1131780 880137 1132380
891195 1157220 892905 1157820
946029 1149060 946941 1149660
926079 1144260 926877 1144860
1016481 1143300 1017393 1143900
996759 1134660 997785 1135260
883101 1138980 884925 1139580
1004739 1125540 1006335 1126620
1000635 1137540 1002003 1138140
937251 1128420 937479 1129020
1000863 1140420 1001433 1141020
953325 1142340 954009 1142940
990489 1129380 992313 1129980
999039 1139940 999837 1140540
883329 1147140 884127 1147740
995163 1136100 995619 1136700
943065 1125540 943521 1126140
927789 1146180 928017 1146780
996645 1126980 997101 1127580
955719 1138020 956631 1138620
911943 1128900 912627 1129500
996075 1125540 996987 1126140
1000977 1131780 1001205 1132380
884241 1159140 886179 1159740
944547 1149540 945345 1150140
923571 1140900 924027 1141500
987525 1132260 989349 1132860
1007931 1127460 1008615 1128060
906471 1162020 907155 1162620
1005423 1127940 1005879 1128540
948879 1128900 949449 1129500
993111 1140420 993453 1141020
1022295 1140420 1022751 1141020
897351 1126980 898035 1127580
945687 1162020 946485 1162620
888801 1157220 889485 1157820
1002573 1126500 1003029 1127100
992655 1130340 994137 1131420
888915 1162020 889599 1162620
906357 1144740 907041 1145340
920721 1133220 921405 1133820
884241 1132260 884469 1132860
952527 1128900 953553 1129500
1002117 1126500 1002345 1127100
896097 1125540 897009 1126140
991629 1140420 992085 1141020
953439 1130820 956289 1131420
1022295 1141380 1022751 1141980
930753 1148100 931551 1148700
996303 1130340 996987 1130940
903735 1139940 903963 1140540
885039 1150500 885723 1151100
866001 1127460 866685 1128060
915819 1125540 916617 1126140
997443 1138500 998469 1139100
882303 1127940 884127 1128540
884241 1145700 885039 1146300
907839 1128420 908523 1129020
1004739 1135140 1005309 1135740
948879 1158180 949449 1158780
957087 1163460 959025 1164060
949107 1126020 949677 1126620
945687 1158180 946143 1158780
906129 1138020 906699 1138620
992541 1128420 992769 1129020
898833 1161540 899517 1162140
989919 1131780 990375 1132380
882531 1138020 882987 1138620
876033 1126980 876831 1127580
992085 1136580 992313 1137180
923571 1126020 924027 1126620
988893 1141860 989805 1142460
944775 1151460 945231 1152060
950931 1138980 951501 1139580
913767 1160100 913995 1160700
943749 1148580 944661 1149180
986499 1146660 993909 1147260
924369 1157220 924597 1157820
1000179 1139460 1002117 1140060
1003713 1133220 1004625 1133820
919011 1126980 920037 1127580
911259 1140900 911487 1141500
928815 1161060 929043 1161660
996303 1133220 996987 1133820
904305 1125540 904533 1126140
999495 1129380 999951 1129980
996531 1138020 996987 1138620
902025 1159620 902253 1160220
872385 1159620 883443 1160220
887547 1158180 888231 1158780
946941 1160580 947397 1161180
993111 1132260 994137 1132860
945801 1138020 946713 1138620
906471 1127940 906699 1128540
950817 1136580 952641 1137180
1022295 1133220 1022751 1133820
881163 1134660 881733 1135260
878199 1135140 878769 1135740
1000407 1134660 1000977 1135260
911601 1142820 911829 1143420
922659 1140420 923343 1141020
843201 1135620 857907 1136220
911259 1157220 912057 1157820
947055 1150020 947739 1150620
880479 1137060 881049 1137660
938391 1147620 939075 1148220
958911 1134660 959367 1135260
936339 1148100 936567 1148700
899517 1125540 900201 1126140
949335 1137060 949905 1137660
898605 1157220 899289 1157820
961647 1127460 990945 1128060
923001 1130340 923229 1130940
942723 1163460 944661 1164060
920949 1153380 921747 1153980
951159 1163460 951729 1164060
913197 1139460 913425 1140060
858705 1134180 861555 1134780
1002915 1139940 1003257 1140540
1001091 1136580 1001547 1137180
1002345 1132740 1002573 1133340
920949 1134180 921747 1134780
917871 1157700 918555 1158300
860529 1133220 860757 1133820
1022523 1136100 1022751 1136700
862353 1137060 863835 1137660
909891 1155780 910119 1156380
927675 1135140 929613 1135740
952869 1138020 953097 1138620
958911 1159620 959367 1160220
996531 1132260 996987 1132860
986613 1137060 986841 1137660
843201 1158660 850611 1159260
921291 1145700 921747 1146300
960621 1159620 989919 1160220
888117 1125540 889029 1126140
985131 1143300 985587 1143900
887547 1136580 888345 1137180
946827 1155300 947397 1155900
923913 1156260 924597 1156860
872385 1142340 883443 1142940
932349 1127460 932919 1128060
991743 1132260 992199 1132860
955491 1146180 959253 1146780
994023 1134180 994593 1134780
896211 1127940 896439 1128540
958341 1137060 973047 1137660
866001 1125540 866685 1126140
1022295 1139460 1022751 1140060
887889 1162980 889827 1163580
950589 1154340 957999 1154940
925167 1140900 925965 1141500
948309 1153380 949677 1153980
915705 1134180 915933 1134780
933717 1136100 935655 1136700
948195 1149540 948651 1150140
922203 1134660 922887 1135260
1019217 1134180 1021155 1134780
1000977 1126020 1001661 1126620
894159 1157700 894843 1158300
989577 1143780 991515 1144380
990717 1138980 991173 1139580
1021725 1127460 1022751 1128060
982509 1143300 984447 1143900
1000065 1127460 1000293 1128060
953097 1163460 954123 1164060
935199 1140900 935427 1141500
920151 1140420 920835 1141020
939759 1144740 940215 1145340
961191 1154340 990489 1154940
952983 1162500 953553 1163100
1000749 1129860 1000977 1130460
903849 1162500 904761 1163100
1020699 1125540 1022637 1126140
956175 1157700 959025 1158300
1007589 1127940 1007817 1128540
912627 1146660 913311 1147260
958455 1142340 959367 1142940
993225 1144740 993681 1145340
880821 1138020 881733 1138620
934971 1142340 935199 1142940
918441 1136100 919125 1136700
995163 1133220 995505 1133820
948309 1141860 949905 1142460
948081 1146660 949677 1147260
911145 1161540 911943 1162140
885951 1154820 886407 1155420
958455 1149540 965865 1150140
998241 1139940 998469 1140540
993795 1139460 994707 1140060
912399 1162980 912627 1163580
896781 1131300 897237 1131900
975213 1128900 986271 1129500
847761 1139940 862467 1140540
897579 1133700 898149 1134300
989121 1140900 989349 1141500
1020699 1137060 1022637 1137660
902139 1161060 902367 1161660
909891 1141380 910119 1141980
947169 1135140 949107 1135740
946371 1130340 949221 1130940
843201 1128900 850611 1129500
936225 1149540 936681 1150140
880593 1148580 883443 1149180
857793 1138500 860643 1139100
949335 1138020 949563 1138620
908751 1126500 908979 1127100
879111 1137540 880137 1138140
945801 1163460 946599 1164060
908181 1145220 908865 1145820
940899 1156740 941469 1157340
907611 1153380 908295 1153980
938505 1145700 939075 1146300
941925 1149060 942381 1149660
916161 1135140 916617 1135740
1016823 1133700 1018761 1134300
886293 1140420 887091 1141020
994707 1142340 995049 1142940
874779 1127940 877629 1128540
847761 1150500 877059 1151100
994251 1126980 994593 1127580
956403 1126020 956859 1126620
932691 1148100 934173 1148700
946371 1142820 949221 1143420
932007 1140900 932577 1141500
911145 1151940 912513 1152540
896211 1142340 896439 1142940
989805 1162500 997215 1163100
876717 1138020 877173 1138620
895755 1131780 896439 1132380
904875 1137060 905103 1137660
892677 1143780 893361 1144380
1001547 1132740 1002117 1133340
995619 1153380 996987 1153980
898491 1150500 898947 1151100
990717 1131300 991173 1131900
921177 1150980 921861 1151580
869649 1130340 877059 1130940
513 1149540 39615 1154460
911145 1126980 911829 1127580
958113 1161060 961875 1161660
892563 1149060 893019 1149660
874665 1137060 876603 1137660
982509 1158660 989919 1159260
905217 1156260 905787 1156860
967917 1139460 975327 1140060
948309 1131780 949905 1132380
893589 1138980 894045 1139580
995505 1157220 996987 1157820
904419 1147140 905217 1147740
1014771 1129860 1016709 1130460
843201 1138500 850611 1139100
883671 1135620 884127 1136220
902025 1158660 902595 1159260
959025 1155780 960735 1156380
990603 1132260 990945 1132860
843201 1145220 872499 1145820
995619 1127940 999381 1128540
989805 1150980 1004511 1151580
983535 1138020 986385 1138620
894957 1126500 895641 1127100
883329 1150980 884127 1151580
924369 1144740 924825 1145340
990831 1144740 991857 1145340
959025 1127940 960735 1128540
884241 1160100 886179 1160700
513 1139940 39615 1144860
918783 1127940 919809 1128540
958341 1132740 959367 1133340
996417 1147620 998355 1148220
953895 1139460 954465 1140060
1000635 1142340 1015341 1142940
960621 1141860 975327 1142460
964839 1161060 994137 1161660
990489 1130340 991059 1130940
932691 1140420 934629 1141020
1018191 1139940 1021041 1140540
948309 1143780 949677 1144380
979203 1153380 993909 1153980
956745 1156740 958683 1157340
906243 1163460 906813 1164060
1018647 1145220 1022409 1145820
996873 1156260 998355 1156860
865089 1132740 866115 1133340
943863 1147620 944889 1148220
987411 1139940 989349 1140540
886863 1153380 887547 1153980
926079 1140420 926649 1141020
883671 1139940 884241 1140540
959253 1163460 960735 1164060
992883 1125540 995733 1126140
935199 1137060 936681 1137660
898605 1140900 898947 1141500
931323 1152420 931665 1153020
1018647 1155780 1022409 1156380
879681 1129860 880251 1130460
951387 1135140 955149 1135740
994251 1156260 996189 1156860
950589 1158660 957999 1159260
998241 1158180 1012947 1158780
1021953 1126500 1022751 1127100
927789 1137540 928815 1138140
1008729 1126020 1016139 1126620
887547 1143780 889029 1144380
843201 1156740 872499 1157340
996417 1160100 998355 1160700
989805 1129380 990261 1129980
886749 1141380 887205 1141980
1015683 1138500 1016709 1139100
947967 1150500 948309 1151100
931323 1141380 931893 1141980
993567 1149540 996417 1150140
876945 1144740 884355 1145340
1020813 1135140 1022751 1135740
957315 1153380 972021 1153980
921177 1155300 923115 1155900
930183 1129380 931665 1129980
862467 1131300 866229 1131900
956403 1141380 959253 1141980
872385 1161540 883443 1162140
850497 1144260 865203 1144860
983991 1135140 986841 1135740
916959 1142820 917643 1143420
982509 1163460 989919 1164060
898035 1149540 898719 1150140
843201 1129860 857907 1130460
975213 1136580 986271 1137180
910233 1150980 910803 1151580
843201 1146180 872499 1146780
843201 1151940 872499 1152540
960621 1157700 989919 1158300
843201 1152900 850611 1153500
899289 1140420 899745 1141020
955833 1138980 957429 1139580
991515 1130340 992085 1130940
996873 1155300 998355 1155900
979317 1155300 994023 1155900
1008843 1128900 1010325 1129500
963585 1161060 964041 1161660
850497 1163460 865203 1164060
1017051 1126980 1018761 1127580
991287 1137540 991857 1138140
843201 1154820 872499 1155420
972933 1133220 983991 1133820
1000179 1136100 1000521 1136700
843201 1149060 850611 1149660
843201 1126020 857907 1126620
916503 1126980 918213 1127580
993567 1154340 995505 1154940
960621 1131780 975327 1132380
843201 1130820 857907 1131420
850497 1148100 879795 1148700
946371 1151460 961077 1152060
955719 1144260 958569 1144860
995163 1158180 996189 1158780
955833 1129380 956517 1129980
901911 1162980 902595 1163580
1840929 1153860 1855635 1154460
973275 1148580 980685 1149180
999039 1137540 999381 1138140
843201 1132740 857907 1133340
893019 1158660 894045 1159260
874437 1132260 876375 1132860
947511 1152420 962217 1153020
895869 1163460 896439 1164060
972591 1144740 980001 1145340
959253 1135620 960735 1136220
888459 1128900 889029 1129500
959025 1147140 960735 1147740
939417 1150980 939759 1151580
866685 1138020 874095 1138620
883101 1128900 884127 1129500
872385 1160580 883443 1161180
843201 1131780 857907 1132380
965751 1135140 980457 1135740
957999 1138020 972705 1138620
996873 1149540 998355 1150140
959253 1145220 960735 1145820
986613 1128420 987069 1129020
881847 1125540 882417 1126140
1004397 1149060 1015455 1149660
918783 1161540 919467 1162140
996873 1154340 998355 1154940
843201 1134660 857907 1135260
961761 1140900 976467 1141500
996873 1146660 998355 1147260
993339 1135620 993681 1136220
843201 1133700 850611 1134300
938049 1138980 949107 1139580
947739 1163460 948309 1164060
892335 1125540 893361 1126140
873981 1136100 876831 1136700
991059 1125540 992085 1126140
884241 1161060 886179 1161660
948879 1147620 949449 1148220
938049 1132740 949107 1133340
1003599 1139460 1014657 1140060
903735 1132260 904077 1132860
967917 1129860 982623 1130460
919467 1140900 920037 1141500
1859283 1128420 1863045 1129020
930525 1132740 930867 1133340
924141 1140420 924939 1141020
1018647 1154820 1022409 1155420
936339 1140900 936909 1141500
992313 1138020 993681 1138620
942723 1128420 943749 1129020
993339 1133220 994365 1133820
951273 1131780 958683 1132380
1017051 1136580 1018761 1137180
992085 1159140 995847 1159740
843201 1157700 850611 1158300
890055 1130340 890397 1130940
999951 1130820 1001205 1131420
959253 1144260 960735 1144860
1003485 1126020 1004169 1126620
1840929 1149060 1855635 1149660
1017279 1134660 1018761 1135260
945915 1160100 946485 1160700
959253 1162500 960735 1163100
939417 1138020 943179 1138620
843201 1127940 857907 1128540
920151 1126020 920721 1126620
1017051 1142340 1018761 1142940
999381 1125540 999837 1126140
950931 1138020 951957 1138620
919695 1157220 920037 1157820
991515 1131300 991857 1131900
960621 1156740 989919 1157340
843201 1137540 857907 1138140
996645 1159140 998355 1159740
1001547 1130820 1001889 1131420
907725 1154340 908295 1154940
925851 1138500 926877 1139100
1017051 1137540 1018761 1138140
979659 1145700 990717 1146300
891195 1148100 892221 1148700
901911 1145700 902253 1146300
996873 1144740 998355 1145340
938163 1133700 945573 1134300
1017279 1126020 1018761 1126620
995847 1161060 996873 1161660
513 1159140 39615 1164060
513 1130340 39615 1135260
921405 1161540 922089 1162140
