G4:
928017 1160100 929043 1161180
927903 1161540 929043 1162140
935427 1157220 936567 1157820
937707 1161060 939075 1162140
938049 1155300 939189 1155900
936339 1151460 937479 1152060
950247 1162020 951615 1163100
892677 1141380 893475 1141980
940215 1161060 941583 1161660
928131 1153380 929385 1153980
897693 1154340 898947 1154940
935199 1154340 936567 1154940
898719 1143780 899517 1144380
933831 1132260 935199 1132860
890169 1143780 891537 1144380
936339 1155780 937935 1156380
942723 1162020 944091 1162620
927789 1143300 929043 1143900
928473 1150020 929727 1150620
927675 1136580 929043 1137180
932691 1161060 934059 1161660
891993 1126980 893247 1127580
935883 1148580 937137 1149180
911259 1144260 912513 1144860
936225 1150020 937707 1150620
908751 1162020 910347 1162620
940329 1153860 941583 1154460
928701 1157700 930183 1158300
890055 1142340 891423 1142940
935199 1152900 935997 1153500
932691 1162500 934059 1163100
930183 1162500 931551 1163100
932691 1152900 934059 1153500
925167 1162500 926649 1163100
912855 1130820 914451 1131420
937707 1154340 939303 1154940
930753 1156260 931551 1156860
886293 1149060 887091 1149660
928245 1151460 929043 1152060
933261 1154340 934059 1154940
899289 1127940 900087 1128540
896211 1155780 897807 1156380
889941 1127460 891309 1128540
905787 1140900 906585 1141500
897351 1152420 898719 1153500
899403 1147620 900771 1148700
892791 1134180 893817 1134780
896781 1128420 897579 1129020
903735 1126980 905103 1127580
911373 1140900 912741 1141980
937707 1141860 938505 1142460
1840929 1159620 1859283 1160220
1840929 1154820 1859283 1155420
900543 1141860 901341 1142460
932463 1156740 933603 1157340
1012833 1162020 1022751 1162620
898035 1133700 898833 1134300
1018647 1158660 1022751 1159260
1004397 1159620 1015455 1160220
922545 1130820 922773 1131420
1826337 1140900 1841043 1141980
914223 1129860 915021 1130460
1826337 1131300 1841043 1132380
927561 1159140 927789 1159740
922773 1139460 923913 1140060
934743 1155780 935541 1156380
1018647 1153860 1022751 1154460
1826337 1153380 1841043 1154460
927903 1152420 928929 1153020
939759 1162500 940557 1163100
1840929 1133220 1843437 1133820
928017 1162980 928473 1163580
1840929 1160580 1859283 1161180
935427 1131300 936453 1131900
922659 1135620 923343 1136220
1840929 1150020 1859283 1150620
931779 1142820 932805 1143420
1840929 1147620 1843437 1148220
1826337 1162500 1865439 1163100
1012833 1156260 1022751 1156860
937365 1158660 938505 1159260
937023 1131300 937821 1131900
939417 1152420 940557 1153020
938961 1130340 940329 1131420
906357 1131300 907497 1131900
912171 1145700 913539 1146780
906813 1155300 908181 1156380
906243 1142340 906813 1142940
915819 1160580 916959 1161180
1011693 1153860 1017279 1154460
921747 1158660 922887 1159260
1002459 1131780 1003599 1132380
913311 1147140 914451 1147740
918897 1125540 920265 1126620
936567 1137060 937935 1138140
902709 1150980 903393 1151580
913653 1132260 914109 1132860
913995 1136100 915021 1136700
1840929 1155780 1859283 1156380
891423 1146180 892563 1146780
919353 1146180 920493 1146780
913995 1126020 915135 1126620
897807 1147140 898833 1147740
918669 1158660 919125 1159260
932919 1159620 933945 1160220
922773 1129860 923913 1130460
918669 1150500 919125 1151100
890055 1140900 891081 1141500
902709 1133700 903849 1134300
925395 1130340 926421 1130940
936567 1143780 937707 1144380
1840929 1126020 1859283 1126620
926079 1141860 926535 1142460
938961 1142340 940101 1142940
1826337 1148580 1841043 1149660
911373 1131780 912513 1132380
913653 1156740 914109 1157340
921633 1162980 923115 1163580
931779 1143780 933147 1144860
922887 1126980 923913 1127580
908979 1158660 909777 1159260
924141 1142820 925509 1143900
934059 1127940 935085 1128540
937023 1136100 938163 1136700
1017165 1157700 1018761 1158300
918897 1136580 920037 1137180
924825 1139940 926193 1141020
925851 1125540 926991 1126140
890169 1146180 891309 1146780
925167 1127460 926193 1128060
886521 1138980 887889 1140060
909663 1144740 911031 1145820
908865 1142820 910233 1143900
904191 1142820 905559 1143900
1859169 1141380 1863615 1141980
911715 1142820 913083 1143900
926649 1153860 927789 1154460
917187 1160580 918327 1161180
943977 1159140 944433 1159740
926763 1157700 927789 1158300
931437 1158180 932577 1158780
894843 1148580 896211 1149660
929385 1130340 930753 1131420
915819 1128900 916959 1129500
987639 1138020 988779 1138620
895299 1134660 896325 1135260
914907 1132260 916275 1133340
935769 1145700 935997 1146300
907041 1158180 908181 1158780
923913 1136100 925281 1137180
937023 1127460 938049 1128060
897807 1127460 898833 1128060
889941 1147620 891309 1148700
886635 1131780 887775 1132380
937023 1160100 938163 1160700
903849 1131300 904989 1131900
934401 1133220 935769 1134300
906927 1142820 908295 1143900
1840929 1145220 1859283 1145820
914907 1148580 916275 1149660
932007 1133220 933375 1134300
932919 1129860 933945 1130460
914793 1138980 916161 1140060
914907 1145700 916275 1146780
1840929 1135620 1859283 1136220
926421 1126980 927561 1127580
891309 1156260 892449 1156860
889941 1162980 891309 1164060
940215 1158660 941355 1159260
915021 1156260 916389 1157340
909549 1131780 910689 1132380
903279 1159140 904419 1159740
932805 1127460 933945 1128060
935085 1141860 936453 1142940
910119 1153860 911259 1154460
918897 1138020 920265 1139100
926763 1138020 928131 1139100
896439 1134660 897009 1135260
904533 1138980 905901 1140060
924027 1134180 925395 1135260
935199 1158660 936339 1159260
885495 1145220 886179 1145820
925851 1158660 926991 1159260
911601 1136100 912969 1137180
929043 1154340 930411 1155420
893247 1125540 894387 1126140
893931 1142820 895299 1143900
918897 1128420 920265 1129500
906699 1135620 907839 1136220
934059 1159620 935199 1160220
931437 1139940 932805 1141020
890055 1156740 891195 1157340
920151 1129860 921291 1130460
910005 1157220 911373 1158300
886749 1134660 887889 1135260
929955 1134180 931323 1135260
927447 1139940 928815 1141020
917415 1139940 918783 1141020
942153 1126500 943521 1127580
914451 1140420 915591 1141020
917529 1147620 918897 1148700
937707 1152900 938847 1153500
899973 1133220 901341 1134300
927447 1128420 928815 1129500
898833 1140900 900201 1141980
920037 1131300 921405 1132380
902481 1135140 903849 1136220
919809 1162980 921177 1164060
914907 1154340 916275 1155420
912627 1162500 913767 1163100
917529 1144740 918897 1145820
907611 1162500 908409 1163100
920037 1148580 921405 1149660
889257 1154340 890625 1155420
923343 1147140 924483 1147740
920037 1135140 921405 1136220
916389 1133220 917757 1134300
896325 1129380 897693 1130460
892335 1138980 893703 1140060
902367 1156260 903735 1157340
881733 1135620 882873 1136220
911373 1148580 912741 1149660
901797 1127460 903165 1128540
951501 1160580 952641 1161180
901455 1143780 902823 1144860
908865 1147620 910233 1148700
890739 1130820 891879 1131420
884583 1140900 885723 1141500
923913 1159140 925281 1160220
899517 1137060 900885 1138140
902367 1147620 903735 1148700
889371 1134180 890511 1134780
927333 1134180 928701 1135260
907497 1152420 908865 1153500
918897 1162020 920037 1162620
891309 1154340 892677 1155420
903963 1149540 905331 1150620
891309 1144740 892677 1145820
924483 1157220 925851 1158300
906927 1144740 908295 1145820
912513 1155300 913881 1156380
916731 1137060 918099 1138140
931437 1137060 932805 1138140
907497 1126500 908865 1127580
891423 1138020 892563 1138620
941469 1130340 942837 1131420
907383 1150500 908751 1151580
936567 1146180 937593 1146780
911715 1129380 913083 1130460
938961 1147140 939645 1147740
904077 1144740 905445 1145820
904989 1158180 906357 1159260
887547 1147140 887889 1147740
886293 1141860 887661 1142940
894957 1138020 896325 1139100
919011 1144260 919695 1144860
897465 1162980 898833 1164060
917529 1131300 918897 1132380
903963 1153380 905331 1154460
908865 1129380 910233 1130460
894045 1128420 895413 1129500
889371 1129380 890739 1130460
934743 1139940 936111 1141020
891879 1161060 893247 1162140
916731 1141860 918099 1142940
901341 1153380 902709 1154460
899859 1162980 901227 1164060
913881 1142820 915249 1143900
896325 1132260 897693 1133340
912399 1151460 913767 1152540
919923 1140900 921291 1141980
902139 1145700 903507 1146780
904989 1147620 906357 1148700
902481 1149540 903849 1150620
926763 1131300 928131 1132380
909891 1151460 911259 1152540
896781 1136100 898149 1137180
903963 1132260 905331 1133340
908865 1149540 910233 1150620
933945 1137060 935313 1138140
904191 1136100 905559 1137180
939075 1128420 940443 1129500
925053 1146660 926421 1147740
915021 1150500 916389 1151580
941469 1128420 942837 1129500
924141 1153380 925509 1154460
938961 1125540 940329 1126620
902481 1137060 903849 1138140
916275 1140900 916617 1141500
928701 1137540 929043 1138140
926535 1145700 927903 1146780
936453 1144740 937821 1145820
923913 1131300 925281 1132380
924141 1161060 925509 1162140
889029 1144740 890397 1145820
896325 1145700 897693 1146780
907383 1132260 908751 1133340
914223 1161540 915021 1162140
902481 1139940 903849 1141020
891309 1152420 892677 1153500
896667 1149540 898035 1150620
899973 1138980 901341 1140060
924711 1149540 926079 1150620
904647 1162020 906015 1163100
892449 1136100 893817 1137180
939075 1137060 940443 1138140
899745 1161060 901113 1162140
909891 1139940 911259 1141020
919809 1159140 921177 1160220
914451 1127940 915135 1128540
914223 1152420 915591 1153500
894843 1130340 896211 1131420
910005 1159140 911373 1160220
882075 1154340 883443 1155420
899973 1144740 901341 1145820
897009 1138020 898377 1139100
933717 1138500 934059 1139100
888915 1149540 890283 1150620
923001 1160100 923457 1160700
909093 1136100 910461 1137180
917529 1154340 918897 1155420
886293 1143780 887661 1144860
892449 1132260 893817 1133340
888687 1140420 889713 1141020
901341 1129380 902709 1130460
892449 1130340 893817 1131420
915705 1142820 916389 1143420
899517 1130340 900885 1131420
906471 1134180 907839 1135260
896667 1139940 898035 1141020
933945 1144740 935313 1145820
893133 1153380 893817 1153980
907725 1160580 908409 1161180
908865 1134180 910233 1135260
938961 1145700 940329 1146780
936795 1138980 938163 1140060
932691 1141860 933831 1142460
916617 1162020 917985 1163100
894387 1139940 895755 1141020
919353 1160580 920037 1161180
902481 1141860 903849 1142940
903963 1156260 905331 1157340
891423 1149540 892791 1150620
912399 1161060 913767 1162140
919011 1135140 919695 1135740
887433 1137060 888801 1138140
886863 1155300 888231 1156380
910119 1127940 910461 1128540
902253 1161060 903621 1162140
909435 1141860 910119 1142460
929727 1146180 930411 1146780
885381 1154820 886065 1155420
912399 1159140 913767 1160220
896553 1144740 897237 1145340
887433 1153380 888801 1154460
1826337 1143300 1865439 1143900
893817 1150500 895185 1151580
931323 1127940 931551 1128540
888687 1147140 889029 1147740
930183 1148580 930981 1149180
914337 1159620 915021 1160220
913767 1154340 914793 1154940
915135 1134180 915819 1134780
918555 1134180 918897 1134780
929043 1132260 929385 1132860
940899 1126500 941469 1127100
939645 1157700 940785 1158300
883671 1138020 885381 1138620
943179 1156260 943977 1156860
931323 1150980 932349 1151580
932007 1149540 932805 1150140
895071 1131780 895869 1132380
930183 1136100 930981 1136700
887319 1145700 887661 1146300
879909 1138980 880137 1139580
919695 1151940 920037 1152540
916731 1157700 917415 1158300
913767 1148580 914109 1149180
889941 1160100 891309 1161180
912969 1133700 913653 1134300
939417 1159140 939873 1159740
919695 1152900 920721 1153500
886635 1158180 886977 1158780
893817 1147620 894501 1148220
919467 1134180 919809 1134780
923685 1142340 924027 1142940
911601 1127460 912969 1128540
945687 1159140 946029 1159740
932235 1138500 932577 1139100
911373 1138020 912741 1139100
893931 1146660 894957 1147260
893703 1157220 894045 1157820
899631 1152900 900087 1153500
990603 1137060 991857 1137660
886065 1132740 886407 1133340
941241 1159620 941697 1160220
928815 1155780 929157 1156380
884241 1156260 886749 1156860
904419 1134180 904989 1134780
902481 1132260 903849 1133340
913539 1140420 913995 1141020
888573 1160580 889029 1161180
930183 1147620 931209 1148220
924369 1155780 925053 1156380
897807 1148100 898149 1148700
917073 1150980 917529 1151580
911373 1134180 912057 1134780
906243 1149060 906585 1149660
911487 1158180 912513 1158780
887205 1127940 887547 1128540
903621 1130340 903963 1130940
928815 1146180 929157 1146780
899061 1135140 900429 1136220
926307 1161060 926763 1161660
913767 1134660 914223 1135260
946371 1127460 947169 1128060
886977 1126980 887661 1127580
888459 1156260 888801 1156860
893931 1153860 894729 1154460
888801 1146180 889485 1146780
914223 1137060 914793 1137660
930183 1151940 930981 1152540
936339 1162500 936567 1163100
893931 1126500 894615 1127100
910461 1162980 910917 1163580
935313 1147140 936567 1147740
912057 1135140 912513 1135740
931209 1131300 931665 1131900
938619 1151460 938961 1152060
928587 1126500 929043 1127100
921291 1157700 922089 1158300
940101 1159620 940329 1160220
949791 1141860 951387 1142940
889257 1131300 890055 1131900
941583 1156260 942153 1156860
931665 1135620 932349 1136220
903507 1157700 903963 1158300
917301 1135140 918669 1136220
944319 1129380 944661 1129980
925623 1128900 926193 1129500
952071 1140420 953325 1141020
939075 1149540 939873 1150140
901227 1135140 901569 1135740
883557 1140900 883785 1141500
898719 1144740 899061 1145340
911259 1125540 911601 1126140
989919 1133220 991515 1134300
910575 1149060 911259 1149660
900201 1146180 900429 1146780
913311 1139460 913881 1140060
893475 1135140 894045 1135740
931323 1154820 932121 1155420
944319 1153380 945915 1154460
911487 1160100 912057 1160700
944433 1152420 945117 1153020
888231 1151460 889029 1152060
881391 1137060 882987 1138140
883671 1126500 884013 1127100
919239 1158180 919923 1158780
908181 1154340 908865 1154940
926535 1150500 927903 1151580
930639 1132260 931437 1132860
922887 1141380 923685 1141980
919011 1130820 919581 1131420
993111 1134180 994137 1134780
899859 1146660 900087 1147260
893475 1160580 893931 1161180
925623 1152420 926421 1153020
886179 1146180 886977 1146780
883671 1134180 885381 1134780
901455 1137060 902253 1137660
882303 1131780 882759 1132380
930525 1128900 932349 1129500
930867 1150020 931095 1150620
900657 1156260 900885 1156860
897579 1143300 898149 1143900
879681 1130340 881277 1131420
938163 1148100 938961 1148700
906813 1128420 907953 1129020
930183 1161540 931551 1162140
918783 1143300 919581 1143900
1003257 1127940 1005195 1128540
993111 1137540 994935 1138140
885381 1151940 887091 1152540
889485 1137060 889827 1137660
999153 1140900 1000749 1141980
992883 1136100 993567 1136700
901227 1160580 902139 1161180
901683 1130820 902481 1131420
940899 1162500 941469 1163100
931323 1152900 931779 1153500
933147 1150020 933945 1150620
901683 1151940 902481 1152540
934059 1146180 934857 1146780
937707 1147140 938505 1147740
940443 1155300 941241 1155900
894387 1160100 895755 1161180
1008615 1130340 1010097 1131420
933831 1157220 934287 1157820
937707 1162500 938505 1163100
994935 1138500 995619 1139100
919239 1145220 920037 1145820
883329 1149060 884127 1149660
886065 1130820 886407 1131420
886065 1157220 886407 1157820
943293 1158180 943521 1158780
951387 1144260 952185 1144860
882987 1135140 883443 1135740
925965 1155300 926763 1155900
929385 1159140 929613 1159740
906813 1146180 907497 1146780
888687 1132260 889485 1132860
883329 1136580 884127 1137180
949563 1143780 951159 1144860
947283 1160100 948879 1161180
944091 1155300 944889 1155900
952527 1143300 953097 1143900
944547 1157220 946143 1158300
891993 1134660 892221 1135260
945801 1129380 953211 1129980
929385 1139460 930069 1140060
939873 1156260 940101 1156860
1001775 1130340 1003257 1131420
943977 1150980 944661 1151580
956175 1133220 956973 1133820
943407 1150020 944205 1150620
896211 1162020 897465 1162620
942039 1150500 942609 1151100
1006221 1126020 1007361 1126620
999951 1138500 1000407 1139100
1006221 1129860 1006905 1130460
908751 1146180 909663 1146780
944433 1160100 946029 1161180
923001 1155300 923457 1155900
1001775 1140900 1003257 1141980
922545 1142340 923229 1142940
941241 1149540 942039 1150140
950931 1135620 952641 1136220
943635 1128420 944433 1129020
996075 1138500 996873 1139100
943293 1151940 943521 1152540
945687 1150020 946143 1150620
949563 1125540 951159 1126620
942723 1152420 943179 1153020
895071 1145220 895869 1145820
884355 1132260 885381 1132860
994479 1129380 995049 1129980
903051 1144260 903735 1144860
930525 1153380 930753 1153980
878199 1131300 878769 1131900
956859 1137060 957429 1137660
931893 1159140 932121 1159740
938163 1145700 938619 1146300
921405 1136580 922089 1137180
876603 1138500 877173 1139100
956403 1129380 956973 1129980
947625 1137060 949449 1137660
903963 1160100 904647 1160700
897465 1160100 898833 1161180
888687 1130820 888915 1131420
885381 1152900 885609 1153500
945231 1126980 946029 1127580
923229 1132740 923913 1133340
935655 1143780 936453 1144380
908637 1140900 908865 1141500
940329 1143780 940557 1144380
932691 1146660 933489 1147260
880251 1135140 881277 1135740
950817 1133220 952641 1133820
888801 1158660 889485 1159260
888573 1135620 888915 1136220
920151 1156740 920835 1157340
891081 1136580 891765 1137180
924483 1152420 925167 1153020
915705 1147140 916389 1147740
928701 1147140 928929 1147740
1003371 1137060 1004169 1137660
894273 1131300 894501 1131900
916731 1150020 917415 1150620
911259 1146660 911487 1147260
935199 1160580 935997 1161180
924483 1141860 925167 1142460
991173 1136100 991857 1136700
935883 1127940 936681 1128540
917643 1158180 918327 1158780
911943 1153860 912627 1154460
906699 1137540 907725 1138140
936339 1126020 936567 1126620
928701 1135620 929613 1136220
941241 1151460 942609 1152060
885153 1149540 885381 1150140
905217 1155300 905901 1155900
932463 1126020 932691 1126620
901569 1157220 902253 1157820
953211 1136100 953553 1136700
898035 1155300 898833 1155900
994707 1140420 995163 1141020
927447 1132740 928359 1133340
929385 1145220 929841 1145820
933717 1158660 934401 1159260
948081 1154820 949221 1155420
878541 1138500 879225 1139100
919125 1156260 919923 1156860
918897 1140900 919581 1141500
945117 1151460 946029 1152060
890625 1162020 891309 1162620
883671 1131780 884127 1132380
922545 1146180 922773 1146780
948309 1144260 948537 1144860
895071 1155780 895755 1156380
900885 1159620 901797 1160220
920151 1133700 920949 1134300
948195 1159140 948423 1159740
950817 1160580 951045 1161180
903849 1147140 904533 1147740
947283 1157700 947511 1158300
952755 1161060 954123 1161660
992769 1140900 992997 1141500
887547 1150500 888345 1151100
938049 1132260 939987 1132860
896781 1126980 897465 1127580
948651 1162020 949107 1162620
946257 1152420 947169 1153020
987867 1133700 989577 1134300
879795 1132740 881391 1133340
896097 1147140 896781 1147740
958341 1129380 958569 1129980
905445 1160580 905673 1161180
925965 1144740 926877 1145340
994023 1143780 995961 1144380
894729 1152900 894957 1153500
895185 1152420 895869 1153020
896211 1143780 896667 1144380
941355 1154820 941583 1155420
986157 1136580 989007 1137180
925167 1148580 926535 1149180
911145 1161060 911373 1161660
999039 1136580 1000977 1137180
1002915 1126020 1003599 1126620
876489 1137060 877857 1137660
948309 1148580 949335 1149180
943863 1158180 944433 1158780
938733 1143780 939189 1144380
943407 1157220 943977 1157820
925965 1132740 926649 1133340
885381 1130820 885609 1131420
900201 1132260 900885 1132860
947853 1162500 948309 1163100
905217 1129860 907155 1130460
881733 1134180 883101 1134780
906927 1159620 907611 1160220
908295 1138020 908979 1138620
1002687 1134660 1003713 1135260
929955 1155780 930183 1156380
989691 1137060 990261 1137660
888117 1157700 888801 1158300
884241 1162020 887091 1162620
958455 1135620 959367 1136220
923001 1151460 923229 1152060
939417 1127460 941355 1128060
998241 1130340 998697 1130940
891195 1126020 891765 1126620
914109 1157700 914907 1158300
947397 1158660 947853 1159260
933261 1151460 935199 1152060
886065 1160100 887433 1160700
899175 1157220 900885 1157820
880593 1139940 881505 1140540
896211 1153860 897009 1154460
900999 1140900 901455 1141500
937251 1128900 937479 1129500
901227 1147140 901569 1147740
946941 1156740 947397 1157340
950703 1148580 950931 1149180
918783 1129860 919581 1130460
884241 1143780 886179 1144380
1000863 1138500 1001091 1139100
895755 1157220 897237 1157820
905673 1159620 906357 1160220
893475 1149060 894273 1149660
889257 1138980 890055 1139580
881847 1131780 882075 1132380
943749 1149060 944661 1149660
878199 1127940 878769 1128540
941355 1152900 942153 1153500
893475 1144260 894045 1144860
928587 1148100 929043 1148700
904419 1161060 904989 1161660
1016823 1130820 1018761 1131420
914907 1126980 915135 1127580
1018647 1150020 1022409 1150620
994935 1145220 995163 1145820
941241 1157220 941925 1157820
956175 1135620 957087 1136220
948765 1153860 956175 1154460
952983 1160100 953553 1160700
960621 1153860 975327 1154460
892791 1146660 893247 1147260
892563 1156740 893247 1157340
948765 1158660 950361 1159260
882531 1127460 882759 1128060
956973 1162980 986271 1163580
932463 1150500 932691 1151100
955263 1162500 956745 1163100
896895 1130820 897579 1131420
939303 1140420 939645 1141020
949449 1150020 949677 1150620
1021953 1142820 1022751 1143420
882075 1129380 882417 1129980
911259 1163460 912057 1164060
953439 1128900 956289 1129500
951387 1138980 952413 1139580
1002003 1139460 1002231 1140060
923799 1128420 924483 1129020
954465 1140900 961875 1141500
928359 1138980 929043 1139580
1000977 1133220 1003827 1133820
1002231 1129380 1002801 1129980
942723 1160100 943407 1160700
937251 1153380 937479 1153980
946029 1148580 946941 1149180
921177 1147620 923115 1148220
1004397 1144260 1015455 1144860
996417 1141380 998355 1141980
991743 1131300 993339 1132380
906699 1136580 908067 1137180
907611 1139940 908295 1140540
890169 1133220 891423 1133820
945573 1152420 946029 1153020
989691 1140900 990261 1141500
907041 1161060 907497 1161660
1000179 1135620 1001775 1136220
957315 1126500 957885 1127100
902367 1126020 906129 1126620
929157 1127940 929385 1128540
901341 1136100 902025 1136700
926307 1136580 926535 1137180
1002231 1126500 1002687 1127100
933489 1155300 934173 1155900
988893 1142340 989805 1142940
922659 1161540 922887 1162140
883215 1130820 884127 1131420
930525 1127940 930753 1128540
950361 1163460 950589 1164060
928473 1133220 929043 1133820
946371 1162020 946713 1162620
954921 1131300 956517 1131900
906813 1141380 907041 1141980
886179 1137060 886863 1137660
935199 1138980 936225 1139580
951843 1142820 952413 1143420
935655 1129860 936567 1130460
1005765 1127940 1007703 1128540
898491 1145700 899061 1146300
879795 1129380 880365 1129980
931095 1160100 931893 1160700
999951 1128420 1000179 1129020
993111 1142820 993681 1143420
989919 1132260 990261 1132860
906129 1144260 906699 1144860
996303 1137540 999153 1138140
934401 1149540 935085 1150140
876945 1153380 884355 1153980
881847 1130820 882075 1131420
1001433 1136580 1001775 1137180
942723 1153860 943407 1154460
938505 1157700 939075 1158300
880593 1147620 881619 1148220
909435 1138020 910119 1138620
993453 1127940 995049 1128540
991173 1138500 992769 1139100
890055 1159140 890739 1159740
882759 1132740 884127 1133340
991629 1141380 992541 1141980
906129 1138500 906813 1139100
1006107 1126980 1017165 1127580
1002231 1138020 1002573 1138620
921633 1134180 923115 1134780
892677 1140420 892905 1141020
948309 1153860 948537 1154460
935313 1126020 935541 1126620
913311 1150020 914109 1150620
936567 1158180 937137 1158780
1020129 1148580 1022067 1149180
936339 1133220 937023 1133820
920265 1144260 920493 1144860
878883 1126020 879909 1126620
913881 1158660 914565 1159260
943293 1161060 944091 1161660
914565 1162500 915135 1163100
955833 1139460 958683 1140060
992997 1141860 993225 1142460
931209 1126020 931893 1126620
992427 1136100 992655 1136700
919923 1127460 920493 1128060
933489 1128900 935427 1129500
847761 1138980 862467 1139580
975213 1134660 989919 1135260
921063 1132740 921633 1133340
895755 1154820 896553 1155420
958227 1126020 959253 1126620
920835 1154340 921633 1154940
922659 1143300 922887 1143900
907155 1125540 907725 1126140
1001433 1126980 1001889 1127580
998241 1133220 999609 1133820
947055 1155780 948993 1156380
891195 1150980 891423 1151580
953667 1126020 956517 1126620
953439 1162500 954123 1163100
890055 1135140 890739 1135740
930183 1160580 930753 1161180
908523 1157700 908979 1158300
904875 1151460 906243 1152540
991515 1128900 994365 1129500
955263 1161060 956745 1161660
923001 1138020 923229 1138620
890625 1157700 892563 1158300
892677 1162500 894615 1163100
898035 1126500 898719 1127100
996531 1139460 1000293 1140060
946371 1159620 946941 1160220
936339 1159620 936567 1160220
895185 1144260 895641 1144860
862011 1135620 865773 1136220
932691 1147620 934173 1148220
954465 1134660 957315 1135260
990945 1140420 991743 1141020
927675 1135620 928245 1136220
885381 1129860 886407 1130460
998241 1129380 999609 1129980
896211 1141860 896439 1142460
923343 1151940 924027 1152540
998241 1128420 998697 1129020
957999 1149060 959367 1149660
906471 1127460 906699 1128060
957885 1154820 959367 1155420
946713 1145220 948651 1145820
940899 1146180 955605 1146780
900201 1149060 900429 1149660
935085 1126980 935541 1127580
1020471 1133220 1022409 1133820
916503 1127940 917871 1128540
933489 1130820 934059 1131420
945801 1162980 946599 1163580
935199 1162500 935883 1163100
1022181 1138020 1022751 1138620
986157 1137540 986841 1138140
949791 1159620 951615 1160220
888231 1138500 888915 1139100
921177 1145220 921975 1145820
998241 1162980 1012947 1163580
905331 1146660 905787 1147260
930411 1138020 930981 1138620
921177 1152420 923115 1153020
847761 1125540 862467 1126140
1840929 1158660 1855635 1159260
887547 1133220 888117 1133820
923685 1156260 924027 1156860
858705 1126500 861555 1127100
987867 1126980 991629 1127580
1863501 1155780 1865439 1156380
866343 1126020 866685 1126620
865089 1134660 879795 1135260
888573 1161540 889257 1162140
937821 1156740 938277 1157340
913539 1126980 914109 1127580
885381 1153860 887319 1154460
931323 1145700 931893 1146300
878199 1135620 878883 1136220
843201 1136580 872499 1137180
946371 1158660 946941 1159260
889371 1150980 890055 1151580
1840929 1134660 1855635 1135260
991401 1143780 992313 1144380
947511 1138020 949449 1138620
921291 1127460 921747 1128060
895641 1126980 895869 1127580
916047 1143780 916731 1144380
918099 1126980 919125 1127580
998925 1138500 999381 1139100
878427 1132740 878997 1133340
1855521 1139460 1859283 1140060
920835 1142820 921633 1143420
921291 1156260 921747 1156860
876945 1142820 884355 1143420
947853 1140900 949221 1141500
945003 1159140 945345 1159740
906243 1153380 906471 1153980
995505 1136100 996987 1136700
876945 1152420 884355 1153020
993225 1145220 993681 1145820
948879 1163460 949221 1164060
860529 1135620 860757 1136220
930981 1133220 931551 1133820
937821 1150500 939759 1151100
876945 1130340 877287 1130940
932577 1134660 947283 1135260
923001 1128420 923343 1129020
987297 1140900 989235 1141500
930183 1142340 931209 1142940
952755 1162500 953097 1163100
996417 1143780 998355 1144380
930411 1159140 930981 1159740
946371 1153860 946941 1154460
1859283 1147620 1863045 1148220
965751 1149540 980457 1150140
894501 1127460 895071 1128060
876945 1160100 884355 1160700
1009071 1127940 1009413 1128540
847761 1149540 862467 1150140
876945 1150500 884355 1151100
887547 1126020 889485 1126620
996987 1126980 998469 1127580
960621 1154820 989919 1155420
999039 1126980 1000977 1127580
920607 1126020 921633 1126620
975213 1126980 986271 1127580
917187 1152420 919125 1153020
989805 1139460 991173 1140060
864861 1138980 875919 1139580
940215 1147620 943977 1148220
1004397 1158660 1015455 1159260
947169 1135620 949107 1136220
1003143 1135620 1014201 1136220
886749 1140900 887205 1141500
895869 1142820 896439 1143420
944775 1128420 948537 1129020
954579 1138500 956517 1139100
987981 1129380 989919 1129980
946029 1156260 946713 1156860
884013 1127940 885495 1128540
918441 1133220 919011 1133820
905787 1132740 906813 1133340
889371 1136100 889941 1136700
892791 1159140 900201 1159740
882873 1147620 884811 1148220
995049 1131780 995733 1132380
924369 1129380 924825 1129980
989805 1145220 991743 1145820
902709 1157700 903051 1158300
847761 1134180 858819 1134780
935199 1161540 936567 1162140
960621 1155780 989919 1156380
1003941 1138020 1018647 1138620
892563 1142340 893589 1142940
975213 1141860 986271 1142460
878199 1126980 881049 1127580
884013 1128900 885495 1129500
941127 1125540 941697 1126140
904533 1135140 905103 1135740
975213 1138500 986271 1139100
868509 1131300 875919 1131900
919695 1132740 919923 1133340
940443 1150500 941013 1151100
895869 1162980 896895 1163580
998241 1151460 1012947 1152060
960621 1150980 989919 1151580
987867 1135620 989805 1136220
878655 1128900 879681 1129500
1017279 1139460 1018761 1140060
942723 1162980 943293 1163580
902025 1162500 903963 1163100
948879 1157700 956289 1158300
975213 1135620 986271 1136220
883671 1155300 885153 1155900
916503 1125540 917529 1126140
952983 1138020 954009 1138620
953325 1141860 960735 1142460
847761 1127460 862467 1128060
891195 1131780 891423 1132380
897579 1161540 898947 1162140
915933 1158660 916503 1159260
876945 1145700 884355 1146300
924369 1145220 924825 1145820
1015227 1141860 1022637 1142460
998241 1161060 1012947 1161660
895299 1132740 896097 1133340
886065 1161060 886407 1161660
989805 1146180 992655 1146780
1005081 1126500 1005309 1127100
956859 1131300 957201 1131900
946371 1130820 949221 1131420
923229 1146180 924027 1146780
929955 1126500 930981 1127100
1013631 1128420 1021041 1129020
843201 1153860 850611 1154460
958113 1131300 972819 1131900
843201 1162500 850611 1163100
992199 1134660 992541 1135260
900885 1155300 901455 1155900
1017279 1140420 1018761 1141020
983649 1131300 986499 1131900
996531 1145220 996873 1145820
948081 1147140 959139 1147740
948765 1156740 949221 1157340
910119 1126500 911487 1127100
862581 1128420 877287 1129020
958341 1133220 973047 1133820
887775 1146180 888117 1146780
891081 1134660 891537 1135260
989805 1150020 1004511 1150620
960621 1144260 989919 1144860
950247 1150020 957657 1150620
950703 1145220 958113 1145820
862353 1143780 877059 1144380
937707 1126020 938049 1126620
911259 1156260 911829 1156860
948993 1138980 950931 1139580
857793 1130820 865203 1131420
887889 1142820 888915 1143420
958341 1136580 959367 1137180
928473 1129860 929043 1130460
898719 1149060 899061 1149660
1008729 1125540 1009413 1126140
887547 1130820 887889 1131420
878655 1137540 879225 1138140
958341 1132260 987639 1132860
945345 1126020 946713 1126620
862353 1129380 877059 1129980
1840929 1129860 1855635 1130460
960621 1160580 989919 1161180
950133 1155300 957543 1155900
926307 1143780 926877 1144380
989805 1152900 1004511 1153500
950475 1156260 957885 1156860
888573 1133220 889029 1133820
884013 1139460 885495 1140060
905103 1128900 906585 1129500
843201 1142340 872499 1142940
1826337 1127460 1841043 1128060
923229 1140420 924255 1141020
948993 1132740 950019 1133340
862353 1159140 877059 1159740
903735 1129380 904077 1129980
937707 1129380 938277 1129980
996873 1158180 998355 1158780
863493 1132260 874551 1132860
927675 1156260 928017 1156860
1840929 1144260 1855635 1144860
1018647 1159620 1022409 1160220
1826337 1137060 1841043 1137660
847761 1133220 858819 1133820
996987 1133700 997557 1134300
958911 1157700 959367 1158300
862353 1158180 877059 1158780
889371 1151940 889941 1152540
958341 1134180 973047 1134780
916503 1126500 917871 1127100
1012833 1142820 1020243 1143420
1008159 1127940 1008729 1128540
900885 1149060 901455 1149660
888459 1159620 888915 1160220
999837 1129380 1001775 1129980
1022295 1146180 1022751 1146780
943863 1126020 944205 1126620
996873 1135140 998355 1135740
1826337 1151460 1841043 1152060
895413 1126020 896439 1126620
892563 1135140 892905 1135740
927675 1127460 928701 1128060
976467 1139940 987525 1140540
1001547 1128420 1001889 1129020
960621 1136580 975327 1137180
847761 1151460 877059 1152060
872385 1126980 876147 1127580
1863501 1160580 1865439 1161180
993453 1148100 1008159 1148700
884925 1126500 885381 1127100
878427 1133700 879795 1134300
858705 1128420 861555 1129020
921177 1150500 923115 1151100
921633 1153380 923115 1153980
921291 1138980 921747 1139580
999039 1134660 999609 1135260
862011 1133220 865773 1133820
930183 1144260 931209 1144860
847761 1146660 877059 1147260
893361 1158180 895299 1158780
1018647 1126020 1022409 1126620
923571 1148100 924027 1148700
958797 1129380 973503 1129980
999039 1142340 999381 1142940
918783 1151460 919125 1152060
1005879 1133700 1016937 1134300
898719 1139940 899745 1140540
960621 1139460 968031 1140060
1014429 1131780 1017279 1132380
1826337 1146660 1841043 1147260
997101 1126020 999951 1126620
864519 1137540 865089 1138140
895755 1158180 897693 1158780
894957 1157220 895299 1157820
847761 1161060 877059 1161660
1005651 1132740 1016709 1133340
941925 1148580 942381 1149180
951957 1130340 955719 1130940
903621 1152420 904647 1153020
891195 1139460 891765 1140060
977493 1159140 992199 1159740
994023 1140420 994365 1141020
1006107 1137060 1020813 1137660
1003143 1139940 1003713 1140540
1000179 1134660 1000521 1135260
843201 1163460 850611 1164060
911145 1162500 912171 1163100
893703 1145700 894273 1146300
944661 1150020 945117 1150620
895869 1151460 896439 1152060
865089 1149060 879795 1149660
937707 1157700 938049 1158300
958113 1130340 972819 1130940
986385 1157220 993795 1157820
917985 1153380 919011 1153980
934515 1163460 935085 1164060
939759 1151460 940101 1152060
910233 1156260 910803 1156860
917073 1143300 917643 1143900
885837 1135140 886407 1135740
1017279 1146180 1018761 1146780
995163 1139460 995961 1140060
862353 1144740 877059 1145340
1003599 1130340 1005081 1131420
933831 1126020 934173 1126620
945231 1162020 945801 1162620
843201 1143300 850611 1143900
960621 1126020 989919 1126620
925167 1126020 925509 1126620
865089 1153860 872499 1154460
1859283 1133220 1863045 1133820
1855521 1163460 1859283 1164060
862353 1162980 877059 1163580
887547 1129860 887889 1130460
893247 1138020 893931 1138620
888573 1152420 888915 1153020
1018647 1131780 1022409 1132380
997215 1145220 1011921 1145820
1021611 1139940 1022637 1140540
884241 1141860 886179 1142460
924369 1137540 924939 1138140
912627 1152900 913653 1153500
887547 1136100 887889 1136700
945231 1150500 945573 1151100
847761 1148580 862467 1149180
1008615 1146180 1016025 1146780
927675 1129860 928017 1130460
891195 1159140 891651 1159740
929955 1133220 930525 1133820
898035 1144740 898377 1145340
958113 1162020 987411 1162620
943293 1143780 947055 1144380
996873 1132260 998355 1132860
941013 1131780 948423 1132380
898377 1142340 899403 1142940
942723 1154820 943293 1155420
867483 1133220 874893 1133820
999495 1131300 1001091 1132380
843201 1155780 872499 1156380
989235 1139940 989577 1140540
923001 1154340 924027 1154940
960621 1137540 975327 1138140
908409 1128420 908979 1129020
952299 1159140 959709 1159740
847761 1132260 862467 1132860
907155 1147620 907611 1148220
960621 1151940 989919 1152540
972933 1128420 983991 1129020
892563 1126020 892905 1126620
989805 1147140 1004511 1147740
960621 1148100 989919 1148700
843201 1144260 850611 1144860
898377 1156740 898947 1157340
1018647 1160580 1022409 1161180
952527 1126500 953553 1127100
945915 1155300 946941 1155900
929841 1141380 930183 1141980
932919 1130820 933261 1131420
933717 1148580 934743 1149180
934515 1138500 935085 1139100
994935 1136100 995277 1136700
847761 1157220 877059 1157820
893589 1151940 893931 1152540
921177 1161540 921519 1162140
847761 1140900 877059 1141500
994023 1130340 995049 1130940
941013 1141860 948423 1142460
902595 1155300 903621 1155900
872385 1154820 879795 1155420
847761 1138020 862467 1138620
