G5:
927789 1162020 929043 1162620
937707 1162020 938505 1162620
892563 1141860 893361 1142460
937707 1154820 939303 1155420
905103 1140900 905901 1141500
886179 1149540 886407 1150140
927903 1161060 928929 1161660
931665 1152900 932805 1153500
1840929 1140420 1859283 1141020
938847 1152900 939873 1153500
931551 1156740 932577 1157340
936453 1144260 937593 1144860
914907 1135140 916275 1136220
919125 1150020 920265 1150620
914451 1147140 915591 1147740
940443 1154340 941469 1154940
936453 1131780 937593 1132380
935883 1152900 937023 1153500
915477 1128420 915933 1129020
931665 1143300 932805 1143900
925053 1141860 926193 1142460
895299 1134180 896325 1134780
935883 1160580 937023 1161180
926535 1137060 927903 1138140
926421 1159620 927561 1160220
907611 1143780 908751 1144380
891423 1143780 892791 1144860
921975 1162500 923115 1163100
911715 1141860 913083 1142940
931665 1130340 933033 1131420
906357 1157220 907725 1158300
932007 1159140 933147 1159740
917529 1138980 918897 1140060
910005 1154340 911373 1155420
915021 1133220 916389 1134300
928929 1129380 930297 1130460
926535 1126500 927675 1127100
899973 1127460 901341 1128540
888915 1143780 890283 1144860
923913 1143780 925281 1144860
930639 1139460 931437 1140060
926535 1142820 927903 1143900
917529 1148580 918897 1149660
926421 1154340 927789 1155420
914907 1155300 916275 1156380
907383 1131780 908067 1132380
914907 1129380 916275 1130460
941355 1158180 942153 1158780
933945 1130340 935313 1131420
924939 1138980 926307 1140060
924711 1129380 926079 1130460
911601 1130340 912969 1131420
926991 1151460 928359 1152540
939075 1142820 940443 1143900
939303 1129380 940671 1130460
897465 1128420 898833 1129500
925281 1134180 925965 1134780
891309 1128420 892677 1129500
913881 1140420 914565 1141020
934287 1142820 935655 1143900
914907 1138020 916275 1139100
899859 1138020 901227 1139100
916503 1140900 917871 1141980
916389 1145700 917757 1146780
906471 1151460 907839 1152540
888915 1146660 890283 1147740
906471 1154340 907839 1155420
904875 1138020 906243 1139100
889941 1155300 891309 1156380
930069 1140900 931437 1141980
897009 1153380 898377 1154460
902481 1151460 903849 1152540
920037 1138980 921405 1140060
932577 1132260 933945 1133340
913995 1143780 915363 1144860
928929 1143780 930297 1144860
912513 1154340 913881 1155420
899973 1152420 901341 1153500
907383 1145700 908409 1146300
897123 1151460 898491 1152540
893931 1143780 895299 1144860
904875 1143780 906243 1144860
923913 1145700 925281 1146780
906357 1139940 907725 1141020
911601 1149540 912969 1150620
917301 1130340 918669 1131420
937707 1143300 938505 1143900
907383 1161060 908751 1162140
922773 1158660 923913 1159260
923913 1150500 925281 1151580
951273 1160580 951615 1161180
904191 1141860 905559 1142940
892335 1137060 893703 1138140
888801 1140900 890169 1141980
917985 1137540 918669 1138140
909891 1135140 911259 1136220
912969 1129380 913425 1129980
917529 1142820 918897 1143900
896325 1156260 897693 1157340
907497 1147620 908865 1148700
887775 1131780 888801 1132380
909207 1130340 910575 1131420
919353 1162500 919809 1163100
893133 1161060 893817 1161660
888801 1130340 890169 1131420
886293 1138020 887661 1139100
904875 1161060 906243 1162140
903849 1134180 904533 1134780
896895 1135620 897237 1136220
893019 1126500 893703 1127100
909891 1132260 911259 1133340
909549 1145700 910917 1146780
915021 1126500 916389 1127580
905103 1148580 905445 1149180
909549 1153380 910233 1153980
906927 1130340 908295 1131420
898833 1144260 899973 1144860
927789 1145700 928473 1146300
933831 1142340 934173 1142940
886977 1148580 888345 1149660
891309 1148580 892677 1149660
886293 1146660 887661 1147740
886977 1139940 888345 1141020
915135 1140900 915477 1141500
897123 1131300 898491 1132380
892335 1151460 893703 1152540
896211 1146660 897237 1147260
912513 1147620 913881 1148700
902139 1148100 902481 1148700
903963 1145700 905331 1146780
889371 1157220 890739 1158300
891195 1146180 891537 1146780
902595 1150500 903279 1151100
902595 1129380 902937 1129980
895299 1138980 896325 1139580
886293 1136100 887661 1137180
903507 1161540 903849 1162140
925167 1126980 925509 1127580
912057 1162500 912741 1163100
931323 1158660 931665 1159260
897465 1137060 898833 1138140
900543 1142340 901227 1142940
939759 1157220 940329 1157820
896553 1143780 897921 1144860
913197 1160580 913881 1161180
911943 1137060 912627 1137660
894957 1127460 896325 1128540
936567 1136580 936909 1137180
894501 1137060 895869 1138140
938733 1126020 939075 1126620
898947 1148580 900315 1149660
893931 1135140 895299 1136220
908751 1152900 909093 1153500
910119 1129380 911145 1129980
935883 1148100 936453 1148700
882417 1155300 882759 1155900
902253 1137540 902595 1138140
934971 1146180 935997 1146780
888801 1152420 890169 1153500
934287 1158660 935313 1159260
928359 1162980 929499 1163580
923115 1163460 923457 1164060
919353 1141380 920037 1141980
915477 1152900 915933 1153500
908295 1162500 909435 1163100
893817 1148100 894501 1148700
891879 1155780 892221 1156380
914565 1151460 915021 1152060
903735 1149540 904077 1150140
905445 1136580 905787 1137180
926193 1130820 926535 1131420
887547 1145220 888573 1145820
942723 1155780 943521 1156380
902595 1149060 902937 1149660
882531 1135140 882987 1135740
927219 1149540 928587 1150620
898035 1148100 898833 1148700
935655 1155780 936453 1156380
912969 1133220 913425 1133820
920037 1136100 920379 1136700
913995 1149540 915363 1150620
938391 1147140 939075 1147740
909891 1161060 911259 1162140
893475 1129860 893931 1130460
923799 1130340 924255 1130940
899859 1141860 900429 1142460
937935 1152420 938391 1153020
910119 1148100 910917 1148700
901341 1142820 902709 1143900
914451 1139460 914907 1140060
945687 1152900 946371 1153500
931551 1135140 932349 1135740
886863 1134180 887547 1134780
937593 1146180 938277 1146780
918555 1153860 919809 1154460
900087 1156260 900771 1156860
926079 1131780 926877 1132380
909321 1142340 910119 1142940
933147 1156260 933831 1156860
892791 1147140 894045 1147740
910119 1149540 910917 1150140
906129 1134180 906585 1134780
901227 1145700 902025 1146300
1004055 1127460 1004853 1128060
930981 1150020 931437 1150620
892107 1134660 892791 1135260
910233 1150500 910917 1151100
924939 1155300 925509 1155900
941355 1162500 941583 1163100
886293 1152420 887661 1153500
925737 1149060 926535 1149660
919923 1162020 920379 1162620
885267 1134180 886293 1134780
917529 1159140 918897 1160220
911259 1158180 911601 1158780
945231 1159140 945801 1159740
908295 1160100 908751 1160700
992541 1136100 992997 1136700
931551 1138980 932235 1139580
925053 1152420 925737 1153020
934971 1155300 935541 1155900
888117 1155300 888801 1155900
936111 1138980 936909 1139580
925737 1127940 926535 1128540
923229 1141860 923913 1142460
906243 1126500 907611 1127100
936111 1141380 936909 1141980
906585 1144260 907269 1144860
939531 1156260 939987 1156860
892335 1145700 893019 1146300
931551 1150020 932577 1150620
886293 1126980 887091 1127580
933375 1127940 934173 1128540
942495 1150500 943635 1151100
904989 1155780 905787 1156380
939417 1158180 940215 1158780
923229 1131780 923913 1132380
893703 1156740 893931 1157340
929043 1146660 929841 1147260
896895 1138500 897123 1139100
935541 1158180 935769 1158780
896211 1129380 896439 1129980
910005 1127460 911715 1128060
924369 1162980 925167 1163580
881163 1130340 882075 1130940
899403 1134180 900087 1134780
927675 1127940 929271 1128540
895641 1159620 896325 1160220
932463 1158180 932691 1158780
927903 1126980 928929 1127580
937251 1158660 937479 1159260
891195 1150500 891423 1151100
892107 1160580 892335 1161180
884925 1145700 885609 1146300
930183 1151460 930981 1152060
942723 1161540 944091 1162140
893133 1153860 893817 1154460
944091 1150020 944775 1150620
887889 1156740 888573 1157340
935769 1162500 936453 1163100
901911 1140420 902595 1141020
914109 1157220 914907 1157820
903393 1153860 904077 1154460
932121 1134180 932349 1134780
917643 1132260 918441 1132860
993111 1137060 994935 1137660
907497 1162500 907725 1163100
902367 1132260 902595 1132860
929385 1155300 930183 1155900
916275 1156740 917073 1157340
1003143 1128420 1005993 1129020
912285 1156260 912513 1156860
908181 1135140 908865 1135740
903165 1159620 903849 1160220
883329 1140420 884127 1141020
937479 1127940 937707 1128540
923799 1152420 924597 1153020
992997 1134180 993225 1134780
949449 1139940 952299 1140540
908181 1158660 908865 1159260
934971 1128420 935541 1129020
913767 1137060 914337 1137660
946029 1150020 947169 1150620
943293 1162500 943521 1163100
940215 1161540 941583 1162140
924369 1157700 924597 1158300
923229 1155780 923457 1156380
995049 1140420 995277 1141020
931095 1161060 931551 1161660
921291 1148580 921747 1149180
912057 1153380 912741 1153980
908751 1150020 908979 1150620
943863 1152420 944547 1153020
935085 1159620 935541 1160220
945231 1149540 945687 1150140
938619 1131300 939303 1131900
901227 1141380 901455 1141980
953439 1133220 956289 1133820
913653 1152420 914337 1153020
932691 1147140 934173 1147740
916959 1161060 917643 1161660
900771 1137060 901569 1137660
900315 1159620 900999 1160220
943407 1159620 944205 1160220
920721 1156740 920949 1157340
935997 1140420 937935 1141020
936339 1125540 936567 1126140
898719 1155300 898947 1155900
894273 1159620 894501 1160220
937707 1159620 938505 1160220
886179 1151460 887091 1152060
903963 1137060 904989 1137660
927447 1130820 928131 1131420
933147 1150500 934059 1151100
923799 1126980 924027 1127580
930297 1146180 930525 1146780
904305 1159140 905331 1159740
927447 1157220 928017 1157820
880593 1154340 882189 1154940
996075 1138980 996987 1139580
918555 1135140 919125 1135740
901797 1135620 902595 1136220
919467 1131780 920151 1132380
885381 1157700 886407 1158300
925965 1145220 926877 1145820
945915 1126980 946371 1127580
921177 1137060 923115 1137660
883329 1148580 884013 1149180
1003257 1137540 1004853 1138140
920265 1127940 920493 1128540
900315 1135140 900771 1135740
885381 1127940 887319 1128540
884013 1132740 885495 1133340
906243 1145220 907041 1145820
916047 1157700 916845 1158300
942495 1129860 943179 1130460
914907 1136580 915135 1137180
933717 1141380 935655 1141980
887319 1126500 888003 1127100
908637 1132260 909321 1132860
938847 1146180 939075 1146780
923799 1161540 924255 1162140
1000635 1137060 1002231 1137660
919809 1160100 920037 1160700
879111 1138500 880137 1139100
930183 1137540 931551 1138140
911943 1161060 912513 1161660
920949 1134660 921747 1135260
990945 1139940 994707 1140540
890397 1161540 891993 1162140
1003257 1127460 1003485 1128060
932919 1152420 933147 1153020
931209 1154340 932121 1154940
952755 1161540 954123 1162140
915705 1160100 916389 1160700
934971 1153860 935427 1154460
953439 1135620 956289 1136220
887547 1159140 888915 1159740
881505 1139460 881733 1140060
885495 1152900 886179 1153500
931095 1144260 931893 1144860
936225 1158660 936453 1159260
928815 1132740 929385 1133340
893019 1162020 893703 1162620
910119 1139460 912057 1140060
896781 1139460 897465 1140060
916275 1151460 917073 1152060
923799 1132740 924825 1133340
943863 1162500 944091 1163100
879681 1134660 881277 1135260
918783 1145220 919353 1145820
887547 1157700 888231 1158300
937707 1138500 948765 1139100
897579 1145700 898263 1146300
893703 1140420 894501 1141020
921633 1138980 923115 1139580
920037 1158660 920721 1159260
911259 1147140 911487 1147740
947283 1157220 947511 1157820
897123 1155300 898149 1155900
943863 1156260 944661 1156860
1001661 1132260 1002573 1132860
905103 1147140 905787 1147740
931893 1151460 932121 1152060
989805 1141380 991743 1141980
913197 1138980 913995 1139580
992997 1141380 993453 1141980
901227 1160100 902139 1160700
940785 1126500 941013 1127100
989805 1130820 992655 1131420
894843 1142340 895071 1142940
919467 1143300 919695 1143900
915933 1148100 916503 1148700
907725 1134180 907953 1134780
920151 1133220 920835 1133820
925167 1136580 925851 1137180
960735 1154340 961305 1154940
895983 1147620 896667 1148220
933489 1153860 934059 1154460
902937 1144740 903165 1145340
942723 1160580 943521 1161180
903507 1143300 904305 1143900
916845 1134180 917643 1134780
923799 1153860 924255 1154460
913767 1134180 914565 1134780
898719 1130820 899631 1131420
910233 1152420 910461 1153020
888573 1149540 889029 1150140
903051 1158660 903963 1159260
928815 1156260 929613 1156860
947853 1162020 948081 1162620
883329 1136100 885267 1136700
937821 1137540 939189 1138140
942609 1159620 942837 1160220
930183 1162020 931551 1162620
935655 1129380 936567 1129980
931323 1159620 931551 1160220
951045 1128900 952641 1129500
903621 1130820 903849 1131420
938619 1144260 939189 1144860
911259 1141380 911487 1141980
952755 1141380 956517 1141980
878655 1131300 878883 1131900
892563 1133220 893931 1133820
950931 1138500 954693 1139100
912627 1138020 913425 1138620
901911 1141860 902595 1142460
901455 1154340 901797 1154940
886065 1155300 886977 1155900
895071 1155300 895869 1155900
937251 1151940 937479 1152540
993795 1141860 996645 1142460
939417 1159620 940215 1160220
921177 1140900 923115 1141500
946029 1157220 946827 1157820
913653 1159620 914451 1160220
916959 1147140 917643 1147740
897921 1139940 898149 1140540
948309 1158660 948537 1159260
911601 1143300 911829 1143900
890853 1141860 891423 1142460
913197 1158180 913995 1158780
882075 1149540 884013 1150140
948423 1144260 948993 1144860
906243 1136580 906813 1137180
899403 1137060 899631 1137660
899403 1161540 899859 1162140
993225 1131780 994821 1132380
902709 1128420 903735 1129020
900999 1131300 901797 1131900
947055 1152900 958113 1153500
882873 1138020 883101 1138620
893589 1128900 894159 1129500
955491 1162980 956061 1163580
917301 1157700 917985 1158300
925395 1158660 925965 1159260
905217 1132260 905901 1132860
919581 1144260 919809 1144860
948765 1156260 950133 1156860
941127 1152420 941697 1153020
916161 1149060 916731 1149660
865659 1138500 876717 1139100
944433 1157700 944661 1158300
908409 1136100 909207 1136700
926307 1155780 926763 1156380
950019 1143300 951615 1143900
991173 1135620 991857 1136220
931095 1147620 931551 1148220
936225 1126500 937251 1127100
929499 1134660 930069 1135260
911259 1138020 911487 1138620
900999 1161540 902367 1162140
930867 1148580 931893 1149180
1826337 1141860 1841043 1142460
908637 1141380 909321 1141980
1001547 1138500 1002573 1139100
1001775 1139940 1002345 1140540
951273 1131300 955035 1131900
999951 1138980 1000179 1139580
948651 1158180 948993 1158780
936225 1135620 947283 1136220
921291 1136100 921747 1136700
1003599 1126500 1005195 1127100
901113 1126500 902595 1127100
882075 1138020 882645 1138620
911145 1160100 911601 1160700
900771 1157220 901683 1157820
887547 1129380 889485 1129980
908751 1134180 908979 1134780
890169 1126500 892107 1127100
915591 1153860 916389 1154460
939303 1126980 939645 1127580
936339 1151940 936681 1152540
988665 1138020 992427 1138620
940329 1144260 944091 1144860
991401 1132260 991857 1132860
999951 1130340 1001889 1130940
907953 1126020 909891 1126620
921177 1130340 923115 1130940
940785 1159140 941013 1159740
920835 1158180 921633 1158780
948651 1162500 949107 1163100
898605 1152900 899175 1153500
903393 1139460 904077 1140060
918327 1127940 918897 1128540
942837 1126020 943521 1126620
916959 1135140 917415 1135740
880251 1129380 882189 1129980
932007 1136100 932577 1136700
858705 1136100 861555 1136700
923457 1136580 924027 1137180
910119 1137540 910917 1138140
946029 1158180 946713 1158780
929499 1138980 930069 1139580
932691 1162020 934059 1162620
982509 1129860 997215 1130460
1826337 1156260 1841043 1156860
954579 1139940 961989 1140540
888231 1161060 889257 1161660
866001 1135140 866457 1135740
933261 1151940 935199 1152540
928815 1138500 929271 1139100
898719 1136100 899745 1136700
945801 1129860 949563 1130460
975213 1137540 986271 1138140
921177 1151460 923115 1152060
901227 1134660 901797 1135260
938277 1148580 942039 1149180
951159 1129860 958569 1130460
885381 1158660 887319 1159260
879681 1148100 881619 1148700
917985 1141860 918327 1142460
940557 1141380 947967 1141980
885381 1160580 886407 1161180
880023 1131780 881961 1132380
1826337 1161060 1841043 1161660
947283 1148100 949221 1148700
972933 1134180 987639 1134780
930867 1136100 931551 1136700
862581 1126500 873639 1127100
1001205 1135140 1001775 1135740
933603 1149540 934173 1150140
885381 1155780 885609 1156380
918669 1140420 919239 1141020
908523 1149060 909093 1149660
919581 1135140 920151 1135740
918441 1136580 919011 1137180
929955 1159620 930525 1160220
993339 1133700 997101 1134300
883557 1129860 885495 1130460
944775 1155300 945345 1155900
943065 1157220 943521 1157820
927675 1147620 929043 1148220
895413 1157700 899175 1158300
905559 1127940 906585 1128540
895869 1151940 896553 1152540
942951 1152900 943293 1153500
901227 1139460 902253 1140060
900201 1145700 900771 1146300
955377 1134180 956745 1134780
952071 1159620 953097 1160220
894501 1162500 895071 1163100
945117 1150980 956175 1151580
893589 1152900 894273 1153500
925167 1147620 926535 1148220
940785 1147140 948195 1147740
936909 1153860 937479 1154460
921063 1159620 922089 1160220
878427 1136100 879795 1136700
1000863 1134180 1002801 1134780
1826337 1132260 1841043 1132860
906699 1138500 908409 1139100
885381 1142340 886407 1142940
998241 1138020 1000179 1138620
920265 1145700 920835 1146300
998241 1136100 999609 1136700
900885 1125540 902823 1126140
1008273 1126500 1015683 1127100
927675 1148580 929043 1149180
904305 1150500 904875 1151100
941127 1155300 941583 1155900
889257 1139460 890055 1140060
938619 1127940 939075 1128540
895641 1160580 896325 1161180
947625 1150020 949563 1150620
940899 1150980 941583 1151580
917871 1162500 918441 1163100
893475 1142340 894273 1142940
876945 1162020 884355 1162620
914565 1162980 915135 1163580
908067 1155780 910005 1156380
881163 1133220 882189 1133820
986157 1141860 989007 1142460
878199 1125540 881961 1126140
926079 1162020 926649 1162620
888345 1136100 888915 1136700
878655 1127940 882417 1128540
899403 1147140 900087 1147740
936339 1128420 937365 1129020
911943 1134180 912627 1134780
996303 1130820 998241 1131420
917643 1133220 917985 1133820
930525 1127460 932463 1128060
908523 1140420 909093 1141020
953439 1136580 955377 1137180
921633 1138020 923115 1138620
954921 1137540 958683 1138140
1002459 1125540 1003029 1126140
940899 1145700 941925 1146300
928017 1131780 928359 1132380
931893 1128420 932349 1129020
906015 1149540 906699 1150140
921177 1143780 923115 1144380
898719 1162980 899745 1163580
948993 1136100 949449 1136700
888345 1135140 888915 1135740
954465 1126500 957315 1127100
887547 1132740 889485 1133340
894501 1153380 895071 1153980
889485 1151460 889941 1152060
916047 1139460 916617 1140060
890625 1132260 892563 1132860
876945 1156260 884355 1156860
898719 1160100 899175 1160700
952527 1160580 954009 1161180
903621 1133220 904647 1133820
892563 1154820 894501 1155420
1840929 1139460 1855635 1140060
921633 1156260 923115 1156860
993567 1142820 996417 1143420
924369 1156740 924825 1157340
1004397 1150020 1015455 1150620
872385 1139460 879795 1140060
936111 1127460 937137 1128060
953097 1143780 960507 1144380
921633 1132260 923115 1132860
1006221 1129380 1020927 1129980
909435 1144260 910461 1144860
914907 1161540 915135 1162140
885381 1162500 889143 1163100
1001775 1127460 1002345 1128060
916275 1162500 916731 1163100
916845 1152900 917871 1153500
884013 1131780 885495 1132380
1003941 1138500 1004397 1139100
986157 1140420 989007 1141020
911373 1126500 912399 1127100
906243 1148580 906813 1149180
941355 1159140 941925 1159740
991173 1142340 993111 1142940
865887 1137540 876945 1138140
942723 1145700 950133 1146300
885381 1128900 886407 1129500
961761 1160100 991059 1160700
907839 1127940 909777 1128540
937707 1129860 938733 1130460
943863 1153860 944433 1154460
989805 1134660 991743 1135260
897579 1127460 897921 1128060
999609 1126500 1000065 1127100
881049 1126500 881391 1127100
960279 1142820 989577 1143420
893589 1139460 894045 1140060
989805 1163460 1004511 1164060
928815 1126020 929157 1126620
944661 1158660 945003 1159260
891195 1135140 891765 1135740
895071 1132740 895413 1133340
905445 1160100 907383 1160700
989805 1161540 1004511 1162140
866343 1127940 866685 1128540
921177 1129380 923115 1129980
890169 1128420 891195 1129020
858705 1133220 860643 1133820
917415 1153860 917985 1154460
950703 1149060 958113 1149660
989805 1155780 1004511 1156380
997101 1157700 1011807 1158300
930867 1126500 931893 1127100
966093 1138980 980799 1139580
1000635 1141860 1015341 1142460
914451 1158660 915477 1159260
895299 1125540 895869 1126140
975213 1131780 986271 1132380
909435 1140900 910119 1141500
943521 1127940 945117 1128540
956517 1125540 956859 1126140
930183 1158660 930525 1159260
919353 1137060 920037 1137660
908637 1137540 908979 1138140
887547 1128420 889029 1129020
988893 1128420 992655 1129020
1018191 1138980 1021953 1139580
921177 1157220 923115 1157820
883329 1135140 885267 1135740
898491 1146660 899061 1147260
896895 1134660 897921 1135260
955263 1161540 956745 1162140
884013 1130820 885495 1131420
939531 1150020 939873 1150620
957999 1144740 972705 1145340
989805 1154820 1004511 1155420
863037 1134180 877743 1134780
996873 1139940 998355 1140540
923571 1134180 924141 1134780
947283 1158180 947853 1158780
921633 1128420 923115 1129020
886065 1145220 886749 1145820
905217 1153860 905559 1154460
911145 1151460 911487 1152060
880023 1137540 881505 1138140
876945 1143780 884355 1144380
883101 1139460 884127 1140060
883671 1127460 884241 1128060
953097 1162980 954123 1163580
901227 1144740 901797 1145340
1006221 1135140 1020927 1135740
921177 1161060 923115 1161660
919923 1126980 921861 1127580
926307 1153380 927333 1153980
1003143 1136580 1003485 1137180
847761 1141860 877059 1142460
934515 1139940 934857 1140540
989805 1144260 1004511 1144860
999723 1125540 1001661 1126140
959253 1136580 960735 1137180
928701 1140420 929043 1141020
942495 1142340 949905 1142940
989805 1126020 997215 1126620
850497 1128900 865203 1129500
959253 1149060 960735 1149660
1014429 1127940 1017279 1128540
1000065 1139940 1000521 1140540
1005195 1127460 1006221 1128060
938163 1133220 949221 1133820
865089 1129860 879795 1130460
876945 1146660 884355 1147260
980343 1149540 991401 1150140
891195 1139940 891537 1140540
950817 1159140 951843 1159740
894501 1126500 895071 1127100
876945 1158180 884355 1158780
890283 1134660 890625 1135260
1004397 1151940 1015455 1152540
900999 1132740 901569 1133340
957315 1146660 986613 1147260
872385 1136580 876147 1137180
994023 1127460 996873 1128060
882303 1131300 882873 1131900
1004625 1134180 1019331 1134780
857793 1131780 865203 1132380
942495 1148100 946257 1148700
847761 1126500 858819 1127100
952299 1143300 952641 1143900
868509 1127460 875919 1128060
891195 1138500 891765 1139100
999267 1127940 1001205 1128540
883557 1126020 885495 1126620
895755 1154340 896553 1154940
921633 1139940 923115 1140540
987297 1147620 994707 1148220
946257 1127940 957315 1128540
947055 1160100 947397 1160700
945687 1151940 956745 1152540
957087 1134180 957429 1134780
883329 1154340 885267 1154940
921177 1142340 921519 1142940
911943 1151460 912513 1152060
998241 1153380 1012947 1153980
1855521 1158660 1859283 1159260
900087 1154820 901113 1155420
1005537 1148580 1020243 1149180
911943 1163460 912627 1164060
1021041 1126500 1022067 1127100
989691 1131780 990033 1132380
896097 1130820 896439 1131420
947511 1126500 951273 1127100
888573 1160100 888801 1160700
958341 1128900 959367 1129500
950019 1158180 951045 1158780
1006107 1136100 1020813 1136700
996873 1137060 998355 1137660
847761 1158180 862467 1158780
923799 1127940 924825 1128540
901227 1146660 901569 1147260
921633 1133220 923115 1133820
943065 1151460 944091 1152060
862353 1153380 877059 1153980
994023 1146180 1008729 1146780
987981 1138980 990831 1139580
931323 1146180 932349 1146780
895071 1129380 895413 1129980
999039 1132740 1000977 1133340
1003827 1136580 1004853 1137180
908637 1153860 909321 1154460
918213 1156260 919239 1156860
843201 1160580 872499 1161180
885381 1144260 886407 1144860
991173 1136580 992199 1137180
958683 1158180 987981 1158780
887547 1154340 888231 1154940
960621 1152900 989919 1153500
957771 1145700 972477 1146300
888231 1150980 888801 1151580
998241 1160100 1012947 1160700
952869 1139940 954237 1140540
906243 1135620 906813 1136220
921177 1144740 923115 1145340
941013 1131300 941583 1131900
896325 1126020 897237 1126620
933147 1134180 934173 1134780
894957 1131780 895185 1132380
950817 1148100 958227 1148700
1000293 1126500 1002231 1127100
938847 1150020 939189 1150620
948879 1159140 949221 1159740
959253 1148100 960735 1148700
847761 1145700 877059 1146300
996531 1131780 998013 1132380
943749 1125540 944205 1126140
997101 1162500 1011807 1163100
872385 1151940 883443 1152540
1020927 1128420 1021953 1129020
963471 1150500 992769 1151100
910461 1163460 910803 1164060
843201 1161540 872499 1162140
980571 1148580 995277 1149180
917415 1127460 917757 1128060
895413 1161540 896439 1162140
884013 1137540 885495 1138140
959595 1159140 967005 1159740
896325 1131780 897009 1132380
1005651 1132260 1020357 1132860
898035 1158660 899061 1159260
910119 1133700 911145 1134300
960621 1162500 989919 1163100
843201 1159620 872499 1160220
941013 1142340 941811 1142940
865089 1130820 876147 1131420
1008615 1127940 1009185 1128540
989805 1156740 1004511 1157340
921177 1146660 923115 1147260
997671 1134660 998241 1135260
923001 1147620 924027 1148220
1004739 1138500 1015797 1139100
948309 1149060 949335 1149660
890055 1138500 890739 1139100
921405 1149540 923115 1150140
