G3:
941469 1162020 942837 1163100
943065 1157700 944547 1158300
928929 1151460 930297 1152540
939189 1154340 940557 1155420
921177 1130820 922659 1131420
928929 1161060 930297 1162140
933489 1153380 935199 1153980
935199 1150500 936681 1151580
947739 1161060 949107 1162140
937821 1150980 939531 1151580
927675 1153860 929385 1154460
932691 1143300 934401 1143900
938391 1162020 940101 1162620
931323 1155300 932349 1156380
933033 1152420 933945 1153020
938049 1162980 939075 1164060
902595 1155780 903735 1156380
938049 1160100 939075 1161180
892563 1152420 893703 1153020
891195 1127460 892335 1128060
912969 1142820 913995 1143900
933033 1160100 934059 1161180
900087 1155300 900999 1155900
930753 1156740 931665 1157340
905787 1155300 906927 1155900
926307 1162980 926877 1164060
935997 1156260 936681 1157340
893361 1155300 893931 1156380
935427 1157700 936567 1158300
943293 1158660 944205 1159260
901113 1138500 902253 1139100
926307 1160100 926877 1161180
950247 1161060 951615 1162140
923913 1147620 925281 1149660
936225 1162980 936909 1164060
928473 1158180 929043 1159260
896667 1137060 897579 1137660
932235 1134180 933261 1134780
893703 1134180 895299 1134780
921291 1149060 922545 1149660
891309 1141860 892677 1143900
923913 1125540 925281 1127580
903849 1139940 905217 1141980
931323 1162980 932463 1163580
918783 1138980 920151 1140060
885267 1149540 886293 1150140
934401 1131300 935541 1131900
885267 1151460 886293 1152060
940215 1160100 941583 1161180
926763 1152900 927789 1153500
907725 1151460 908409 1152540
932919 1130340 934059 1130940
940443 1127940 941355 1128540
906471 1140900 907497 1141500
897807 1150980 898947 1151580
912855 1138500 913881 1139100
913995 1132260 915021 1132860
896211 1152900 897465 1153500
916275 1139940 917529 1140540
916275 1150500 917529 1151100
890283 1145220 891309 1145820
908067 1158180 908865 1158780
913653 1162020 915135 1162620
910347 1144260 911373 1144860
928815 1157220 930183 1157820
910005 1140900 911373 1142940
897693 1154820 898947 1155420
935313 1144260 936567 1144860
932805 1131780 934173 1132380
897807 1143780 898833 1144380
937707 1142340 939075 1142940
898719 1127460 900087 1128060
887547 1141860 888915 1142460
895071 1156260 896439 1156860
935199 1154820 936567 1155420
927789 1137060 929043 1137660
930183 1158180 931551 1158780
912627 1141380 913995 1141980
926763 1143780 928131 1145820
910233 1162020 911601 1162620
913767 1149060 915021 1149660
896211 1138020 897009 1138620
937707 1130340 939075 1130940
938277 1126500 939645 1127100
927675 1136100 929043 1136700
927789 1162500 929043 1163100
911259 1159140 912513 1159740
914793 1157220 916161 1158300
933489 1155780 934857 1156380
930183 1149060 931665 1149660
935883 1149060 937137 1149660
908751 1154340 910119 1154940
916275 1142820 917073 1143420
935199 1161060 936567 1161660
918783 1147140 920037 1147740
895071 1132260 896439 1132860
918669 1150980 920037 1151580
930297 1150500 931665 1151100
930867 1151940 932121 1152540
900087 1153380 901455 1153980
928473 1149540 929727 1150140
935313 1147620 936567 1148220
940329 1155780 941583 1156380
933831 1127460 935313 1128060
918783 1131300 920151 1131900
945231 1162500 946713 1163100
904533 1133220 905901 1134300
912513 1153860 913767 1154460
947739 1162980 949221 1163580
903621 1144260 904989 1144860
895185 1143300 896439 1143900
940329 1153380 941583 1153980
933831 1150020 935085 1150620
950361 1162980 951729 1163580
942723 1155300 944205 1155900
916275 1145220 917643 1145820
941469 1129860 942609 1130460
933489 1156740 934857 1157340
913653 1156260 915135 1156860
927789 1150500 929157 1151100
901227 1141860 902025 1142460
885609 1139940 887091 1140540
913653 1126500 915135 1127100
937821 1155780 939189 1156380
937935 1127460 939531 1128060
923571 1138980 925053 1139580
917301 1134660 918555 1135260
921177 1148100 922659 1148700
915135 1141380 916617 1141980
936339 1126980 937821 1127580
933603 1162980 935085 1163580
935199 1162020 936567 1162620
926079 1139940 927561 1140540
887547 1144260 889029 1144860
916275 1161060 917073 1161660
883329 1145220 885495 1145820
900771 1137540 902367 1138140
937707 1157220 938505 1157820
913767 1130340 915135 1130940
921975 1136580 923571 1137180
925281 1134660 926877 1135260
930183 1137060 931551 1137660
935655 1133220 936453 1133820
884925 1133220 886407 1133820
898263 1138500 899061 1139100
936909 1152900 937821 1153500
938277 1152420 939531 1153020
928587 1127460 929385 1128060
942723 1154340 944091 1154940
926079 1159140 927675 1159740
922431 1128900 923457 1129500
913425 1146180 915021 1146780
933261 1154820 934059 1155420
892563 1131780 893361 1132380
901227 1133700 902823 1134300
920379 1146180 921975 1146780
898035 1134180 898833 1134780
913881 1160100 915249 1161180
892563 1128420 894159 1129020
923229 1135620 924597 1136220
1018647 1148100 1022751 1148700
925737 1135620 926535 1136220
929385 1152900 930183 1153500
937479 1158180 938049 1158780
922659 1126020 923685 1126620
922887 1127940 923913 1128540
897579 1133220 898377 1133820
928701 1130340 929499 1130940
903393 1138500 904305 1139100
936339 1131300 937137 1131900
1012833 1154340 1022751 1154940
910119 1153380 911259 1153980
931323 1133700 932121 1134300
898605 1147620 899517 1148220
940671 1158180 941469 1158780
901797 1159140 903393 1159740
905787 1131780 906585 1132380
885609 1150500 886407 1151100
885381 1131780 886749 1132380
920151 1125540 921747 1126140
903051 1127460 904419 1128060
937707 1145220 938505 1145820
903507 1142820 904305 1143420
926307 1151940 927105 1152540
1012833 1155300 1022751 1155900
886293 1135140 887661 1136220
912057 1131300 913311 1131900
925395 1161540 926763 1162140
1015341 1160580 1018761 1161180
896781 1128900 897579 1129500
914223 1128420 915591 1129500
918327 1146180 919467 1146780
910347 1127940 911373 1128540
898947 1144740 899517 1145340
909321 1157220 910119 1157820
938277 1149060 939189 1149660
1826337 1130340 1841043 1131420
906813 1156740 907611 1157340
898947 1158660 899517 1159260
1015341 1147140 1018761 1147740
894615 1126980 895755 1127580
926421 1130820 927561 1131420
884811 1138980 885609 1139580
889941 1156740 890169 1157340
894387 1148100 895527 1148700
910347 1131300 911373 1131900
919011 1158660 920151 1159260
888573 1154820 889371 1155420
1826337 1160100 1841043 1161180
1826337 1147140 1865439 1147740
880023 1138500 884127 1139100
912855 1127460 913881 1128060
927561 1125540 928929 1126620
907839 1131300 908865 1131900
1012833 1159140 1022751 1159740
1004397 1150980 1015455 1151580
1859169 1154820 1865439 1155420
1826337 1135140 1841043 1136220
924711 1132260 926079 1133340
1826337 1139940 1841043 1141020
883329 1156740 885495 1157340
1826337 1158180 1841043 1159260
905445 1142340 906357 1142940
1017165 1162500 1018761 1163100
1840929 1157220 1843437 1157820
1859169 1160580 1863615 1161180
1840929 1156260 1865439 1156860
1012833 1149540 1022751 1150140
894843 1152900 895641 1153500
926307 1126980 926535 1127580
1840929 1138980 1865439 1139580
1826337 1127940 1865439 1128540
918669 1149540 919125 1150140
850497 1157700 883443 1158300
1840929 1162020 1843437 1162620
872385 1153860 883443 1154460
891651 1139460 892449 1140060
921861 1162500 922089 1163100
1826337 1149540 1841043 1150620
914337 1147140 914565 1147740
883329 1141380 885495 1141980
938049 1136100 949107 1136700
1826337 1154340 1841043 1155420
1018647 1161540 1022751 1162140
891195 1155780 891993 1156380
891423 1158660 892449 1159260
1015341 1152900 1018761 1153500
1826337 1128900 1865439 1129500
1018647 1151940 1022751 1152540
1826337 1125540 1841043 1126620
896895 1134180 897465 1134780
902709 1143780 902937 1144380
883329 1144260 885495 1144860
1018647 1157700 1022751 1158300
921519 1158180 923115 1158780
1018647 1127940 1022751 1128540
1018647 1156740 1022751 1157340
1826337 1133700 1865439 1134300
931893 1153860 932349 1154460
909435 1158180 910233 1158780
933375 1126500 934515 1127100
933717 1136580 934173 1137180
1840929 1136580 1859283 1137180
890055 1141380 891081 1141980
893703 1160100 894501 1160700
881619 1134660 885495 1135260
1011693 1157700 1017279 1158300
890055 1146180 890283 1146780
1840929 1131780 1859283 1132380
903849 1131780 904989 1132380
1840929 1138020 1843437 1138620
889257 1134180 889485 1134780
890283 1130340 891309 1130940
903621 1147620 904077 1148220
901341 1150500 902709 1151580
910347 1134660 911373 1135260
936795 1136580 937821 1137180
904989 1137060 906357 1138140
930639 1153380 931665 1153980
929499 1126980 930297 1127580
1826337 1144740 1841043 1145820
904647 1130340 906015 1131420
923115 1130340 923913 1130940
934059 1142340 935085 1142940
924369 1128420 925737 1129500
887547 1138500 888345 1139100
884241 1142820 886749 1143420
1840929 1152420 1843437 1153020
925395 1153380 926421 1153980
998241 1135140 1000749 1135740
1840929 1142820 1843437 1143420
919467 1129860 920265 1130460
1859169 1145220 1865439 1145820
916845 1128900 917301 1129500
950817 1133700 956403 1134300
1840929 1150980 1859283 1151580
901455 1146660 902823 1147740
894387 1131300 895413 1131900
1000977 1131300 1019331 1131900
1840929 1126980 1859283 1127580
913881 1139940 915021 1140540
987639 1137540 990147 1138140
891195 1146660 891651 1147260
913653 1135620 914109 1136220
924711 1156260 926079 1157340
937707 1131300 938733 1131900
929727 1133700 930753 1134300
912513 1137060 913881 1138140
919011 1136100 920151 1136700
925395 1126020 926421 1126620
1859169 1130820 1865439 1131420
1840929 1141380 1859283 1141980
914109 1134660 915249 1135260
892791 1126020 893817 1126620
922773 1143300 923913 1143900
929043 1155780 930069 1156380
926535 1157220 927561 1157820
892449 1146180 892677 1146780
891423 1135620 892449 1136220
892791 1140420 893817 1141020
929499 1159140 930525 1159740
953895 1160580 954921 1161180
926079 1142340 926535 1142940
1001775 1128420 1003257 1129020
938391 1138020 939531 1138620
906357 1145700 907497 1146300
923913 1142340 925053 1142940
935883 1145700 937023 1146300
945915 1160580 947055 1161180
882645 1155300 883785 1155900
922203 1163460 923229 1164060
935883 1153860 937023 1154460
933717 1135620 934173 1136220
943407 1156740 944547 1157340
901455 1132740 902481 1133340
931437 1127940 932577 1128540
1002231 1127460 1003371 1128060
897351 1162020 898719 1163100
987525 1134180 993111 1134780
892563 1135620 893703 1136220
885039 1155300 886179 1155900
898947 1129380 900315 1130460
888915 1147620 889941 1148220
906471 1143780 907611 1144380
932577 1158180 933717 1158780
939075 1129380 939417 1129980
932805 1129380 933945 1129980
939987 1142340 941127 1142940
893931 1157220 895071 1157820
901455 1162020 902595 1162620
1859169 1158660 1865439 1159260
986955 1128420 987981 1129500
941355 1156740 942381 1157340
932805 1142340 933945 1142940
903735 1135620 904761 1136220
887775 1129860 888801 1130460
910005 1155300 911373 1156380
914109 1137540 915249 1138140
1840929 1146180 1859283 1146780
917643 1160100 918669 1160700
933375 1145700 934515 1146300
888231 1131300 889371 1131900
930639 1160580 931665 1161180
904419 1160580 905559 1161180
897123 1159620 898263 1160220
899403 1159620 900429 1160220
933375 1159140 934515 1159740
912627 1158660 913767 1159260
935427 1159620 936453 1160220
907041 1162020 908181 1162620
904305 1146660 905445 1147260
910803 1137540 911943 1138140
939531 1146660 940899 1147740
917187 1136100 918555 1137180
931437 1159620 932577 1160220
936339 1158660 937365 1159260
917529 1129380 918897 1130460
926649 1138980 927789 1139580
1018647 1144260 1022751 1144860
907725 1135620 908865 1136220
939873 1156740 941013 1157340
901911 1136100 903279 1137180
904761 1150500 906129 1151580
908751 1140900 909549 1141500
921405 1138500 922545 1139100
890739 1162500 891879 1163100
1859169 1126020 1865439 1126620
902481 1162980 903849 1164060
917643 1158660 918783 1159260
919125 1140420 920265 1141020
892449 1162980 893817 1164060
906585 1138020 907725 1138620
923115 1151460 923685 1152060
944547 1129380 945915 1130460
930525 1128420 930981 1129020
931779 1126500 933147 1127580
937707 1143780 938847 1144380
914907 1151460 916275 1152540
917187 1138020 918555 1139100
903849 1148580 905217 1149660
895299 1129380 896325 1129980
905217 1159140 906357 1159740
896895 1145220 898035 1145820
923343 1145220 924483 1145820
923913 1151460 925281 1152540
908865 1137060 910233 1138140
923913 1140900 925281 1141980
925851 1140900 926991 1141500
924141 1130340 925509 1131420
923343 1155780 924483 1156380
892563 1138500 893703 1139100
920151 1143780 921291 1144380
923913 1162020 925281 1163100
887547 1145700 888687 1146300
896439 1135620 897009 1136220
886293 1147620 887661 1148700
932463 1140900 933831 1141980
919695 1162500 920835 1163100
941811 1144740 943179 1145820
912513 1128420 913881 1129500
912399 1150500 913767 1151580
915135 1131300 916275 1131900
931551 1129380 932577 1129980
908979 1150500 910347 1151580
895755 1139460 896895 1140060
883785 1131300 884925 1131900
891537 1129380 892905 1130460
929955 1125540 931323 1126620
915819 1134180 916959 1134780
902367 1152420 903735 1153500
917529 1162980 918897 1164060
942267 1127460 943635 1128540
888801 1138020 890169 1139100
903849 1154340 905217 1155420
929499 1139940 930867 1141020
914337 1153380 915705 1154460
936453 1125540 937821 1126620
899631 1139940 900999 1141020
906357 1153380 907725 1154460
909207 1162980 910575 1164060
885723 1140900 886863 1141500
926421 1129380 927789 1130460
897123 1135140 898491 1136220
938391 1158660 939531 1159260
927219 1133220 928587 1134300
999267 1141860 1000749 1142940
892107 1147620 893475 1148700
882075 1136100 883443 1137180
889257 1139940 890397 1140540
865659 1138020 866799 1138620
945003 1127460 946371 1128540
904989 1126500 906357 1127580
919695 1153380 921063 1154460
867483 1131300 868623 1131900
903849 1157220 905217 1158300
921975 1137540 923115 1138140
923913 1154340 925281 1155420
909435 1146660 910803 1147740
916389 1132260 917757 1133340
911487 1125540 912855 1126620
889029 1148580 890397 1149660
911145 1149060 911487 1149660
939303 1140900 940671 1141980
867255 1135140 868395 1135740
941583 1125540 942951 1126620
919695 1134180 921063 1135260
906813 1146660 908181 1147740
912399 1132260 913767 1133340
894501 1154340 895869 1155420
922773 1160580 923913 1161180
923115 1142340 923799 1142940
901455 1128420 902823 1129500
924141 1158180 925509 1159260
937365 1128420 938733 1129500
912513 1134180 913881 1135260
934401 1129380 935769 1130460
906357 1133220 907725 1134300
922317 1156740 923457 1157340
911373 1152420 912741 1153500
891879 1153380 893247 1154460
933945 1138980 935313 1140060
935313 1125540 935769 1126140
903849 1128420 905217 1129500
936909 1133220 938277 1134300
914565 1138980 914907 1139580
919923 1155300 921291 1156380
906585 1127460 907953 1128540
908865 1128420 910233 1129500
886407 1145700 887433 1146300
901341 1148580 902709 1149660
908979 1148580 910347 1149660
894843 1146660 896211 1147740
910689 1158180 911373 1158780
902025 1160100 903393 1161180
897465 1148580 898833 1149660
919923 1141860 921291 1142940
887433 1127460 888801 1128540
898947 1145700 900315 1146780
889599 1153380 890967 1154460
917529 1161060 918897 1162140
917301 1155300 918669 1156380
918897 1143780 919581 1144380
901455 1162980 902025 1163580
919923 1144740 921291 1145820
940101 1144740 941469 1145820
899745 1151460 901113 1152540
900315 1149060 900999 1149660
897465 1130340 898833 1131420
931437 1144740 932805 1145820
899061 1142820 900429 1143900
899859 1162020 901227 1163100
898947 1132260 900315 1133340
907041 1129380 908409 1130460
847761 1142820 877059 1143420
916617 1143780 917985 1144860
894843 1136100 896211 1137180
936795 1140900 938163 1141980
911943 1157220 913311 1158300
934971 1135140 936339 1136220
941469 1142820 942837 1143900
892221 1160100 893589 1161180
932121 1138980 933489 1140060
888915 1126500 890283 1127580
891309 1125540 892449 1126140
922545 1153860 922887 1154460
912513 1162980 913881 1164060
929727 1144740 931095 1145820
907383 1160580 907839 1161180
929271 1132260 930639 1133340
891309 1150500 892677 1151580
919923 1157220 921291 1158300
893817 1129380 895185 1130460
889827 1136100 891195 1137180
908751 1156740 909093 1157340
929499 1135140 930867 1136220
906699 1141860 908067 1142940
894045 1149540 895413 1150620
904989 1162980 906357 1164060
908979 1131780 909663 1132380
886293 1157220 887661 1158300
893589 1137060 894615 1137660
899061 1152900 899745 1153500
908865 1138980 910233 1140060
906585 1149540 907953 1150620
913083 1152420 913767 1153020
909891 1160100 911259 1161180
919809 1132260 921177 1133340
893817 1144740 895185 1145820
912285 1139940 913653 1141020
917757 1127940 918441 1128540
929157 1138020 930525 1139100
901683 1154340 903051 1155420
896325 1127460 897693 1128540
926649 1155300 928017 1156380
940443 1143780 941127 1144380
886293 1154340 887661 1155420
912627 1149060 912969 1149660
939759 1131300 941127 1132380
928929 1147620 930297 1148700
916617 1149060 917301 1149660
935427 1128420 936453 1129020
897351 1140900 898719 1141980
934743 1146180 935085 1146780
894843 1126020 895527 1126620
911829 1161540 912513 1162140
919353 1161540 920037 1162140
903849 1130340 904533 1130940
890283 1144260 891309 1144860
911373 1146660 912741 1147740
904989 1135140 906357 1136220
911715 1156260 912399 1156860
1855521 1129860 1859283 1130460
886293 1130340 887661 1131420
932235 1149060 932577 1149660
920607 1136580 921291 1137180
903735 1162020 904077 1162620
937137 1138500 937821 1139100
887319 1160100 888687 1161180
932235 1146180 933261 1146780
919239 1160100 919923 1160700
945687 1158660 946485 1159260
921861 1145220 922545 1145820
894957 1141860 896325 1142940
908865 1133220 910233 1134300
930411 1146180 931437 1146780
925395 1155300 926079 1155900
890055 1125540 890739 1126140
931437 1147620 932805 1148700
889143 1161060 890511 1162140
889827 1151460 891195 1152540
942723 1161060 943407 1161660
919923 1152420 920265 1153020
911373 1160580 912057 1161180
920151 1128900 920493 1129500
882303 1125540 883671 1126620
900657 1135140 901341 1135740
923001 1149540 923457 1150140
952527 1136580 953553 1137180
925737 1136580 926421 1137180
916389 1138980 917073 1139580
893931 1138980 895299 1140060
892905 1149060 893589 1149660
940899 1126980 941469 1127580
908751 1152420 909093 1153020
930753 1132740 931437 1133340
881277 1132260 882873 1133340
990603 1137540 991059 1138140
901227 1143780 901569 1144380
890625 1138500 891309 1139100
919581 1148100 920037 1148700
909777 1126020 910119 1126620
922659 1146180 923343 1146780
902367 1130340 903735 1131420
891423 1134660 892107 1135260
917187 1146660 917643 1147260
887889 1156260 888573 1156860
936339 1134180 936681 1134780
928131 1139460 928473 1140060
919695 1127940 920379 1128540
889371 1132260 890739 1133340
894615 1162980 895983 1164060
907497 1159140 908865 1160220
896895 1160580 897579 1161180
902139 1156740 902481 1157340
891651 1136580 892449 1137180
899631 1136100 900999 1137180
896325 1130820 897009 1131420
917415 1157220 917757 1157820
936567 1151940 937365 1152540
885951 1129380 886407 1129980
944319 1159140 945117 1159740
916617 1152420 917301 1153020
910689 1150980 911373 1151580
918441 1157700 918897 1158300
921291 1127940 921633 1128540
898833 1141860 899973 1142460
896439 1141380 896781 1141980
891081 1128420 891423 1129020
917415 1153380 918099 1153980
943065 1152420 943407 1153020
928701 1146660 929157 1147260
916275 1160100 916617 1160700
951045 1143780 951729 1144380
931209 1131780 931665 1132380
888687 1146660 889029 1147260
946257 1152900 946599 1153500
995619 1138500 996189 1139100
919809 1149060 920151 1149660
900999 1146180 901341 1146780
923001 1140900 923685 1141500
899517 1126500 899973 1127100
915363 1158660 916047 1159260
952755 1162020 953781 1162620
1002459 1137540 1002801 1138140
923799 1152900 924255 1153500
949107 1159620 949905 1160220
940443 1162500 941013 1163100
896211 1134660 896553 1135260
932235 1135140 932577 1135740
908067 1125540 908409 1126140
937707 1147620 938505 1148220
915021 1162980 916389 1164060
906243 1147620 906585 1148220
881163 1136100 881505 1136700
949335 1140420 950361 1141020
999495 1136100 1000293 1136700
950361 1141380 951615 1141980
862695 1126020 866457 1126620
1001319 1140420 1001775 1141020
944547 1152900 945687 1153500
885495 1130820 886179 1131420
953211 1140420 953895 1141020
891195 1160580 891537 1161180
910347 1152420 910917 1153020
926307 1147140 927561 1147740
936111 1139460 936909 1140060
882873 1148100 884127 1148700
908181 1153380 908865 1153980
895641 1160100 896439 1160700
945231 1151940 945801 1152540
897921 1126980 898377 1127580
900087 1134660 900429 1135260
900087 1141380 900429 1141980
942723 1159620 943521 1160220
882759 1131300 883557 1131900
1000065 1134180 1000521 1134780
884811 1148580 885153 1149180
929499 1146180 929841 1146780
876945 1140900 882531 1141500
958113 1130820 959367 1131420
905331 1149540 906129 1150140
900657 1156740 901341 1157340
911259 1136580 911715 1137180
946143 1150500 946599 1151100
901113 1126020 901569 1126620
949335 1155780 950019 1156380
921177 1152900 921633 1153500
918669 1132740 919125 1133340
942495 1151460 943179 1152060
921291 1139460 921747 1140060
911487 1150980 912285 1151580
889371 1156260 889713 1156860
949107 1130340 949563 1130940
946827 1159620 947511 1160220
938163 1146180 938961 1146780
925965 1149540 926421 1150140
933831 1157700 934287 1158300
945687 1159620 946485 1160220
921975 1161540 922773 1162140
887547 1150980 888345 1151580
928131 1140900 928929 1141500
916161 1146660 916617 1147260
898263 1144740 898833 1145340
998355 1133700 999609 1134300
921975 1154820 922659 1155420
947397 1157220 948993 1158300
946713 1144260 947169 1144860
931323 1140900 932121 1141500
882873 1137540 884127 1138140
939075 1144740 939873 1145340
956745 1125540 958341 1126620
908181 1144260 908865 1144860
893133 1146660 893817 1147260
998583 1128420 1000065 1129500
951501 1159620 952185 1160220
998811 1131780 999609 1132380
949563 1132260 950133 1132860
886977 1162020 887433 1162620
931323 1143780 931893 1144380
929955 1163460 930183 1164060
947055 1126500 947625 1127100
881163 1129860 882417 1130460
921291 1128900 921975 1129500
950247 1158660 950703 1159260
944547 1148580 946143 1149660
945801 1153860 946485 1154460
891309 1133220 892677 1134300
994821 1137060 996417 1138140
1000065 1138980 1000749 1139580
885267 1126500 886293 1127100
990945 1143300 991743 1143900
995163 1143300 995619 1143900
941583 1152420 942153 1153020
902937 1134660 903393 1135260
918213 1141860 918897 1142460
951843 1141860 953439 1142940
942723 1156260 943293 1156860
902139 1135140 902595 1135740
940899 1154820 941469 1155420
894615 1161060 895071 1161660
930297 1154820 930753 1155420
886179 1134180 886977 1134780
994935 1140900 996531 1141980
992427 1135620 993453 1136220
941925 1149540 943521 1150620
940899 1159140 941469 1159740
993567 1144740 995049 1145820
1004739 1126980 1005537 1127580
912171 1144740 913539 1145820
867483 1125540 868281 1126140
943863 1150500 944661 1151100
1004055 1137060 1004853 1137660
1000863 1126980 1001547 1127580
945003 1155780 945801 1156380
952983 1159620 953553 1160220
941811 1159140 942381 1159740
1006107 1127460 1006905 1128060
885495 1153380 886293 1153980
958113 1161540 959367 1162140
943407 1162500 943977 1163100
993567 1135140 995049 1136220
1006791 1129860 1007589 1130460
877173 1130340 878769 1131420
877515 1127940 878313 1128540
925167 1138020 926877 1138620
947853 1125540 949677 1126140
956859 1136100 958455 1137180
890511 1134180 891195 1134780
888687 1157700 889485 1158300
889713 1134660 890397 1135260
998583 1129860 1000293 1130460
898035 1139940 898833 1140540
895983 1149540 896781 1150140
915363 1143780 916161 1144380
883899 1149540 884697 1150140
886065 1146180 886293 1146780
892905 1145700 893133 1146300
877743 1133220 878313 1133820
1002231 1126020 1003029 1126620
904761 1152420 906129 1153500
884127 1139940 884583 1140540
916503 1135140 917073 1135740
1005651 1126500 1006791 1127100
888003 1126500 888687 1127100
878769 1135140 880365 1136220
923001 1132260 923457 1132860
917985 1150020 918213 1150620
1004283 1132260 1005765 1133340
883557 1129380 884697 1129980
895527 1144260 896211 1144860
881391 1130820 881961 1131420
918783 1134180 919581 1134780
995619 1132260 996645 1132860
928815 1131780 929157 1132380
992427 1141380 993111 1141980
954009 1162980 955605 1164060
887775 1134660 888801 1135260
958455 1129380 958911 1129980
950931 1130820 952641 1131420
951045 1128420 952185 1129020
1007247 1125540 1008843 1126620
949107 1154340 950703 1155420
923001 1153380 923229 1153980
949335 1136100 950931 1137180
952527 1143780 953211 1144380
1003143 1135140 1004853 1135740
993453 1142340 994251 1142940
996759 1145220 997329 1145820
865659 1135620 866457 1136220
1002459 1132260 1003941 1133340
880593 1149540 881733 1150140
998127 1132740 999153 1133340
998241 1126500 998697 1127100
1000977 1133700 1001775 1134300
994707 1128420 996303 1129500
998241 1138980 999381 1139580
948537 1144740 949335 1145340
916275 1156260 917073 1156860
952755 1126020 953781 1126620
943863 1160100 944547 1160700
1018647 1163460 1022751 1164060
946827 1153380 948423 1154460
932577 1150500 933261 1151100
882075 1127460 882645 1128060
899289 1138020 899973 1138620
907383 1163460 907611 1164060
923343 1139940 923913 1140540
877743 1137060 878313 1137660
1002687 1129380 1004169 1130460
989691 1135140 991287 1136220
957771 1134660 958341 1135260
1002231 1139940 1003029 1140540
992655 1128420 993225 1129020
1000065 1138020 1001775 1138620
949335 1147620 950931 1148700
939645 1150980 940101 1151580
956631 1163460 957201 1164060
943407 1125540 943863 1126140
877059 1138020 878655 1139100
931437 1136100 932121 1136700
893133 1161540 893817 1162140
952527 1135620 953553 1136220
891765 1130820 892563 1131420
956175 1128900 956973 1129500
940899 1150500 941697 1151100
946485 1155780 947169 1156380
921975 1142340 922659 1142940
946029 1157700 946713 1158300
995961 1126980 996759 1127580
887205 1158660 888915 1159260
898035 1157220 898719 1157820
876261 1132260 877059 1132860
916389 1158660 917073 1159260
986613 1133220 987069 1133820
998241 1137060 999381 1137660
944433 1155780 944661 1156380
913197 1160100 913425 1160700
901797 1139940 902595 1140540
927561 1132260 928245 1132860
956403 1138500 956631 1139100
948423 1158660 948879 1159260
994707 1131780 995163 1132380
900543 1158660 901227 1159260
888801 1136100 889485 1136700
990603 1140900 991173 1141500
886749 1137540 887547 1138140
948993 1149540 949677 1150140
1003143 1136100 1004853 1136700
928359 1159620 929043 1160220
945573 1150020 945801 1150620
1011579 1128900 1012377 1129500
884241 1150500 885153 1151100
877743 1128900 878769 1129500
991059 1138980 992541 1140060
989007 1135140 989577 1135740
915135 1142820 915819 1143420
951729 1139460 952413 1140060
932691 1161540 934059 1162140
918783 1154820 919695 1155420
1009755 1128420 1010325 1129020
878883 1132740 879909 1133340
1004967 1134660 1016025 1135260
992541 1146180 993453 1146780
895185 1157220 895869 1157820
939531 1157700 939759 1158300
911829 1162980 912057 1163580
915933 1147620 916617 1148220
1002117 1137060 1002345 1137660
992199 1143780 992769 1144380
946827 1148100 947397 1148700
877401 1135140 878313 1135740
957315 1138980 957885 1139580
921405 1150020 922089 1150620
883329 1133700 884127 1134300
879681 1139460 881619 1140060
993111 1143300 994593 1143900
1018647 1150980 1022409 1151580
945231 1161540 946029 1162140
1004739 1129380 1006335 1130460
955605 1130340 956745 1130940
950133 1149540 950817 1150140
933489 1128420 934173 1129020
989463 1142820 990033 1143420
936909 1160100 937137 1160700
914337 1145220 915135 1145820
922317 1150980 922545 1151580
890739 1159620 891651 1160220
957885 1154340 960735 1154940
1002801 1133700 1003029 1134300
890625 1157220 891309 1157820
892791 1158180 893475 1158780
896325 1126500 897009 1127100
916275 1153860 916503 1154460
890625 1135140 891309 1135740
905901 1162020 906585 1162620
953553 1138980 954465 1139580
908067 1155300 908979 1155900
954123 1139940 954693 1140540
883215 1130340 884013 1130940
986157 1126980 987069 1127580
956631 1134180 957201 1134780
988893 1136580 989805 1137180
996531 1136580 997101 1137180
906699 1138980 908409 1139580
959025 1126980 960735 1127580
881505 1148100 881733 1148700
1863501 1150980 1865439 1151580
924369 1160100 925167 1160700
893361 1141380 894159 1141980
956859 1135140 957087 1135740
916959 1151460 917643 1152060
860529 1126020 861441 1126620
921177 1129860 921633 1130460
895983 1161060 896439 1161660
903165 1145220 903849 1145820
992541 1130820 992769 1131420
914337 1133220 915135 1133820
992997 1142340 993225 1142940
1020129 1142820 1022067 1143420
947739 1159140 948309 1159740
919467 1142820 919695 1143420
1000863 1134660 1002801 1135260
923685 1137060 924369 1137660
898149 1145700 898605 1146300
887661 1131780 887889 1132380
933375 1146660 934173 1147260
885837 1127460 886407 1128060
955833 1160580 956061 1161180
1018533 1138020 1022295 1138620
893931 1147140 894615 1147740
878427 1126020 878997 1126620
906699 1137060 907725 1137660
1001091 1136100 1001775 1136700
990147 1129380 990603 1129980
882759 1128900 883215 1129500
896895 1153860 897123 1154460
950703 1129860 951273 1130460
893133 1156740 893817 1157340
913311 1125540 913995 1126140
939417 1156260 939645 1156860
998241 1143780 1012947 1144380
919125 1157220 919809 1157820
847761 1153380 862467 1153980
914907 1136100 915135 1136700
918783 1144740 919467 1145340
948195 1128900 948993 1129500
896325 1151460 897009 1152060
999837 1126020 1000521 1126620
990261 1131780 991857 1132380
906813 1136100 907497 1136700
996303 1142820 996987 1143420
885837 1138020 886407 1138620
879681 1129380 879909 1129980
860529 1127940 861441 1128540
923001 1134180 923229 1134780
923229 1147140 923457 1147740
904875 1147620 905103 1148220
989805 1149060 1004511 1149660
1005879 1133220 1020585 1133820
986727 1135140 987069 1135740
880707 1131300 881277 1131900
905673 1156260 906357 1156860
905445 1153860 906129 1154460
847761 1137060 862467 1137660
898719 1160580 899175 1161180
889371 1160100 890055 1160700
857793 1135620 860643 1136220
847761 1155300 877059 1155900
921063 1159140 921747 1159740
887547 1161540 888117 1162140
960621 1141380 989919 1141980
966891 1159140 969741 1159740
910347 1136580 910917 1137180
933033 1144260 933261 1144860
923343 1144260 924027 1144860
908181 1139940 908409 1140540
910119 1143300 911715 1143900
932691 1149540 932919 1150140
986157 1131780 987069 1132380
918897 1152900 919581 1153500
857793 1132740 865203 1133340
940101 1158660 940329 1159260
892449 1157700 892677 1158300
919581 1145700 919809 1146300
919467 1137540 920037 1138140
947169 1134660 954579 1135260
923001 1138980 923229 1139580
916275 1162020 916731 1162620
932007 1125540 932691 1126140
942495 1131300 949905 1131900
1003257 1137060 1003485 1137660
885381 1146180 885609 1146780
1001547 1126020 1002117 1126620
913881 1158180 914109 1158780
943635 1153380 944433 1153980
935313 1146660 935655 1147260
1011351 1130340 1022409 1130940
956403 1131300 956973 1131900
951387 1148580 958797 1149180
902937 1157700 903621 1158300
888117 1133700 889029 1134300
921291 1133220 921747 1133820
917187 1147620 917643 1148220
862695 1137540 864633 1138140
920607 1126500 921633 1127100
900999 1131780 901797 1132380
889257 1150500 890055 1151100
905331 1125540 907269 1126140
936111 1146660 936567 1147260
896211 1140420 896781 1141020
960393 1143780 989691 1144380
921177 1137540 921519 1138140
891993 1156740 892677 1157340
886293 1160580 886521 1161180
910233 1156740 910917 1157340
998241 1127460 1000179 1128060
878427 1136580 879795 1137180
1020471 1131300 1021497 1131900
946371 1149540 948309 1150140
923685 1157220 924483 1157820
857793 1134660 865203 1135260
911145 1129860 911829 1130460
843201 1148100 850611 1148700
1018647 1146180 1022409 1146780
1863501 1146180 1865439 1146780
948537 1159620 948993 1160220
992199 1136580 992997 1137180
928017 1138500 928245 1139100
884811 1137060 885381 1137660
877629 1134180 880479 1134780
887547 1152420 888117 1153020
884469 1127460 885381 1128060
958341 1133700 959367 1134300
1009755 1125540 1020813 1126140
889371 1158660 891309 1159260
993339 1139460 993909 1140060
897237 1147140 897921 1147740
913767 1131300 914337 1131900
880935 1126980 881391 1127580
994593 1139940 996189 1140540
951159 1126500 951729 1127100
916503 1126020 917871 1126620
947853 1141380 949221 1141980
918669 1127460 919125 1128060
944091 1162980 944661 1163580
1859283 1152420 1863045 1153020
990831 1127460 993681 1128060
939075 1150020 939645 1150620
918213 1156740 919011 1157340
983877 1137060 986727 1137660
926307 1148100 926535 1148700
850497 1149060 865203 1149660
923001 1152420 923343 1153020
948651 1138500 949563 1139100
860529 1138500 860757 1139100
888231 1151940 888915 1152540
883671 1126980 884127 1127580
924939 1146660 925167 1147260
1001661 1129380 1001889 1129980
996531 1139940 996987 1140540
930183 1141860 932121 1142460
1022523 1137060 1022751 1137660
914907 1125540 915933 1126140
847761 1159140 862467 1159740
899745 1158180 900429 1158780
938847 1148100 939075 1148700
884241 1152420 886179 1153020
876717 1126500 878313 1127580
945231 1154820 945801 1155420
936339 1142340 936567 1142940
1022523 1141860 1022751 1142460
999495 1140420 1000977 1141020
987297 1130340 990147 1130940
886179 1125540 887205 1126140
1863501 1136580 1865439 1137180
909321 1141860 909549 1142460
1863501 1126980 1865439 1127580
1855521 1153860 1859283 1154460
998127 1130820 998697 1131420
896781 1155300 897237 1155900
847761 1156260 877059 1156860
1855521 1149060 1859283 1149660
921861 1133700 922089 1134300
960621 1149060 968031 1149660
933717 1138020 934401 1138620
923799 1133700 924597 1134300
893247 1143780 894045 1144380
913653 1144260 914109 1144860
991629 1145220 991857 1145820
955263 1162020 956745 1162620
951045 1132260 958455 1132860
949107 1142820 949677 1143420
898719 1137060 899517 1137660
891195 1131300 891423 1131900
885039 1125540 885267 1126140
1004397 1163460 1015455 1164060
843201 1147140 872499 1147740
959481 1136100 988779 1136700
930183 1142820 931209 1143420
887547 1149540 888117 1150140
847761 1160100 877059 1160700
993339 1140900 994365 1141500
989805 1157700 997215 1158300
938049 1139460 949107 1140060
973389 1129380 980799 1129980
1859283 1142820 1863045 1143420
874779 1133220 877629 1133820
920721 1140420 921405 1141020
893475 1142820 894045 1143420
843201 1150020 872499 1150620
932463 1156260 933261 1156860
996303 1134180 996987 1134780
893703 1132260 893931 1132860
921975 1135620 922773 1136220
847761 1135140 855171 1135740
982509 1153860 1011807 1154460
988893 1140420 989577 1141020
867483 1127940 874893 1128540
994251 1126500 994593 1127100
996417 1162020 998355 1162620
925167 1145700 925737 1146300
986271 1138020 986841 1138620
915819 1137540 916845 1138140
960963 1151460 990261 1152060
940329 1137540 955035 1138140
1006107 1136580 1017165 1137180
1855521 1134660 1859283 1135260
950817 1138980 951045 1139580
862011 1138500 864861 1139100
1018647 1140420 1022409 1141020
947283 1155300 948309 1155900
921291 1131780 922317 1132380
901683 1144740 903051 1145340
847761 1162980 862467 1163580
947055 1150500 947397 1151100
987297 1162020 994707 1162620
1859283 1162020 1863045 1162620
847761 1162020 877059 1162620
896097 1148100 896667 1148700
943407 1129380 944433 1129980
843201 1140420 872499 1141020
950019 1146660 957429 1147260
957201 1157220 986499 1157820
1863501 1141380 1865439 1141980
909435 1135140 910005 1135740
989805 1160580 1004511 1161180
857793 1139460 872499 1140060
1006335 1128420 1009185 1129020
991971 1140420 992541 1141020
956403 1160580 959253 1161180
885381 1159620 886407 1160220
949449 1156740 956859 1157340
876945 1159140 884355 1159740
884697 1128420 886293 1129020
951387 1158180 958797 1158780
921063 1162980 921747 1163580
933717 1149060 934743 1149660
987867 1131780 989805 1132380
1013745 1143300 1016595 1143900
1010781 1127940 1014543 1128540
935085 1136580 936681 1137180
961875 1139940 976581 1140540
897123 1138980 897579 1139580
993795 1146660 996645 1147260
926877 1158180 927333 1158780
890967 1137540 891537 1138140
950475 1145700 957885 1146300
957771 1156260 987069 1156860
1018647 1139460 1022409 1140060
996303 1135140 996987 1135740
1022295 1131780 1022751 1132380
1003257 1125540 1004853 1126140
921291 1135140 921747 1135740
957999 1138500 959367 1139100
847761 1143780 862467 1144380
925167 1143780 925737 1144380
887889 1143300 888915 1143900
889029 1162500 890625 1163100
843201 1150980 872499 1151580
989805 1159620 1004511 1160220
908751 1145220 909777 1145820
843201 1139460 850611 1140060
876717 1136100 877059 1136700
998241 1147620 1012947 1148220
993567 1150500 996417 1151100
843201 1126980 872499 1127580
930183 1143780 930753 1144380
900087 1150020 900885 1150620
990375 1138500 990945 1139100
867369 1137060 874779 1137660
993453 1162980 996303 1163580
919011 1126500 920037 1127100
896895 1131780 897237 1132380
940215 1148100 942153 1148700
908409 1134660 908979 1135260
908751 1126980 910689 1127580
903735 1137060 904077 1137660
894387 1158660 898149 1159260
847761 1144740 862467 1145340
898605 1152420 898947 1153020
946371 1154820 946713 1155420
904647 1161540 904989 1162140
893703 1148580 894273 1149180
926307 1145700 926649 1146300
993909 1155300 995847 1155900
950703 1144740 958113 1145340
847761 1129380 862467 1129980
892563 1144740 893133 1145340
901227 1157700 902253 1158300
1003599 1139940 1018305 1140540
847761 1131300 858819 1131900
945459 1133700 948309 1134300
888231 1140420 888801 1141020
876945 1162980 888003 1163580
880935 1137060 881505 1137660
910119 1129860 910689 1130460
946257 1126500 946713 1127100
906699 1148580 908067 1149180
881847 1139940 883785 1140540
958455 1135140 965865 1135740
998241 1152420 1012947 1153020
970197 1159140 977607 1159740
980685 1138980 988095 1139580
1015911 1146180 1017393 1146780
973503 1126500 984561 1127100
862695 1127940 866457 1128540
1003599 1138980 1018305 1139580
888345 1150020 889029 1150620
891081 1140420 891537 1141020
928701 1139940 929043 1140540
879795 1126020 881733 1126620
1018647 1141380 1022409 1141980
867255 1132740 874665 1133340
938619 1156740 939189 1157340
885381 1161540 886407 1162140
991971 1151460 992541 1152060
911259 1133220 911829 1133820
949335 1128900 949677 1129500
901113 1126980 902595 1127580
933831 1125540 934173 1126140
1022295 1145220 1022751 1145820
1004397 1156740 1015455 1157340
958341 1128420 973047 1129020
916959 1130820 917415 1131420
847761 1130340 855171 1130940
847761 1154340 862467 1154940
911715 1126980 912741 1127580
1863501 1131780 1865439 1132380
998241 1144740 1012947 1145340
884697 1147620 885723 1148220
997101 1129860 998127 1130460
975213 1142340 986271 1142940
975213 1133700 986271 1134300
847761 1152420 877059 1153020
872385 1146180 883443 1146780
946029 1156740 947055 1157340
1007475 1127460 1008045 1128060
876945 1161060 884355 1161660
1013631 1128900 1018761 1129500
876945 1151460 884355 1152060
959253 1140420 960735 1141020
843201 1141380 872499 1141980
983877 1128420 986727 1129020
900315 1160580 901341 1161180
918783 1151940 919809 1152540
998241 1145700 1012947 1146300
935199 1137540 936681 1138140
881163 1133700 882189 1134300
959253 1158660 960735 1159260
996873 1138020 998355 1138620
941241 1132260 948651 1132860
959253 1151940 960735 1152540
850497 1133700 865203 1134300
950019 1153380 957429 1153980
1018647 1126980 1022409 1127580
937251 1149540 937707 1150140
996873 1125540 998355 1126140
958113 1147620 987411 1148220
895299 1140900 895869 1141500
866115 1131300 866685 1131900
946257 1161540 946599 1162140
956631 1151940 958569 1152540
1840929 1163460 1855635 1164060
943863 1126980 944205 1127580
888687 1137060 889029 1137660
898377 1155780 898947 1156380
900087 1154340 900657 1154940
933831 1144260 934173 1144860
921177 1151940 921747 1152540
996873 1150500 998355 1151100
951159 1149540 958569 1150140
889029 1163460 890055 1164060
921291 1162020 921747 1162620
992655 1150500 992997 1151100
1004283 1133700 1004625 1134300
996873 1141860 998355 1142460
1017279 1143300 1018761 1143900
1021041 1134180 1022067 1134780
960621 1163460 968031 1164060
1859283 1138020 1863045 1138620
972591 1138020 983649 1138620
882759 1126980 883101 1127580
865659 1133220 866685 1133820
993111 1151460 996873 1152060
887547 1146660 888231 1147260
940215 1125540 940785 1126140
1004397 1161540 1015455 1162140
927675 1142340 929043 1142940
923001 1159620 924027 1160220
1003143 1141380 1014201 1141980
959253 1152900 960735 1153500
897579 1142340 897921 1142940
972819 1125540 987525 1126140
1000179 1132260 1000521 1132860
994023 1130820 995049 1131420
873525 1126500 876375 1127100
916275 1127940 916617 1128540
957429 1155300 964839 1155900
916275 1126980 916617 1127580
959253 1129860 960735 1130460
894387 1151940 894729 1152540
960621 1145220 989919 1145820
921177 1147140 922203 1147740
935199 1152420 936225 1153020
903735 1132740 904077 1133340
887775 1136100 888459 1136700
864747 1137060 865089 1137660
923001 1150500 924027 1151100
897921 1150020 898947 1150620
954807 1142340 958569 1142940
948879 1133700 949449 1134300
878427 1131780 879225 1132380
1022523 1125540 1022751 1126140
971907 1153380 979317 1153980
946827 1158660 947511 1159260
944547 1151460 944889 1152060
1017279 1145220 1018761 1145820
923001 1133220 923343 1133820
916161 1129380 916503 1129980
923685 1138020 924027 1138620
989805 1158660 1004511 1159260
847761 1128420 858819 1129020
998241 1146660 1012947 1147260
990603 1145700 990945 1146300
877287 1125540 877857 1126140
1859283 1157220 1863045 1157820
1020699 1136100 1022637 1136700
960621 1146180 989919 1146780
975213 1132740 982623 1133340
1855521 1144260 1859283 1144860
929841 1131300 930069 1131900
945003 1126500 945573 1127100
944547 1126980 944889 1127580
959253 1150020 960735 1150620
1000749 1132260 1001775 1132860
913767 1148100 914793 1148700
993339 1138500 993681 1139100
937707 1146660 938049 1147260
903393 1125540 904419 1126140
