G1:
935085 1151460 936453 1152540
934971 1149540 936339 1150620
931437 1146660 932805 1147740
930069 1152420 931437 1153500
916161 1143300 917187 1143900
931209 1134180 932235 1134780
918669 1145700 919695 1146300
913653 1162500 914679 1163100
923343 1163460 925167 1164060
913653 1151460 914679 1152060
911145 1153380 912171 1153980
911145 1135140 912171 1135740
910233 1162500 911259 1163100
907725 1154820 908751 1155420
904533 1160100 905559 1160700
901113 1158660 902139 1159260
908865 1157700 910119 1158300
893589 1137540 894615 1138140
898605 1126500 899631 1127100
901113 1162500 902139 1163100
892677 1139940 893703 1140540
917757 1152900 919011 1153500
914907 1158180 916731 1158780
891765 1162500 892791 1163100
891081 1156740 892107 1157340
910803 1148100 912627 1148700
891081 1126980 892107 1127580
942267 1159140 944091 1159740
908295 1138500 910119 1139100
937821 1156260 939531 1156860
927675 1159140 929499 1159740
922659 1157700 924483 1158300
919923 1139940 921747 1140540
886293 1127460 887547 1128060
913881 1133700 915135 1134300
893247 1131780 895071 1132380
909663 1158660 911487 1159260
937365 1153380 938733 1154460
918327 1132260 919923 1132860
904875 1131300 906471 1131900
898263 1133220 900087 1133820
900771 1150020 902595 1150620
913995 1131780 915819 1132380
916389 1129380 917643 1129980
896325 1163460 897579 1164060
938391 1145220 940215 1145820
878199 1133220 879795 1133820
907383 1128900 908979 1129500
901341 1142340 902595 1142940
898263 1145220 900087 1145820
884013 1133700 886407 1134300
916389 1148100 917643 1148700
928017 1138020 929271 1138620
905673 1155780 906927 1156380
903849 1158660 905103 1159260
934971 1131780 936567 1132380
893247 1141860 895071 1142460
921633 1136100 924027 1136700
905103 1141380 906927 1141980
929613 1149540 930981 1150620
930183 1129860 932007 1130460
936453 1147620 937821 1148700
937593 1149540 938961 1150620
908865 1155300 910119 1155900
884811 1130340 886407 1130940
905103 1128420 906927 1129020
922659 1130820 924255 1131420
922431 1149060 924027 1149660
905673 1146660 906927 1147260
888117 1154340 889371 1154940
925851 1134180 927447 1134780
931551 1149060 932349 1149660
922431 1138500 924027 1139100
892335 1156260 893931 1156860
896325 1160100 897579 1160700
951501 1140900 952869 1141980
939987 1162020 941583 1162620
917415 1125540 919011 1126140
917643 1157220 919239 1157820
903279 1150980 904875 1151580
898263 1161060 899859 1161660
927675 1152900 929499 1153500
903507 1155300 905331 1155900
931095 1142340 932919 1142940
930183 1136580 932007 1137180
948993 1162020 950361 1163100
941469 1162980 942837 1164060
884013 1150980 886407 1151580
934059 1147620 935427 1148700
921633 1125540 924027 1126140
887547 1148100 889371 1148700
884013 1135620 886407 1136220
886179 1144740 888003 1145340
943977 1161060 945345 1162140
954009 1162020 955377 1163100
951501 1161060 952869 1162140
884013 1147140 886407 1147740
910119 1137060 911943 1137660
937935 1146660 938847 1147260
921633 1162020 924027 1162620
921633 1159140 924027 1159740
884013 1149060 886407 1149660
933945 1162020 935313 1163100
941469 1160100 942837 1161180
897579 1127940 899403 1128540
898833 1152420 900087 1153020
921633 1145700 924027 1146300
884013 1138500 886407 1139100
949107 1140900 950475 1141980
893703 1161540 895527 1162140
884013 1150020 886407 1150620
941469 1154340 942837 1155420
884013 1140420 886407 1141020
946485 1161060 947853 1162140
943977 1154340 945345 1155420
884013 1148100 886407 1148700
921633 1127460 924027 1128060
884013 1136580 886407 1137180
934059 1143780 935427 1144860
939987 1151460 941355 1152540
938961 1160100 940329 1161180
927447 1146660 928815 1147740
931437 1161060 932805 1162140
936453 1162020 937821 1163100
932007 1151460 933375 1152540
946485 1162980 947853 1164060
941811 1157220 943179 1158300
926535 1162020 927903 1163100
934743 1156260 936111 1157340
938961 1162980 940329 1164060
936453 1159140 937821 1160220
939075 1153380 940443 1154460
938961 1147620 940329 1148700
944547 1162980 945915 1164060
933945 1154340 935313 1155420
932349 1162980 933717 1164060
930069 1157220 931437 1158300
933945 1160100 935313 1161180
929727 1146660 931095 1147740
932235 1153380 933603 1154460
930069 1155300 931437 1156380
930069 1162980 931437 1164060
928929 1160100 930297 1161180
937365 1151460 938733 1152540
936453 1157220 937821 1158300
913311 1129380 915021 1129980
947055 1143780 948423 1144860
926763 1160100 928131 1161180
932463 1148580 933831 1149660
932577 1157220 933945 1158300
910803 1150500 912513 1151100
939873 1132260 941355 1132860
917757 1141380 919467 1141980
902709 1146660 904419 1147260
927333 1130340 928815 1130940
925053 1160100 926421 1161180
912285 1126500 913767 1127100
885381 1141380 886863 1141980
902253 1133220 903735 1133820
897921 1140420 899403 1141020
928017 1145220 929499 1145820
935541 1136100 937023 1136700
910803 1145700 912285 1146780
923001 1144740 924483 1145340
932463 1135140 933831 1137180
905217 1156740 906927 1157340
919923 1146660 921291 1148700
880365 1134180 881847 1134780
921177 1141380 922887 1141980
926421 1135140 927789 1137180
939987 1156260 941697 1156860
892563 1154340 893703 1154940
897579 1158180 898719 1158780
923001 1137540 924483 1138140
907953 1142340 909435 1142940
927675 1154340 929157 1155420
905445 1136100 906927 1136700
918555 1155300 920037 1156380
930525 1153860 932007 1154460
921177 1160580 922659 1161180
885381 1137540 886863 1138140
902139 1138020 903507 1140060
888801 1141860 890169 1143900
932235 1155300 933603 1156380
898833 1155300 900201 1157340
919923 1150500 921291 1152540
907611 1137540 908751 1138140
920949 1153860 922659 1154460
892677 1149540 894159 1150620
906015 1150500 907497 1151580
929271 1127460 930639 1129500
878541 1138980 880023 1139580
897579 1129380 899061 1130460
923001 1129380 924483 1129980
931779 1145700 933489 1146300
879453 1138020 880935 1138620
913881 1140900 915249 1142940
908637 1161060 910005 1162140
892677 1134660 894387 1135260
925167 1150500 926649 1151580
938391 1141860 940101 1142460
905901 1162500 907611 1163100
898377 1131300 899859 1132380
908067 1146660 909549 1147740
916161 1154340 917643 1155420
896097 1148580 897579 1149660
861441 1136100 863151 1136700
895185 1135140 896895 1135740
861441 1134180 863151 1134780
906243 1158660 907383 1159260
913311 1138020 915021 1138620
915249 1149540 916959 1150140
1001091 1127940 1002801 1128540
893589 1152420 895299 1153020
900771 1156260 902481 1156860
907611 1153860 908751 1154460
937707 1126980 939417 1127580
918327 1142340 920037 1142940
895755 1152420 897465 1153020
892563 1157700 894273 1158300
910803 1156740 912513 1157340
935541 1142820 936567 1143900
930867 1138020 932577 1138620
932805 1131300 934515 1131900
887319 1162020 889029 1162620
918783 1148100 919695 1148700
892563 1146180 894273 1146780
925167 1152900 926877 1153500
915135 1137060 916845 1137660
903279 1134660 904989 1135260
925965 1132260 927675 1132860
910803 1143780 912513 1144380
887547 1135620 888687 1136220
905787 1138980 906813 1140060
900999 1151460 902025 1152060
915135 1134660 916845 1135260
905787 1132260 907497 1132860
916161 1159140 917643 1160220
888231 1136580 889941 1137180
908295 1139940 910005 1140540
958569 1137540 960735 1138140
895071 1156740 896211 1157340
900771 1130340 901797 1131420
892563 1128900 893703 1129500
916275 1130340 917415 1130940
897579 1156740 898491 1157340
908295 1151460 910005 1152060
928017 1143780 929043 1144860
893703 1127460 894615 1128060
895755 1137060 896781 1138140
945801 1153380 946941 1153980
906927 1126020 908067 1126620
913197 1157220 914223 1158300
895755 1140900 897465 1141500
895413 1145700 896439 1146780
925167 1141380 926307 1141980
902595 1153860 903507 1154460
915477 1140420 916617 1141020
918783 1149060 919923 1149660
900429 1128420 901569 1129020
929955 1138980 931665 1139580
893703 1153380 894615 1153980
936225 1138020 937251 1139100
922431 1132740 923343 1133340
902937 1131300 903963 1132380
890625 1129380 891651 1130460
913425 1144740 914451 1145820
998241 1141860 999381 1142460
911259 1131300 912171 1131900
890967 1161060 891993 1161660
930297 1150980 931437 1151580
900087 1125540 900999 1126140
884811 1131300 885723 1131900
918783 1159620 919923 1160220
916161 1138500 917301 1139100
890853 1153380 891993 1153980
887547 1150020 888459 1150620
941241 1127940 942381 1128540
891195 1155300 892107 1155900
895071 1133220 896439 1134300
887547 1159620 888573 1160220
897807 1147620 898719 1148220
907953 1131780 909093 1132380
944661 1159620 945801 1160220
907611 1157700 908637 1158300
918555 1137540 919581 1138140
917871 1162020 919011 1162620
925395 1130820 926307 1131420
893703 1162980 894729 1164060
997899 1131780 998925 1132380
913539 1127940 914565 1128540
920379 1156260 921405 1156860
928017 1163460 929157 1164060
912855 1130340 913881 1130940
900315 1160100 901341 1160700
903507 1161060 904533 1161660
900087 1140900 901113 1141500
910347 1133220 911373 1133820
905901 1130340 907041 1130940
916275 1150980 917187 1151580
896325 1141860 897693 1143900
887547 1128900 888573 1129500
1008159 1130340 1008729 1131420
928587 1134660 929613 1135260
905331 1144740 906471 1145340
898035 1143300 899175 1143900
897123 1144740 898149 1145340
925737 1157700 926877 1158300
925965 1156260 926535 1157340
934401 1159140 935313 1159740
923001 1146660 924141 1147260
907953 1148580 909093 1149180
898263 1153380 898947 1154460
930981 1144740 931551 1145820
935769 1153380 936681 1153980
1021839 1138980 1022751 1139580
1003827 1132260 1004397 1133340
946941 1159140 947853 1159740
911259 1141860 911829 1142940
996189 1138020 996645 1138620
900885 1136100 901455 1137180
890283 1144740 891423 1145340
925395 1142820 926649 1143420
948993 1135140 949563 1136220
884241 1144740 885381 1145340
885267 1132260 886407 1132860
958227 1134660 959025 1135260
893589 1151460 894729 1152060
937023 1155300 938163 1155900
925395 1151940 926421 1152540
941241 1158660 942153 1159260
910803 1149540 911715 1150140
898833 1149540 900201 1151580
900315 1143300 901455 1143900
906243 1137060 906813 1138140
999837 1135620 1000293 1136220
945687 1155780 946599 1156380
925965 1129380 926535 1130460
888231 1139940 889371 1140540
918441 1128420 919011 1129500
914451 1146660 915249 1147260
941355 1144740 941925 1145820
927789 1150980 929157 1151580
993339 1126500 994365 1127100
922089 1155780 923343 1156380
991971 1133220 993453 1134300
995619 1131780 996645 1132380
1021839 1128420 1022751 1129020
917871 1143780 919011 1144380
936453 1129380 937821 1131420
938619 1128420 939189 1129500
934287 1126980 935199 1127580
925167 1154340 926535 1155420
908751 1162980 909321 1164060
1003143 1130340 1003713 1131420
896211 1138500 897009 1139100
990945 1137540 991401 1138140
888915 1145700 889941 1146300
893361 1147620 893931 1148700
902481 1162020 903279 1162620
1006335 1130340 1006905 1131420
890967 1140900 891537 1141980
891081 1134180 892221 1134780
996759 1127460 998355 1128060
919467 1130340 920037 1131420
915021 1161060 916389 1163100
907611 1133220 908979 1134300
911259 1155300 912627 1156380
903735 1141860 904305 1142940
923799 1139940 924939 1140540
890283 1148580 891423 1149180
899061 1157700 899859 1158300
945459 1126500 946371 1127100
933831 1129380 934515 1130460
891195 1160100 892335 1160700
885267 1129380 886065 1129980
930639 1130820 931779 1131420
918213 1158180 919353 1158780
891081 1151460 892449 1152540
890169 1149540 891537 1150620
903963 1147620 904989 1148220
903165 1136100 904305 1136700
1840929 1135140 1865439 1135740
918783 1162980 919923 1163580
912855 1149540 914109 1150140
913995 1135620 915021 1136220
883329 1158660 885495 1159260
907839 1149540 908979 1150140
895299 1144740 896325 1145340
922887 1150980 924027 1151580
909321 1127460 910119 1128060
918555 1135620 920151 1136220
951501 1143300 952413 1143900
1826337 1155300 1841043 1156380
905787 1133220 906471 1134300
898719 1138980 900087 1140060
898263 1138020 899403 1138620
888687 1137540 889827 1138140
916503 1153380 917529 1153980
921519 1152900 922545 1153500
948765 1160100 949449 1161180
917643 1134180 918669 1134780
898035 1136100 898833 1136700
926535 1139460 927561 1140060
895071 1150980 896667 1151580
888687 1134660 889827 1135260
934059 1135620 935085 1136220
908181 1130820 909321 1131420
892677 1140900 893475 1141500
933375 1138980 934059 1140060
886179 1126500 887433 1127100
902481 1126500 903849 1127580
916275 1147140 917073 1147740
943065 1129860 943977 1130460
895641 1139940 896781 1140540
891423 1145700 892449 1146300
1012833 1158180 1022751 1158780
1014087 1141380 1018761 1141980
940329 1128900 941583 1129500
908751 1135140 909549 1135740
898719 1134180 899517 1134780
897579 1146660 898605 1147260
952185 1139940 952983 1140540
928815 1125540 930069 1126140
1015341 1148100 1018761 1148700
913881 1138980 914679 1139580
897351 1134180 898149 1134780
887775 1147140 888801 1147740
890283 1146660 891309 1147260
903621 1152900 904875 1153500
913995 1148580 915021 1149180
932463 1150020 933261 1150620
926535 1140420 927561 1141020
895185 1142820 895983 1143420
902709 1125540 903507 1126140
905331 1148580 906357 1149180
894729 1157700 895527 1158300
898719 1159620 899517 1160220
907953 1136580 908751 1137180
929043 1131780 930069 1132380
960621 1147140 989919 1147740
911145 1140420 912399 1141020
928473 1133700 929841 1134300
920379 1144260 921405 1144860
909207 1153860 910233 1154460
893703 1130820 894957 1131420
910461 1130340 911715 1130940
900315 1134660 901341 1135260
898719 1163460 899973 1164060
901227 1152900 902481 1153500
891195 1163460 892563 1164060
932691 1137540 934059 1138140
895071 1147620 896097 1148220
1004397 1147140 1015455 1147740
892563 1143300 894045 1143900
913653 1153860 914451 1154460
1000635 1140900 1001889 1141500
893703 1136100 894957 1136700
906243 1160580 907041 1161180
937935 1126020 938847 1126620
913767 1154820 915021 1155420
933831 1132740 935199 1133340
902823 1143780 903849 1144380
920151 1138500 921519 1139100
891195 1138980 892449 1139580
996759 1151460 998355 1152060
917301 1150020 918099 1150620
897693 1155780 898491 1156380
953895 1142340 954921 1142940
903735 1137540 905103 1138140
921063 1163460 922317 1164060
942723 1128900 948309 1129500
916275 1144740 917643 1145340
922659 1151940 923457 1152540
907725 1134660 908523 1135260
931323 1132260 932691 1132860
940215 1130340 941583 1130940
941013 1143780 942381 1144380
905103 1157700 906471 1158300
895071 1129860 896439 1130460
960621 1127940 993567 1128540
920835 1154820 922089 1155420
923001 1142820 924255 1143420
911259 1154340 912627 1154940
913767 1163460 915135 1164060
925167 1149060 925851 1149660
900201 1129380 901455 1129980
922773 1134660 924141 1135260
933717 1141860 935199 1142460
911145 1132260 912513 1132860
885381 1139460 886635 1140060
937821 1137060 939189 1137660
940329 1142820 941583 1143420
895299 1128420 896895 1129020
1021383 1131300 1022751 1131900
940215 1126020 941697 1126620
902595 1129860 904077 1130460
935655 1133700 937023 1134300
902595 1148580 903963 1149180
887547 1130340 888915 1130940
944319 1158180 945801 1158780
893589 1138500 895071 1139100
993453 1136100 994365 1136700
926307 1126020 927675 1126620
923001 1161060 924255 1161660
900657 1147620 902253 1148220
890055 1135620 891537 1136220
908181 1144740 909777 1145340
910347 1136100 911145 1136700
905217 1145700 906471 1146300
911259 1159620 912513 1160220
1840929 1137060 1865439 1137660
937821 1140420 939417 1141020
886179 1153380 886977 1153980
908637 1160100 910005 1160700
916161 1135620 917415 1136220
892563 1133700 893931 1134300
913653 1132740 915021 1133340
915477 1152420 916731 1153020
913767 1155780 915021 1156380
893703 1126020 894957 1126620
890625 1125540 891423 1126140
906015 1152900 907611 1153500
900087 1153860 901455 1154460
899403 1158660 900657 1159260
916161 1155780 917415 1156380
882987 1138020 883785 1138620
933261 1133700 934515 1134300
888687 1127460 890055 1128060
927789 1142820 929043 1143420
918783 1161060 920037 1161660
928815 1140900 930183 1141500
864747 1138020 865773 1139100
947853 1126020 949221 1126620
900201 1148580 901455 1149180
886179 1131300 887433 1131900
896895 1126500 898149 1127100
843201 1152420 847875 1153020
887775 1138980 889371 1139580
937935 1158180 939531 1158780
895299 1150020 896781 1150620
931551 1158660 932691 1159260
1010781 1127460 1021839 1128060
885153 1154340 886407 1154940
922545 1154820 924027 1155420
922089 1129860 922887 1130460
890967 1137060 892449 1137660
881163 1135140 882645 1135740
925167 1146180 926649 1146780
937707 1142820 939189 1143420
892563 1145220 893931 1145820
903735 1162980 905103 1163580
913539 1152900 914337 1153500
896097 1136100 896895 1136700
959253 1133700 975327 1134300
1015341 1159620 1018761 1160220
934743 1145700 935883 1146300
879909 1126500 881163 1127100
897807 1150500 898605 1151100
904419 1125540 905445 1126140
868167 1125540 877401 1126140
892335 1158660 893133 1159260
956859 1129380 958455 1129980
885381 1134660 886863 1135260
1015341 1154820 1018761 1155420
890055 1138020 891537 1138620
908295 1145700 909663 1146300
927675 1129380 929043 1129980
862353 1132260 863607 1132860
917757 1126500 919125 1127100
878199 1126500 878997 1127100
916161 1131300 917643 1131900
892791 1129860 893589 1130460
927675 1141860 929043 1142460
958569 1139460 960735 1140060
1009071 1128420 1009869 1129020
899289 1142340 900543 1142940
949791 1131300 951387 1132380
888687 1131780 890055 1132380
861441 1126500 862695 1127100
1840929 1134180 1865439 1134780
882759 1132260 884355 1132860
892791 1159620 894387 1160220
950817 1160100 951615 1160700
1021383 1140900 1022751 1141500
1843323 1162020 1859397 1162620
888459 1156740 890055 1157340
882987 1135620 883785 1136220
1840929 1162980 1865439 1163580
1826337 1159140 1841043 1160220
935997 1139940 937593 1140540
942153 1151940 943407 1152540
1826337 1145700 1841043 1146780
911259 1128420 912627 1129020
905445 1142820 907041 1143420
903963 1126500 904989 1127100
920151 1128420 921747 1129020
948879 1155300 949677 1155900
843201 1145700 847875 1146300
976353 1140900 987411 1141500
1840929 1141860 1865439 1142460
992883 1150500 993681 1151100
1015341 1150980 1018761 1151580
861441 1128420 862695 1129020
911031 1129380 911829 1129980
891195 1127940 892563 1128540
1859169 1140420 1865439 1141020
996873 1134180 1000179 1134780
901113 1163460 902595 1164060
930753 1139940 931551 1140540
889485 1162020 890739 1162620
1843323 1142820 1859397 1143420
910119 1134180 911487 1134780
1840929 1131300 1865439 1131900
1015341 1161540 1018761 1162140
1018647 1135620 1022751 1136220
928245 1151940 929043 1152540
936909 1160580 938163 1161180
865887 1137060 867483 1137660
913653 1159140 915021 1159740
891651 1126020 892677 1126620
938619 1129860 939417 1130460
916047 1142340 916845 1142940
959253 1138500 975327 1139100
958341 1136100 959595 1136700
1012833 1145700 1022751 1146300
958569 1156740 960735 1157340
912855 1136580 914451 1137180
888117 1158180 888915 1158780
1015341 1151940 1018761 1152540
882417 1140900 883671 1141500
943521 1127460 945117 1128060
883557 1125540 884469 1126140
1840929 1148580 1865439 1149180
920835 1133700 921975 1134300
908181 1143300 908979 1143900
995619 1125540 996189 1126140
895299 1131300 896895 1131900
921975 1140420 922773 1141020
872385 1150020 883443 1150620
887547 1161060 888345 1161660
1015341 1150020 1018761 1150620
881619 1138980 883215 1140060
949905 1132740 951159 1133340
930525 1132260 930753 1132860
898605 1162020 899973 1162620
1840929 1132260 1865439 1132860
890055 1130820 890853 1131420
1840929 1143780 1865439 1144380
883329 1146180 885495 1146780
1840929 1153380 1865439 1153980
884241 1153380 885609 1153980
1840929 1144740 1865439 1145340
1004397 1160580 1015455 1161180
959253 1134660 975327 1135260
1843323 1157220 1859397 1157820
885381 1156740 886749 1157340
903165 1157220 903963 1157820
1012833 1162980 1022751 1163580
959139 1146180 960735 1146780
996873 1157220 1012947 1157820
899859 1144260 900087 1144860
862353 1154340 880707 1154940
925395 1126980 926421 1127580
850497 1152900 883443 1153500
930183 1143300 931779 1143900
1017165 1131780 1018761 1132380
1840929 1150500 1865439 1151100
1018647 1133700 1022751 1134300
920379 1127460 921405 1128060
1840929 1129380 1865439 1129980
883329 1143300 885495 1143900
941355 1126980 942267 1127580
921633 1144260 922773 1144860
1843323 1133220 1859397 1133820
1018647 1132740 1022751 1133340
959253 1128900 975327 1129500
843201 1162020 847875 1162620
996759 1161060 998355 1161660
952983 1143300 959367 1143900
930753 1135140 931665 1135740
1015341 1156740 1018761 1157340
1015341 1155780 1018761 1156380
936909 1145700 937137 1146300
1862931 1162020 1865439 1162620
959139 1126020 960735 1126620
890511 1154340 891423 1154940
843201 1153380 847875 1153980
956061 1153860 960735 1154460
1018647 1136580 1022751 1137180
943749 1151940 945345 1152540
885153 1125540 886293 1126140
1840929 1130340 1865439 1130940
862353 1148580 880707 1149180
1840929 1136100 1865439 1136700
1012833 1143780 1022751 1144380
994935 1129380 998355 1129980
872385 1150980 883443 1151580
1015341 1149060 1018761 1149660
903051 1127940 904419 1128540
993111 1141860 993909 1142460
888231 1149060 889143 1149660
956061 1150980 960735 1151580
1840929 1149540 1865439 1150140
883329 1159620 885495 1160220
1840929 1161060 1865439 1161660
1826337 1126500 1841043 1127580
1843323 1147620 1859397 1148220
1859169 1155780 1863615 1156380
865089 1163460 883443 1164060
867483 1131780 878541 1132380
1001661 1133700 1002345 1134300
1843323 1138020 1859397 1138620
907269 1160100 908409 1160700
993339 1146180 994137 1146780
1840929 1151460 1865439 1152060
985473 1143300 991059 1143900
916845 1128420 917301 1129020
1826337 1138980 1841043 1140060
1018647 1137540 1022751 1138140
941469 1131300 942609 1131900
989235 1132260 990033 1132860
996873 1142820 1012947 1143420
992883 1148100 993567 1148700
883329 1157700 885495 1158300
855057 1135140 866115 1135740
1840929 1154340 1865439 1154940
942267 1145700 942837 1146300
996873 1148580 1005651 1149180
847761 1147620 880707 1148220
1840929 1125540 1865439 1126140
883329 1161540 885495 1162140
1001091 1131780 1002573 1132380
1012833 1144740 1022751 1145340
946713 1157220 947397 1157820
1016595 1129860 1018761 1130460
867255 1135620 878313 1136220
883329 1155780 885495 1156380
900315 1146180 901113 1146780
1018647 1152900 1022751 1153500
994479 1143300 995277 1143900
1859169 1159620 1865439 1160220
959253 1142340 975327 1142940
923571 1141380 924027 1141980
947967 1162020 948765 1162620
881049 1128900 881847 1129500
958569 1131780 960735 1132380
843201 1158180 847875 1158780
1018647 1147140 1022751 1147740
843201 1161060 847875 1161660
1859169 1146180 1863615 1146780
1016595 1138500 1018761 1139100
1843323 1152420 1859397 1153020
883329 1162500 885495 1163100
843201 1156260 847875 1156860
883329 1142340 885495 1142940
843201 1157220 847875 1157820
1001661 1138020 1002345 1138620
1843323 1128420 1859397 1129020
939075 1149060 940215 1149660
959253 1132740 975327 1133340
861099 1131300 862581 1131900
1840929 1158180 1865439 1158780
1018647 1134660 1022751 1135260
938277 1138020 938505 1138620
959139 1160580 960735 1161180
862353 1139940 880707 1140540
875805 1127460 878313 1128060
905217 1149540 905445 1150140
986955 1133220 987981 1134300
996759 1152420 998355 1153020
986727 1137060 987753 1138140
896895 1125540 897921 1126140
906471 1147620 907269 1148220
921519 1126500 923115 1127100
919923 1137060 921291 1138140
898947 1146660 899973 1147260
1018647 1142340 1022751 1142940
843201 1146660 847875 1147260
904191 1138500 904989 1139100
886407 1160580 887433 1161180
1017165 1153860 1018761 1154460
916275 1133220 916503 1133820
993339 1143780 994137 1144380
942039 1152900 943065 1153500
951045 1125540 956631 1126140
901227 1161060 902253 1161660
972933 1137060 983991 1137660
843201 1155300 847875 1155900
918213 1160580 918441 1161180
943293 1156740 943521 1157340
920151 1158180 920949 1158780
959139 1141380 960735 1141980
866571 1125540 867597 1126620
888687 1155300 889485 1155900
892449 1138020 892677 1138620
932463 1127940 933489 1128540
909207 1141380 910005 1141980
919011 1150020 919239 1150620
866571 1133220 867597 1134300
986955 1126500 987981 1127580
931779 1141380 932577 1141980
865089 1144260 883443 1144860
987867 1135140 989007 1135740
954465 1136100 956973 1136700
883329 1160580 885495 1161180
949905 1155780 959139 1156380
914907 1139940 915363 1140540
925623 1143780 926421 1144380
843201 1160100 847875 1160700
926307 1149540 927333 1150140
992883 1154340 993681 1154940
918669 1139940 919125 1140540
941469 1150980 942609 1151580
996189 1128420 998355 1129020
933033 1126500 933489 1127100
928929 1126500 930069 1127100
843201 1162980 847875 1163580
843201 1148580 847875 1149180
954465 1137060 956973 1137660
896781 1145220 897009 1145820
877173 1128420 879681 1129020
991173 1135140 993681 1135740
895185 1143780 895413 1144380
881391 1136100 882189 1136700
946257 1127460 946485 1128060
937137 1134180 955491 1134780
937593 1143780 937821 1144380
953439 1159620 959025 1160220
920151 1129380 921291 1129980
927675 1138980 928473 1139580
883329 1151940 885495 1152540
906699 1163460 907497 1164060
916845 1160580 917301 1161180
996189 1162980 998355 1163580
946485 1150500 947169 1151100
1003599 1134660 1005081 1135260
936567 1127940 937593 1128540
876945 1155300 882531 1155900
886863 1158180 887661 1158780
860643 1138500 862125 1139100
900201 1132740 900429 1133340
861327 1137540 862809 1138140
935313 1140900 936453 1141500
941811 1142340 942609 1142940
1002915 1133700 1004397 1134300
866571 1127460 867597 1128540
913539 1139940 913995 1140540
1859169 1139460 1865439 1140060
1862931 1152420 1865439 1153020
1862931 1138020 1865439 1138620
843201 1154340 847875 1154940
901455 1132260 902481 1132860
986955 1131300 987981 1132380
1862931 1142820 1865439 1143420
1862931 1128420 1865439 1129020
996759 1145700 998355 1146300
921747 1143300 922773 1143900
931779 1126020 932577 1126620
935655 1125540 936453 1126140
910233 1131300 910461 1131900
1862931 1157220 1865439 1157820
843201 1159140 847875 1159740
1862931 1147620 1865439 1148220
951729 1159140 952413 1159740
934059 1125540 935427 1126620
917643 1146180 918441 1146780
902139 1145220 903279 1145820
901455 1135140 902253 1135740
911259 1161060 912057 1161660
903621 1156260 904077 1156860
1011351 1130820 1016937 1131420
935427 1155300 936453 1155900
954807 1160580 955947 1161180
843201 1150500 847875 1151100
874551 1132740 877059 1133340
913881 1125540 915021 1126140
860643 1133220 862125 1133820
953439 1126500 954579 1127100
922773 1153860 923913 1154460
915477 1128900 915933 1129500
917643 1127460 918783 1128060
881277 1131300 882417 1131900
925395 1148100 926421 1148700
903963 1162020 904761 1162620
953439 1140900 954579 1141500
930411 1159620 931437 1160220
943179 1162980 944205 1163580
902139 1137060 902595 1137660
888687 1160100 889485 1160700
1002687 1137540 1003371 1138140
948309 1159140 948993 1159740
930411 1158660 931437 1159260
922203 1131780 923343 1132380
887547 1157220 888345 1157820
938847 1151460 939873 1152060
878769 1131300 879909 1131900
950817 1136100 953325 1136700
890055 1159620 890853 1160220
1862931 1133220 1865439 1133820
908979 1125540 910119 1126140
934287 1138020 935085 1138620
934971 1127940 935997 1128540
927903 1155780 928929 1156380
957315 1137060 958455 1137660
906129 1143780 906585 1144380
945801 1149540 946485 1150140
927675 1157700 928815 1158300
843201 1149540 847875 1150140
936795 1132260 938163 1133340
939759 1159140 940899 1159740
901227 1146180 902253 1146780
908979 1152420 910347 1153500
925167 1159140 926193 1159740
920265 1136100 921405 1136700
963927 1161060 964953 1161660
886863 1146180 887889 1146780
924711 1127940 925851 1128540
1000407 1139940 1001889 1140540
998583 1126500 999723 1127100
969627 1159140 970311 1159740
920265 1162020 921405 1162620
950475 1163460 951273 1164060
906471 1149060 907611 1149660
943407 1155780 944547 1156380
917529 1151460 918897 1152540
951843 1138020 952983 1138620
880137 1129860 881277 1130460
935427 1126980 936453 1127580
915249 1126020 916389 1126620
934515 1158180 935655 1158780
922545 1148100 923685 1148700
930867 1128420 932007 1129020
949107 1148100 949449 1148700
992883 1149540 993681 1150140
957885 1126500 959025 1127100
843201 1151460 847875 1152060
990147 1137060 990717 1137660
911487 1162020 912627 1162620
955947 1162980 957087 1163580
944547 1150980 945231 1151580
934059 1136580 935199 1137180
878199 1137060 879339 1137660
938391 1159140 939531 1159740
1005195 1135140 1006335 1135740
916389 1157220 917529 1157820
882645 1127460 883785 1128060
902139 1159620 903279 1160220
881619 1147620 882987 1148700
921975 1150020 922545 1150620
949563 1149540 950247 1150140
959253 1130820 960735 1131420
923343 1160100 924483 1160700
911943 1138980 913311 1140060
883899 1126500 885039 1127100
943179 1152900 943977 1153500
949905 1157220 957315 1157820
895755 1155300 896895 1155900
863721 1137060 864861 1137660
912399 1135140 913767 1136220
924825 1137060 926193 1138140
924711 1144740 926079 1145820
938391 1157220 939531 1157820
843201 1141860 847875 1142460
894957 1153380 896325 1154460
911715 1133220 913083 1134300
843201 1138980 847875 1139580
513 1154340 39615 1159260
886635 1142820 888003 1143900
942723 1142820 946485 1143420
1005195 1126500 1005765 1127100
843201 1143780 847875 1144380
994023 1141380 995049 1141980
939075 1143780 940443 1144860
947739 1158180 948765 1158780
923343 1156740 924483 1157340
922773 1150020 923913 1150620
908295 1125540 908865 1126140
843201 1136100 847875 1136700
887091 1125540 888231 1126140
922773 1152900 923913 1153500
939531 1140420 940329 1141020
918897 1133220 920265 1134300
908979 1156260 910347 1157340
843201 1140900 847875 1141500
913995 1126980 915021 1127580
843201 1139940 847875 1140540
843201 1142820 847875 1143420
913311 1160100 913881 1160700
921405 1137540 922089 1138140
897807 1142340 898491 1142940
907497 1156260 908865 1157340
930411 1133220 931095 1133820
940215 1157220 941355 1157820
843201 1144740 847875 1145340
924483 1135140 925851 1136220
958683 1148580 973389 1149180
901341 1140900 902709 1141980
1006677 1126500 1007361 1127100
882075 1133220 883443 1134300
843201 1134180 847875 1134780
950931 1130340 952071 1130940
916161 1146180 916503 1146780
907497 1143780 907725 1144380
899859 1126500 901227 1127580
943407 1126020 943977 1126620
886065 1155780 886977 1156380
888915 1128420 890283 1129500
843201 1137060 847875 1137660
928131 1135620 928815 1136220
843201 1135140 847875 1135740
921861 1128900 922545 1129500
888915 1125540 889599 1126140
957087 1131300 958227 1131900
930183 1148100 930867 1148700
896325 1161060 897693 1162140
886977 1151460 888345 1152540
960621 1140420 975327 1141020
928929 1138980 929613 1139580
843201 1130340 847875 1130940
888915 1133220 890283 1134300
903963 1139460 904647 1140060
931323 1150020 931665 1150620
920721 1145700 921405 1146300
900771 1132260 901341 1132860
992427 1151460 993225 1152060
843201 1129380 847875 1129980
887547 1133700 888231 1134300
949107 1133220 949449 1133820
891195 1158660 891537 1159260
891309 1131300 892677 1132380
843201 1138020 847875 1138620
925167 1162020 926193 1162620
843201 1128420 847875 1129020
843201 1126500 847875 1127100
935541 1146660 936225 1147260
952071 1160100 952413 1160700
903735 1151940 904989 1152540
919011 1151460 919695 1152060
924939 1142340 925281 1142940
921405 1142340 922089 1142940
843201 1132260 847875 1132860
920607 1152900 921291 1153500
843201 1131300 847875 1131900
927675 1148100 928701 1148700
895299 1141380 895641 1141980
917871 1133220 918555 1133820
911373 1151460 912057 1152060
843201 1133220 847875 1133820
896667 1147140 897351 1147740
994479 1134180 995505 1134780
923229 1128420 923913 1129020
935085 1134180 935427 1134780
895071 1159620 895755 1160220
843201 1127460 847875 1128060
887091 1140900 888459 1141980
913767 1147620 914109 1148220
918555 1130340 918897 1130940
866001 1132740 866343 1133340
917187 1149060 917643 1149660
907383 1140900 908751 1141980
1004739 1136100 1006221 1137180
999723 1132260 1000293 1132860
949107 1130820 949563 1131420
942267 1148580 943863 1149660
956859 1133220 958455 1134300
912057 1158660 912741 1159260
948195 1163460 948993 1164060
948879 1144260 949677 1144860
887547 1138020 888231 1138620
912741 1125540 913425 1126140
913197 1146660 913881 1147260
946599 1126500 947169 1127100
919467 1152900 919809 1153500
994935 1130340 996417 1131420
888801 1151940 889485 1152540
1006791 1127460 1007589 1128060
1000407 1138500 1000977 1139100
1001775 1126980 1002459 1127580
882303 1129380 883671 1130460
886065 1145700 886521 1146300
992427 1140420 993225 1141020
1859169 1126980 1863615 1127580
916161 1132260 916503 1132860
946599 1154340 948195 1155420
890283 1139940 891309 1140540
933831 1146180 934173 1146780
928245 1132740 928929 1133340
1002117 1138980 1003713 1140060
888003 1146180 888687 1146780
896895 1151460 897237 1152060
932463 1129380 932919 1129980
908751 1158660 909093 1159260
924939 1155780 925395 1156380
995847 1143780 996531 1144380
901227 1144260 901569 1144860
994023 1132260 994821 1132860
883443 1131300 883899 1131900
988893 1133220 990033 1133820
1000179 1127460 1000977 1128060
1002003 1126020 1002345 1126620
945003 1150020 945687 1150620
948423 1128420 949677 1129020
922887 1133700 923913 1134300
905217 1153380 905673 1153980
995505 1138500 995733 1139100
893817 1160580 894501 1161180
993339 1140420 994137 1141020
996987 1136580 998241 1137180
947283 1150500 948081 1151100
952071 1128420 952641 1129020
998583 1130340 1000065 1131420
944319 1152900 944661 1153500
906015 1153860 906471 1154460
995733 1155300 996987 1155900
943407 1158180 943977 1158780
991743 1144740 993339 1145820
946827 1148580 948423 1149660
903735 1150020 904077 1150620
910119 1128420 910461 1129020
933033 1159140 933489 1159740
1003371 1127460 1004169 1128060
911259 1126020 911601 1126620
889713 1162980 890055 1163580
991059 1140900 992313 1141500
946599 1158180 947397 1158780
950247 1159140 950931 1159740
922659 1139460 922887 1140060
951615 1162980 953211 1164060
1000863 1132740 1001661 1133340
907383 1146180 907839 1146780
921177 1157700 921405 1158300
999951 1128900 1000179 1129500
957201 1126500 957429 1127100
929043 1146180 929613 1146780
1001661 1136100 1003257 1137180
939189 1131300 939873 1131900
909207 1132260 909777 1132860
887205 1153860 887547 1154460
888573 1126500 889029 1127100
945915 1151460 946485 1152060
893931 1158660 894501 1159260
996759 1138500 997557 1139100
1004055 1129860 1004853 1130460
944433 1156740 944661 1157340
1012263 1128420 1013745 1129500
994593 1139460 995277 1140060
992997 1139460 993453 1140060
906243 1135140 906699 1135740
916503 1139460 917073 1140060
917871 1153860 918669 1154460
995163 1140420 995961 1141020
951045 1144260 951501 1144860
891195 1162020 891537 1162620
925167 1138500 925965 1139100
894501 1147140 894957 1147740
1000407 1136100 1001205 1136700
931209 1125540 931551 1126140
911259 1138500 911487 1139100
927447 1126980 928017 1127580
917985 1137060 918441 1137660
886065 1152420 886407 1153020
1000407 1126020 1001091 1126620
1000635 1135140 1001319 1135740
996075 1139940 996645 1140540
992199 1129380 992997 1129980
956175 1130820 956745 1131420
999267 1138980 1000065 1139580
901227 1138980 901569 1139580
892335 1135620 892677 1136220
933831 1152420 934059 1153020
948537 1145220 949335 1145820
994137 1142340 994821 1142940
1007931 1126500 1008387 1127100
906243 1159620 907041 1160220
1000863 1129860 1001661 1130460
879681 1136100 881277 1137180
933147 1144260 933945 1144860
924369 1132260 924825 1132860
892905 1144260 893589 1144860
956631 1161060 958227 1162140
992655 1138500 993453 1139100
933831 1163460 934629 1164060
988665 1136100 989805 1136700
994479 1126500 996075 1127580
994935 1144740 995163 1145340
876033 1130820 877287 1131420
945687 1154820 946485 1155420
993567 1138020 995049 1139100
1022523 1139940 1022751 1140540
1002915 1126500 1003713 1127100
948195 1150500 948993 1151100
915135 1160100 915819 1160700
940329 1155300 940557 1155900
908637 1150500 909093 1151100
944091 1149540 944661 1150140
995847 1136580 996645 1137180
903621 1128900 903963 1129500
949335 1158180 950133 1158780
949107 1159140 949677 1159740
936567 1149540 937365 1150140
998241 1125540 999495 1126140
958113 1162500 959367 1163100
948537 1132260 949677 1132860
991743 1136100 992541 1136700
887889 1131300 888345 1131900
943293 1160100 943977 1160700
906129 1151940 906585 1152540
991629 1142820 993225 1143900
896211 1162500 897465 1163100
913083 1148580 913881 1149180
921633 1134660 922317 1135260
994935 1135140 996417 1136220
902139 1157700 902823 1158300
990147 1132260 990717 1132860
998127 1135620 999153 1136220
946371 1160100 947169 1160700
994935 1127940 995733 1128540
914337 1130820 915135 1131420
896895 1153380 897123 1153980
988665 1137060 989805 1137660
999267 1137060 1000749 1138140
1004055 1126020 1004853 1126620
990945 1130340 991629 1130940
949449 1138020 951045 1139100
997101 1132740 998241 1133340
992085 1132260 993225 1132860
940215 1146180 941013 1146780
950931 1135140 951501 1135740
994251 1133220 995277 1133820
989691 1141860 991287 1142940
990831 1132260 991515 1132860
999723 1139940 1000179 1140540
991743 1137060 993225 1138140
1010211 1128420 1011693 1129500
991971 1130340 992769 1130940
990147 1130340 990603 1130940
888687 1150980 889485 1151580
956517 1138020 958113 1139100
1020927 1139940 1021725 1140540
995391 1133220 996417 1133820
952527 1130820 953553 1131420
941241 1150020 942039 1150620
881619 1138020 882189 1138620
894159 1148580 894957 1149180
1004511 1133220 1005993 1134300
1006221 1125540 1007361 1126140
911943 1162980 912513 1163580
1002915 1125540 1003371 1126140
950817 1148580 951501 1149180
989235 1140900 989805 1141500
910689 1163460 911373 1164060
956175 1128420 956973 1129020
1002003 1132740 1002459 1133340
996075 1158180 996987 1158780
1005879 1128420 1006449 1129020
1007703 1127940 1008273 1128540
948423 1153860 948879 1154460
921747 1150980 922431 1151580
873981 1138020 876831 1138620
984333 1143300 985245 1143900
948651 1136580 949449 1137180
990147 1151460 992085 1152060
940101 1158180 940785 1158780
990147 1140900 990717 1141500
958455 1144260 959367 1144860
990831 1138500 991287 1139100
1009299 1125540 1009869 1126140
910689 1147140 911373 1147740
944319 1126500 945117 1127100
943521 1150500 943977 1151100
928929 1139940 929613 1140540
876945 1129380 879795 1129980
986157 1135620 987069 1136220
895755 1125540 896211 1126140
895527 1126500 896439 1127100
1001775 1129380 1002345 1129980
924369 1149540 924825 1150140
913653 1161540 914337 1162140
878655 1130340 879795 1130940
949563 1146660 950133 1147260
1005081 1127940 1005537 1128540
998355 1138500 999039 1139100
947055 1152420 947625 1153020
912627 1153380 913311 1153980
953553 1139460 954009 1140060
1000407 1134180 1000977 1134780
895185 1138980 895413 1139580
945915 1152420 946371 1153020
955035 1135140 956973 1135740
876033 1136580 877059 1137180
991059 1131300 991629 1131900
909321 1143780 910005 1144380
932007 1139460 932235 1140060
887889 1126500 888117 1127100
885267 1127460 885951 1128060
1003371 1136580 1003941 1137180
987867 1128900 991629 1129500
884127 1127460 884583 1128060
1008501 1127460 1009413 1128060
954351 1138980 955947 1140060
1022295 1150020 1022751 1150620
919467 1156740 920265 1157340
952527 1133220 953553 1133820
944889 1155780 945117 1156380
957543 1150020 959367 1150620
950931 1158180 951501 1158780
912627 1152420 913197 1153020
900657 1157700 901341 1158300
928245 1131780 928929 1132380
885381 1163460 889143 1164060
919353 1144740 920037 1145340
878655 1135140 878883 1135740
931437 1133220 932121 1133820
946599 1138020 947625 1138620
902481 1158660 903165 1159260
940785 1126980 941013 1127580
951615 1126500 952641 1127100
986157 1128900 987069 1129500
893703 1132740 893931 1133340
958455 1151940 959367 1152540
910575 1126980 911259 1127580
1022295 1126020 1022751 1126620
1022295 1130340 1022751 1130940
953097 1129380 955947 1129980
979887 1144740 990945 1145340
936339 1141860 936567 1142460
994935 1142340 995505 1142940
881163 1132260 881391 1132860
934059 1149540 934515 1150140
886179 1128420 886407 1129020
908865 1126500 910233 1127100
944775 1147620 945345 1148220
903963 1144740 904191 1145340
996873 1130340 998355 1130940
862353 1138980 863949 1139580
890511 1145700 891195 1146300
1001091 1130820 1001661 1131420
898719 1125540 899631 1126140
903735 1140420 903963 1141020
996075 1156260 996987 1156860
902595 1150980 902823 1151580
881619 1126020 882417 1126620
881961 1127460 882189 1128060
877743 1125540 878313 1126140
898947 1136580 899745 1137180
998355 1139940 999153 1140540
892563 1148580 893247 1149180
924369 1147140 925167 1147740
986157 1138500 986841 1139100
986955 1156260 994365 1156860
906243 1126980 907611 1127580
949563 1142820 950133 1143420
919467 1143780 920265 1144380
919923 1126500 920721 1127100
950703 1149540 951273 1150140
967917 1163460 982623 1164060
986157 1142340 989007 1142940
1021953 1148580 1022751 1149180
897351 1139460 897579 1140060
943065 1145220 946827 1145820
990831 1145700 991401 1146300
939645 1150500 940557 1151100
948993 1139460 951843 1140060
994593 1162020 996531 1162620
925737 1133220 927333 1133820
990375 1154340 992313 1154940
921063 1132260 921747 1132860
945915 1161540 946371 1162140
889827 1147620 890055 1148220
913197 1131300 913881 1131900
904419 1133700 904647 1134300
1022295 1150980 1022751 1151580
1015227 1142340 1017165 1142940
990945 1160100 996531 1160700
996303 1150500 996987 1151100
916503 1127460 917529 1128060
938049 1145700 938277 1146300
914907 1156740 915135 1157340
865089 1131780 866685 1132380
982509 1149060 989919 1149660
890397 1134180 890625 1134780
957201 1127940 959139 1128540
1022295 1154820 1022751 1155420
897921 1149540 898149 1150140
994593 1147620 996531 1148220
896211 1127460 896439 1128060
942837 1125540 943179 1126140
904419 1130340 904761 1130940
975213 1139460 989919 1140060
972705 1131300 983763 1131900
940785 1152900 941013 1153500
910803 1152420 911487 1153020
900999 1154820 901797 1155420
991971 1125540 992997 1126140
994593 1140420 994821 1141020
949563 1153380 950133 1153980
959253 1157700 960735 1158300
984447 1126500 986385 1127100
993795 1153380 995733 1153980
919011 1127460 920037 1128060
927675 1149060 929043 1149660
998241 1155300 1012947 1155900
857793 1126020 860643 1126620
996303 1149540 996987 1150140
894387 1154820 894615 1155420
957885 1158660 959367 1159260
1022295 1159620 1022751 1160220
923799 1131780 924027 1132380
957999 1152900 959367 1153500
959253 1154820 960735 1155420
996531 1146660 996987 1147260
988893 1131300 990831 1131900
942723 1130820 946485 1131420
862353 1127460 866115 1128060
949449 1129860 950817 1130460
988893 1126500 992655 1127100
921291 1131300 921747 1131900
921861 1156740 922431 1157340
887547 1152900 888915 1153500
943977 1144260 946827 1144860
1826337 1138020 1841043 1138620
887319 1137060 887547 1137660
1014543 1139460 1017393 1140060
865089 1128900 876147 1129500
945345 1125540 946713 1126140
1004283 1138500 1004853 1139100
898377 1135140 899175 1135740
975213 1158660 982623 1159260
915249 1143780 915477 1144380
1022295 1126980 1022751 1127580
996531 1144740 996987 1145340
972705 1130340 987411 1130940
513 1144740 39615 1149660
1019217 1126500 1021155 1127100
882873 1137060 883899 1137660
904419 1143780 904989 1144380
1016025 1126020 1017393 1126620
996417 1140900 998355 1141500
1015911 1134660 1017393 1135260
889827 1160580 890055 1161180
950019 1145700 950589 1146300
994251 1128900 994821 1129500
898605 1141380 898947 1141980
934515 1140420 934857 1141020
915477 1147140 915819 1147740
958911 1163460 959367 1164060
937479 1146180 937707 1146780
960621 1150020 989919 1150620
940557 1140900 947967 1141500
911259 1157700 912057 1158300
904647 1135620 905103 1136220
872385 1145220 883443 1145820
998241 1156260 1012947 1156860
942039 1156260 942837 1156860
936225 1135140 947283 1135740
923001 1139940 923457 1140540
1020813 1129380 1022751 1129980
923001 1141860 923343 1142460
910233 1149060 910689 1149660
906129 1161540 907497 1162140
905217 1129380 907155 1129980
964725 1155300 979431 1155900
996531 1141860 996987 1142460
857793 1127940 860643 1128540
935085 1153380 935541 1153980
1022295 1160580 1022751 1161180
983877 1133220 986727 1133820
850497 1158660 865203 1159260
957999 1145220 959367 1145820
1006107 1137540 1017165 1138140
1019217 1131300 1020585 1131900
872385 1156740 883443 1157340
1826337 1152420 1841043 1153020
939759 1127940 940557 1128540
998241 1159140 1012947 1159740
913653 1143780 914109 1144380
933717 1150980 934059 1151580
948879 1157220 949449 1157820
960621 1129860 968031 1130460
857793 1137540 860643 1138140
995391 1154340 996987 1154940
927675 1156740 929613 1157340
862353 1125540 866115 1126140
961761 1161060 963699 1161660
996873 1153380 998355 1153980
1002687 1140420 1017393 1141020
998241 1154340 1012947 1154940
994023 1161060 995961 1161660
975213 1153860 982623 1154460
975213 1143300 982623 1143900
993681 1157220 995619 1157820
957201 1134660 957885 1135260
855057 1130340 869763 1130940
995733 1159140 996759 1159740
1022295 1155780 1022751 1156380
998241 1150500 1012947 1151100
925167 1125540 925965 1126140
1826337 1128420 1841043 1129020
902367 1151940 902595 1152540
987867 1158180 995277 1158780
891195 1147620 892221 1148220
923001 1143780 924027 1144380
926877 1158660 927333 1159260
987639 1138500 990489 1139100
996873 1126500 998355 1127100
980343 1135140 984105 1135740
900885 1139940 901911 1140540
948537 1149540 949107 1150140
986157 1162980 993567 1163580
943065 1138020 945915 1138620
876261 1126500 876831 1127100
959253 1161540 960735 1162140
890625 1132740 892563 1133340
1826337 1142820 1841043 1143420
1004397 1152900 1015455 1153500
987411 1125540 991173 1126140
1826337 1133220 1841043 1133820
972363 1145700 979773 1146300
1826337 1162020 1841043 1162620
882759 1126500 883785 1127100
920493 1149540 921519 1150140
960621 1135620 975327 1136220
898719 1148580 899061 1149180
962103 1152420 991401 1153020
886065 1143780 886407 1144380
959253 1159620 960735 1160220
960621 1126980 975327 1127580
998241 1149540 1012947 1150140
989805 1148100 992655 1148700
947055 1156260 947397 1156860
950817 1147620 958227 1148220
887547 1132260 887889 1132860
919467 1157700 920037 1158300
950589 1154820 957999 1155420
901455 1134180 901797 1134780
1826337 1157220 1841043 1157820
886065 1159140 886407 1159740
1001547 1125540 1001889 1126140
940329 1137060 947739 1137660
877515 1133220 877857 1133820
843201 1125540 847875 1126140
953895 1138020 955833 1138620
1826337 1147620 1841043 1148220
850497 1139460 857907 1140060
918783 1154340 919695 1154940
989463 1135140 989805 1135740
998241 1162020 1012947 1162620
952071 1144260 955833 1144860
513 1135140 39615 1140060
850497 1138500 857907 1139100
513 1125540 39615 1130460
949791 1137060 953553 1137660
