G6:
937479 1131780 938619 1132380
939759 1152900 940899 1153500
892449 1127460 893817 1128540
915021 1130340 916389 1131420
917529 1146660 918897 1147740
935085 1132260 936453 1133340
896553 1150500 897921 1151580
899175 1128420 900543 1129500
915021 1144740 916389 1145820
896325 1133220 897693 1134300
915021 1127460 916389 1128540
937479 1144260 937821 1144860
902139 1147620 902481 1148220
918099 1150020 919125 1150620
915021 1134180 915249 1134780
891081 1145700 891537 1146300
923799 1158660 924255 1159260
914565 1138500 915021 1139100
900315 1141860 900657 1142460
913995 1147620 914793 1148220
889371 1146180 890169 1146780
929385 1162980 930183 1163580
901797 1149540 902595 1150140
927219 1152420 928017 1153020
892563 1138020 893361 1138620
927903 1146180 928929 1146780
908637 1143780 909435 1144380
919923 1149540 920607 1150140
926079 1131300 926877 1131900
913767 1160580 913995 1161180
931551 1152420 932007 1153020
900999 1151940 901797 1152540
929955 1139460 930639 1140060
924369 1155300 925053 1155900
943179 1150980 944091 1151580
911031 1136100 911715 1136700
908181 1130340 909321 1130940
887319 1131300 888003 1131900
906129 1134660 906585 1135260
888117 1155780 890055 1156380
903165 1162020 903849 1162620
935313 1148100 935997 1148700
911145 1153860 911373 1154460
917529 1160100 917757 1160700
916845 1149540 917643 1150140
910119 1147620 910917 1148220
936339 1155300 937137 1155900
916845 1131780 917643 1132380
1004739 1127460 1005309 1128060
891993 1155300 892221 1155900
885495 1145700 886179 1146300
899973 1134180 900657 1134780
932577 1158660 932805 1159260
925053 1127460 925281 1128060
916047 1141860 916845 1142460
908751 1148100 908979 1148700
900771 1155780 901455 1156380
899403 1144740 900087 1145340
937821 1152420 938049 1153020
939417 1158660 939645 1159260
950931 1160580 951387 1161180
935883 1146180 936681 1146780
911829 1137060 912057 1137660
893589 1126500 894045 1127100
887433 1134180 888231 1134780
872385 1140420 883443 1141020
925737 1133700 927333 1134300
918555 1160100 919353 1160700
903735 1145220 904191 1145820
896211 1153380 897009 1153980
895185 1134180 895413 1134780
888231 1157220 888915 1157820
893589 1135620 894045 1136220
902367 1151460 902595 1152060
927561 1126500 927789 1127100
945573 1152900 945801 1153500
892791 1157220 893817 1157820
898719 1134660 899517 1135260
902367 1132740 902595 1133340
892677 1134180 892905 1134780
904761 1159620 905787 1160220
903279 1160100 904077 1160700
943863 1152900 944433 1153500
901683 1159620 902139 1160220
915135 1160580 915933 1161180
925167 1151460 927105 1152060
918783 1142820 919581 1143420
943407 1151940 943863 1152540
892335 1136580 892563 1137180
935199 1160100 935997 1160700
944547 1156260 946143 1157340
905331 1145220 906357 1145820
992883 1140900 993453 1141500
915021 1136100 916389 1137180
941355 1154340 941583 1154940
900315 1158180 904077 1158780
903507 1153380 904077 1153980
910119 1142820 911715 1143420
896895 1138020 897123 1138620
916959 1158660 917757 1159260
928017 1131300 929955 1131900
933717 1140900 935313 1141500
935313 1153860 935997 1154460
908637 1136580 909207 1137180
937707 1159140 938505 1159740
936339 1143780 936681 1144380
919467 1153380 919809 1153980
902709 1144260 903165 1144860
888459 1145220 889143 1145820
923799 1133220 924597 1133820
916617 1158180 916845 1158780
950019 1142820 951957 1143420
906699 1139460 908409 1140060
942723 1130340 946485 1130940
893589 1162020 895071 1162620
912627 1147140 913425 1147740
913539 1133700 913995 1134300
895185 1139460 895413 1140060
923799 1153380 924255 1153980
913653 1158660 913995 1159260
1000635 1138980 1002231 1139580
1000863 1136580 1001205 1137180
907611 1135140 908295 1135740
893361 1140900 894159 1141500
939417 1157220 939873 1157820
930297 1154340 931323 1154940
991173 1141860 993111 1142460
889827 1158180 891765 1158780
931323 1138500 932349 1139100
923001 1126500 924027 1127100
912627 1148580 913197 1149180
950247 1140420 952185 1141020
878427 1132260 881277 1132860
910119 1138980 912057 1139580
1001889 1137540 1002573 1138140
907269 1158660 908295 1159260
896211 1144740 896667 1145340
921177 1160100 923115 1160700
905103 1149060 905787 1149660
993111 1134660 996873 1135260
916161 1151940 917643 1152540
892677 1126500 893133 1127100
931323 1135620 931779 1136220
889371 1126020 890397 1126620
938733 1152900 938961 1153500
893589 1144740 893931 1145340
938505 1139940 949563 1140540
1002345 1126980 1004283 1127580
916275 1126020 916617 1126620
881049 1128420 884811 1129020
926079 1127460 926535 1128060
948879 1155780 949449 1156380
936111 1159140 936567 1159740
934401 1126500 936339 1127100
911259 1127940 911715 1128540
945459 1158660 945801 1159260
994023 1136580 995961 1137180
940101 1149060 942039 1149660
926193 1141380 929955 1141980
931551 1160580 931893 1161180
940785 1146660 948195 1147260
951045 1132740 958455 1133340
901911 1152420 902481 1153020
929385 1145700 930411 1146300
879225 1127460 882075 1128060
1002687 1134180 1003713 1134780
925623 1128420 927561 1129020
876831 1137540 878769 1138140
892677 1144260 893019 1144860
897123 1146660 897693 1147260
953667 1162020 954123 1162620
921177 1155780 922203 1156380
902709 1128900 903735 1129500
923001 1162500 924027 1163100
982509 1132740 997215 1133340
903735 1149060 903963 1149660
960621 1130820 989919 1131420
941241 1151940 942267 1152540
937707 1148100 938277 1148700
921633 1135140 923115 1135740
929385 1144740 929841 1145340
992883 1136580 993453 1137180
918555 1130820 919125 1131420
936339 1128900 937365 1129500
899403 1143780 900087 1144380
933603 1158180 934629 1158780
980685 1129380 988095 1129980
924483 1156260 924825 1156860
888573 1146180 888915 1146780
879795 1131300 880821 1131900
847761 1136100 858819 1136700
901227 1156740 902253 1157340
920835 1143300 921861 1143900
924483 1129860 924825 1130460
932463 1159620 933033 1160220
926193 1138980 926763 1139580
932235 1150980 933261 1151580
967917 1149060 982623 1149660
872385 1147140 883443 1147740
1015569 1126500 1019331 1127100
857793 1129860 865203 1130460
884241 1146660 886179 1147260
943407 1126500 944433 1127100
940443 1154820 941013 1155420
991515 1126980 994365 1127580
917529 1134180 917757 1134780
992427 1138980 996189 1139580
905559 1127460 906585 1128060
863037 1136100 874095 1136700
907383 1131300 907953 1131900
901227 1145220 902253 1145820
954465 1160100 961875 1160700
989805 1151940 1004511 1152540
975213 1140420 986271 1141020
890169 1147140 891651 1147740
957201 1126980 959139 1127580
1001547 1128900 1008957 1129500
897465 1126020 901227 1126620
996873 1138980 998355 1139580
909663 1132260 910005 1132860
876945 1141860 884355 1142460
882873 1135140 883101 1135740
910119 1128900 912057 1129500
886635 1126020 887661 1126620
940557 1129860 941583 1130460
1007475 1129860 1014885 1130460
942723 1153380 943749 1153980
899631 1162980 899973 1163580
921975 1127940 923001 1128540
921177 1141860 923115 1142460
902937 1134180 903963 1134780
915591 1153380 916617 1153980
881163 1130820 881505 1131420
901113 1142340 901455 1142940
995961 1126500 996987 1127100
945231 1147620 948993 1148220
886065 1148580 887091 1149180
898605 1149540 898947 1150140
932691 1139940 934629 1140540
1000179 1129860 1000863 1130460
952983 1142820 960393 1143420
996873 1136100 998355 1136700
994251 1140420 994707 1141020
958797 1138980 966207 1139580
995049 1144740 996645 1145820
923799 1150020 924825 1150620
949107 1156740 949563 1157340
893589 1154340 894615 1154940
995847 1140420 999609 1141020
1008045 1148100 1015455 1148700
952527 1128420 956289 1129020
960621 1161540 989919 1162140
993225 1131300 998355 1131900
879681 1149060 883443 1149660
926421 1156260 927789 1157340
925167 1144260 926193 1144860
948879 1150500 963585 1151100
879225 1137060 880593 1137660
906243 1162980 907611 1163580
