G4:
170601 154980 192603 155580
208221 148740 215631 149340
191349 150660 198759 151260
214377 154980 218139 155580
224523 154500 228285 155100
65037 150660 72447 151260
224295 149220 226005 150300
230451 152100 231477 152700
220191 154500 221217 155100
224295 150660 226233 151260
223383 156420 224181 157020
217341 153540 218367 154140
236379 154500 237405 155100
233643 155940 235353 157020
230907 154020 232617 155100
218937 151140 220533 152220
217341 148740 218367 149340
230223 156900 231249 157500
231477 159780 233073 160860
237291 151620 238887 152220
235581 159780 236037 160380
132981 150660 147687 151260
220419 156420 221445 157020
218025 159780 219963 160380
229539 155940 230565 156540
132981 160260 147687 160860
228627 155940 228855 156540
226917 153060 227373 153660
170601 156900 214491 157500
230679 149700 230907 150300
206853 146820 215631 147420
235011 151140 235467 151740
235923 152100 236379 152700
232959 150660 233985 151260
235467 149220 236037 149820
231477 156900 233073 157980
232959 154500 233757 155100
219165 146820 221103 147420
18753 150180 27531 150780
223383 157860 224409 158460
225891 159300 226461 159900
222927 146820 223497 147420
95361 159780 124659 160380
236037 150660 237063 151260
227031 159300 227601 159900
234099 158340 234669 158940
227943 149700 229881 150300
228741 153540 228969 154140
235695 158820 236151 159420
221559 148260 223155 149340
219051 149220 220647 150300
232275 149220 233073 149820
229539 147300 229995 147900
206853 160260 215631 160860
233871 149220 234897 149820
233187 157860 233757 158460
237063 152580 237405 153180
229083 146820 229311 147420
235011 158340 235581 158940
20121 157860 93195 158460
235125 148260 235581 148860
235011 154980 235695 155580
221331 158820 221901 159420
225207 147300 226005 147900
223953 148260 224181 148860
223725 159780 225321 160860
226575 156900 227145 157500
231249 148740 231933 149340
232731 155460 233073 156060
18753 159780 27531 160380
18411 154980 18867 155580
230907 153060 231477 153660
221787 154020 223383 155100
235467 153060 236037 153660
229539 151620 229881 152220
206853 151620 215631 152220
741 154980 2109 155580
236835 149700 237405 150300
235467 154020 235695 154620
230679 158340 232617 158940
95361 154980 124659 155580
513 151620 44403 152220
206853 150660 215631 151260
95361 157860 168435 158460
237291 156420 238887 157020
20121 156900 93195 157500
227259 147300 228741 147900
223155 150660 223611 151260
95361 153060 168435 153660
132981 147780 206055 148380
236151 147780 236607 148380
232959 158820 233301 159420
225663 155940 226689 156540
218937 154980 219621 155580
227259 151140 228741 151740
219849 158820 220305 159420
236949 158820 237405 159420
232959 147780 234897 148380
227031 146340 228741 146940
228855 159780 230451 160860
236265 159300 236721 159900
224637 147780 225093 148380
34713 159780 64011 160380
230223 151140 230793 151740
235467 146820 237405 147420
20121 148260 93195 148860
513 159780 15219 160380
219165 152580 221103 153180
214377 155940 218139 156540
224751 153540 225321 154140
235239 152100 235695 152700
513 150660 15219 151260
95361 150180 124659 150780
170601 153060 214491 153660
236037 156420 236265 157020
236493 156420 237177 157020
154869 150660 184167 151260
18753 149220 20235 149820
218025 150180 218709 150780
513 155940 15219 156540
222243 150660 222813 151260
222015 157380 222585 157980
218937 156900 219279 157500
20121 147300 93195 147900
227715 158340 229653 158940
214377 157860 221787 158460
205941 154500 208335 155100
205941 158340 208335 158940
85785 154980 93195 155580
93081 155940 95475 156540
513 157860 15219 158460
231135 150180 231477 150780
226803 158340 227373 158940
56145 154500 57855 155100
237063 148260 237405 148860
132981 155460 147687 156060
22401 155460 29811 156060
236493 155460 238431 156060
227373 155460 227829 156060
233415 152580 233757 153180
154869 160260 184167 160860
236265 160260 238203 160860
513 147300 15219 147900
55233 149700 56259 150300
34713 146340 64011 146940
228741 154500 229083 155100
233643 146340 233985 146940
15105 148260 18867 148860
18753 154020 20235 154620
85785 150180 93195 150780
225891 156900 226233 157500
205941 155460 208335 156060
221103 151140 222129 151740
226917 148260 227373 148860
236037 157860 237975 158460
56145 153540 57855 154140
227259 152100 228741 152700
34713 155940 64011 156540
