G2:
95361 158820 168435 159420
95361 154020 168435 154620
95361 149220 168435 149820
20121 158820 93195 159420
20121 154020 93195 154620
20121 149220 93195 149820
170601 158820 214491 159420
170601 154020 214491 154620
170601 149220 214491 149820
85785 159780 93195 160380
192489 159780 214491 160380
168321 159780 170715 160380
168321 157860 170715 158460
168321 154980 170715 155580
168321 153060 170715 153660
168321 150180 170715 150780
168321 148260 170715 148860
198645 155460 206055 156060
170601 151140 192603 151740
223383 147300 223953 147900
170601 155940 192603 156540
192489 150180 214491 150780
146433 151140 168435 151740
124545 159780 146547 160380
229083 155460 229767 156060
124545 154980 146547 155580
170601 146340 192603 146940
146433 155940 168435 156540
124545 150180 146547 150780
63897 150180 85899 150780
63897 154980 85899 155580
27417 154980 34827 155580
220419 153540 224181 154140
146433 146340 168435 146940
29697 160260 51699 160860
232161 151140 233073 151740
63897 155940 85899 156540
229881 147300 230793 147900
29697 150660 51699 151260
228285 146820 229197 147420
223725 154500 224637 155100
221901 157860 222813 158460
215517 154500 219279 155100
15105 160260 22515 160860
233643 152100 235353 153180
234783 149220 235581 149820
214377 146340 218139 146940
15105 158820 18867 159420
513 149220 15219 149820
224295 157860 226005 158940
215517 158340 219279 158940
85785 146340 93195 146940
513 154020 15219 154620
27417 155940 34827 156540
226575 156420 227373 157020
231363 152100 233073 153180
214377 148260 218139 148860
227031 150180 228741 150780
236379 149220 237405 149820
218025 147300 219963 147900
222015 151140 222813 151740
15105 150180 18867 150780
15105 155460 22515 156060
233415 158340 234213 158940
221787 155940 223497 157020
51585 157380 55347 157980
223383 149220 224409 149820
220647 158820 221445 159420
227715 156420 229653 157020
219165 160260 221103 160860
225663 151140 226689 151740
221103 154500 221901 155100
218025 151140 219051 151740
215517 149700 217455 150300
232959 157380 233757 157980
235695 153540 236721 154140
215517 153540 217455 154140
237291 146820 238887 147420
232959 153540 233529 154140
219735 154500 220305 155100
233643 159780 235353 160860
221787 152100 223497 153180
218025 149220 219051 149820
236037 147300 236493 147900
235695 156420 236151 157020
15105 151140 18867 151740
229539 151140 230337 151740
233871 154020 235581 155100
51585 155460 55347 156060
231363 158820 233073 159900
232503 154500 233073 155100
215517 151620 217455 152220
237063 154020 237405 154620
223155 151140 224181 151740
225891 149220 226917 149820
235239 155460 236265 156060
237291 159300 238887 159900
224523 148260 225549 148860
226347 159300 227145 159900
235923 159780 236949 160380
226917 152580 228855 153180
218025 156900 219051 157500
231363 147300 233073 148380
224067 156900 226005 157500
230337 153540 231363 154140
236265 157380 236721 157980
220533 149220 221559 149820
218025 152100 219051 152700
232503 148740 233529 149340
225891 154020 226917 154620
218253 153540 219051 154140
232959 155460 233529 156060
237291 156900 238887 157500
231591 146340 232617 146940
236037 158820 237063 159420
225207 160260 227145 160860
236037 154500 236493 155100
230907 155940 232617 157020
222927 157380 223725 157980
221445 159780 223041 160860
237291 147780 238887 148380
223041 148260 224067 148860
230223 150180 231249 150780
236265 152100 237291 152700
225891 147300 226917 147900
230337 148740 231363 149340
235581 152100 236037 152700
224295 146340 226233 146940
236151 148260 237177 148860
219963 150180 220761 150780
223611 158340 224181 158940
235809 151140 236265 151740
228627 154020 229083 154620
220419 155940 221217 156540
234099 151140 235125 151740
224295 152100 225093 152700
206853 156420 215631 157020
222243 158820 222813 159420
228855 158820 230451 159900
218025 155940 219051 156540
55233 156420 56259 157020
235125 158820 235581 159420
235695 157860 236151 158460
221103 150180 221673 150780
235467 148260 235923 148860
229653 152580 230337 153180
227031 155460 227487 156060
221103 147300 221673 147900
18753 146340 27531 146940
219507 152100 220305 152700
236037 150180 236493 150780
233187 146340 233757 146940
231819 153540 232617 154140
233643 150180 233985 150780
20121 152100 93195 152700
513 154980 855 155580
55233 150660 56259 151260
224637 159300 225321 159900
238203 150180 238887 150780
228627 157380 228855 157980
170601 152100 214491 152700
219735 158340 220533 158940
219849 146340 220875 146940
227487 148740 228057 149340
219849 148260 220533 148860
236835 155940 237405 156540
228171 151620 228855 152220
95361 155940 139251 156540
95361 156900 168435 157500
227031 146820 228057 147420
56373 160260 65151 160860
226575 157860 227145 158460
227259 147780 227829 148380
95361 151140 139251 151740
95361 146340 139251 146940
95361 152100 168435 152700
224979 154980 225549 155580
236949 150660 237405 151260
16131 147780 17157 148380
15105 153060 18867 153660
234327 158820 234897 159420
233415 147300 233985 147900
20121 153060 93195 153660
221103 148260 221673 148860
220647 157380 221331 157980
85785 151140 93195 151740
235695 146340 236151 146940
18753 148260 20235 148860
225207 153540 225549 154140
46227 147780 53637 148380
513 146340 15219 146940
93081 154980 95475 155580
230679 146340 231249 146940
236835 154980 237405 155580
57741 147780 130815 148380
170601 147300 214491 147900
230565 151620 231021 152220
184053 160260 191463 160860
225663 159300 226005 159900
231249 160260 231591 160860
513 147780 15219 148380
238203 153060 238887 153660
223497 160260 223839 160860
44289 146820 51699 147420
235011 148260 235239 148860
225207 152580 225549 153180
224637 147300 225321 147900
513 152100 15219 152700
513 156900 15219 157500
218595 150180 219165 150780
93081 157860 95475 158460
230679 157380 231363 157980
55233 146820 56259 147420
238659 148740 238887 149340
220419 151140 220761 151740
15105 157860 18867 158460
55347 147780 56373 148380
230451 154500 231021 155100
235923 149220 236151 149820
93081 150180 95475 150780
227259 159780 228741 160380
228627 148260 228969 148860
233415 156420 233757 157020
220989 152580 221673 153180
55233 160260 56259 160860
237861 157860 238887 158460
238317 155460 238887 156060
56145 157380 57855 157980
18753 156900 20235 157500
44289 156420 51699 157020
205941 157380 206967 157980
