G1:
132981 159300 206055 159900
132981 158340 206055 158940
132981 154500 206055 155100
132981 153540 206055 154140
132981 149700 206055 150300
132981 148740 206055 149340
57741 159300 130815 159900
57741 158340 130815 158940
57741 154500 130815 155100
57741 153540 130815 154140
57741 149700 130815 150300
57741 148740 130815 149340
513 159300 44403 159900
513 158340 44403 158940
513 154500 44403 155100
513 153540 44403 154140
513 149700 44403 150300
513 148740 44403 149340
51585 150660 55347 151260
116109 160260 123519 160860
192489 155940 214491 156540
168321 156900 170715 157500
168321 155940 170715 156540
168321 152100 170715 152700
168321 151140 170715 151740
168321 147300 170715 147900
130701 157380 133095 157980
139137 146340 146547 146940
130701 156420 133095 157020
130701 155460 133095 156060
168321 146340 170715 146940
130701 151620 133095 152220
130701 150660 133095 151260
130701 147780 133095 148380
229767 151620 230679 152220
130701 146820 133095 147420
229197 146820 230109 147420
223839 147300 224751 147900
215517 148740 217455 149340
230337 153060 231021 153660
224067 155940 225777 157020
223497 150660 224409 151260
235239 152580 237177 153180
44289 157380 51699 157980
227943 150660 228627 151260
22401 160260 29811 160860
130701 152580 133095 153180
130701 160260 133095 160860
226233 150660 227145 151260
192489 146340 214491 146940
192489 151140 214491 151740
228741 155940 229653 156540
220305 154020 221217 154620
221217 157380 222129 157980
208221 159300 215631 159900
221445 150660 222357 151260
223269 154500 223839 155100
218937 149220 219165 149820
220305 152100 221217 152700
232503 154020 233529 154620
65037 155460 72447 156060
147573 160260 154983 160860
208221 154500 215631 155100
147573 150660 154983 151260
27417 151140 34827 151740
225891 157860 226689 158460
232959 151140 233757 151740
232959 159780 233757 160380
235011 148740 238773 149340
233187 158820 234099 159420
63897 146340 85899 146940
228741 151620 229653 152220
226233 146340 227145 146940
226005 154980 226917 155580
147573 155460 154983 156060
208221 158340 215631 158940
208221 153540 215631 154140
227715 155460 228285 156060
27417 146340 34827 146940
215517 146820 219279 147420
65037 160260 72447 160860
15105 150660 22515 151260
191349 160260 198759 160860
230451 155460 232389 156060
15105 155940 18867 156540
63897 151140 85899 151740
51585 154500 55347 155100
226803 149700 227601 150300
215517 160260 219279 160860
51585 160260 55347 160860
226575 155940 227373 156540
235923 155940 236949 156540
235467 158340 236265 158940
232959 152100 233757 152700
51585 149700 55347 150300
29697 155460 51699 156060
51585 151620 55347 152220
51585 153540 55347 154140
208221 149700 215631 150300
51585 152580 55347 153180
51585 146820 55347 147420
15105 146340 18867 146940
220647 158340 221217 158940
222471 157380 223041 157980
236607 157380 237405 157980
233871 150180 235581 151260
230223 157380 230793 157980
221103 155940 221901 156540
233871 153540 235809 154140
223383 152580 225321 153180
236607 159300 237405 159900
15105 147780 16131 148380
220761 159780 221559 160380
223041 148740 224979 149340
233643 156900 235353 157980
224523 151140 225093 151740
51585 156420 55347 157020
51585 158340 55347 158940
218025 148260 219963 148860
236037 146340 237975 146940
232503 146340 233301 146940
220761 146340 221559 146940
230679 147300 231477 147900
220875 148740 221673 149340
233871 146340 235581 147420
235923 154980 236949 155580
234783 147780 235581 148380
229539 158340 230337 158940
217341 151620 218367 152220
53523 147780 55461 148380
218253 156420 219051 157020
227487 159300 228513 159900
222813 159300 224751 159900
230337 159300 231363 159900
224067 153540 224865 154140
237291 152580 238887 153180
221559 147300 223497 147900
221787 158340 223725 158940
236379 147300 237405 147900
231135 148260 233073 148860
215517 156420 217455 157020
220419 153060 221217 153660
218025 158820 219963 159420
226119 159780 226917 160380
232503 155940 233529 156540
51585 159300 55347 159900
226119 156900 226689 157500
226917 153540 228855 154140
51585 148740 55347 149340
236607 153540 237405 154140
235239 160260 236037 160860
223611 157380 224181 157980
237291 154980 238887 155580
228741 152580 229767 153180
219051 150180 220077 150780
234099 154980 235125 155580
227715 157380 228741 157980
218025 154980 219051 155580
218025 153060 219051 153660
234783 159300 235809 159900
227943 148740 228969 149340
218025 154020 219963 154620
236151 151140 237177 151740
225435 147780 227373 148380
230793 149220 232389 150300
513 152580 44403 153180
237291 151140 238887 151740
228741 150180 230337 151260
235923 149700 236949 150300
217341 149700 218367 150300
237291 155940 238887 156540
225435 154020 226005 154620
237291 158340 238887 158940
227715 160260 228741 160860
230337 160260 231363 160860
219507 154980 220077 155580
231135 156900 231591 157500
238089 160260 238887 160860
85785 155940 93195 156540
230907 151620 231477 152220
205941 147780 208335 148380
235695 157380 236265 157980
116109 150660 123519 151260
206853 157380 215631 157980
237291 149700 238887 150300
206853 152580 215631 153180
232959 150180 233757 150780
222927 160260 223611 160860
222927 146340 223953 146940
224523 154980 225093 155580
231591 151140 232275 151740
220761 147300 221217 147900
222699 151140 223269 151740
221103 154980 221901 155580
233415 149220 233985 149820
218937 152100 219621 152700
231135 146340 231705 146940
227259 158340 227829 158940
228171 154500 228855 155100
228627 158820 228969 159420
223383 149700 224409 150300
225207 159300 225777 159900
93081 146340 95475 146940
226917 152100 227373 152700
231363 157860 233301 158460
231135 150660 231477 151260
220647 150180 221217 150780
56259 147780 56487 148380
228969 154020 230565 155100
235695 147300 236151 147900
56145 156420 57855 157020
56145 150660 56487 151260
219165 156900 220761 157980
221445 149700 221901 150300
227715 151620 228285 152220
231249 153540 231933 154140
226917 148740 227601 149340
227943 146820 228399 147420
56145 155460 56487 156060
139137 151140 146547 151740
184053 155460 191463 156060
230451 146340 230793 146940
56145 160260 56487 160860
93081 156900 95475 157500
234555 158340 235125 158940
116109 155460 123519 156060
236493 158340 237177 158940
220647 151140 221217 151740
55233 157380 56259 157980
15105 156900 18867 157500
513 160260 15219 160860
230451 156420 231021 157020
205941 160260 206967 160860
235239 155940 235695 156540
18753 147300 20235 147900
56145 146820 57855 147420
221559 152580 221901 153180
139137 155940 146547 156540
184053 150660 191463 151260
56145 152580 57855 153180
224067 158340 224409 158940
233643 154500 233985 155100
93081 152100 95475 152700
235923 154020 236265 154620
232959 147300 233529 147900
56145 151620 57855 152220
93081 147300 95475 147900
230337 148260 230793 148860
93081 151140 95475 151740
