G6:
235467 154500 236151 155100
236835 151620 237405 152220
222813 155460 226575 156060
232275 155460 232845 156060
227031 156900 228741 157500
231249 158820 231477 159420
231249 159780 231591 160380
235239 156900 237177 157500
215517 150660 219279 151260
220647 154980 221217 155580
233871 147300 235809 147900
221787 158820 222357 159420
220419 151620 227829 152220
227031 157860 228741 158460
232959 149220 233529 149820
227259 149220 228741 149820
235923 147780 236265 148380
235353 151140 235923 151740
227259 154980 228741 155580
230451 149220 230907 149820
233643 157860 235581 158460
221787 153060 225549 153660
230451 157860 231021 158460
230679 151140 231705 151740
