G3:
168321 158820 170715 159420
168321 154020 170715 154620
168321 149220 170715 149820
130701 159300 133095 159900
130701 158340 133095 158940
130701 154500 133095 155100
130701 153540 133095 154140
130701 149700 133095 150300
130701 148740 133095 149340
192489 154980 214491 155580
146433 150180 168435 150780
170601 159780 192603 160380
170601 150180 192603 150780
146433 159780 168435 160380
44289 158340 51699 158940
44289 154500 51699 155100
146433 154980 168435 155580
123405 160260 130815 160860
63897 159780 85899 160380
123405 150660 130815 151260
44289 159300 51699 159900
229653 155460 230565 156060
44289 148740 51699 149340
123405 155460 130815 156060
214377 149220 218139 149820
223269 154020 225207 154620
56373 150660 65151 151260
15105 149220 18867 149820
44289 153540 51699 154140
27417 159780 34827 160380
27417 150180 34827 150780
44289 149700 51699 150300
214377 158820 218139 159420
214377 150180 218139 150780
513 158820 15219 159420
214377 159780 218139 160380
230679 152580 231477 153180
225207 150180 227145 150780
221787 154980 223725 155580
221787 149220 223497 150300
223383 155940 224181 156540
220647 156900 222585 157500
227259 156420 227829 157020
16587 154980 18525 155580
214377 154020 218139 154620
236037 149220 236493 149820
231363 150180 233073 151260
221103 154020 221901 154620
232959 152580 233529 153180
229539 156420 230565 157020
227487 149700 228057 150300
225891 158340 226917 158940
226575 151140 227373 151740
15105 154020 18867 154620
214377 147300 218139 147900
232959 160260 233757 160860
15105 159780 18867 160380
218253 151620 219051 152220
228855 153060 230451 154140
227487 150660 228057 151260
225663 156420 226689 157020
235581 154020 236037 154620
232275 154980 234213 155580
232959 156900 233757 157500
237291 154500 238887 155100
236151 155460 236607 156060
56145 158340 57855 158940
230337 159780 231363 160380
221103 152100 221901 152700
233415 148260 235125 149340
228627 146340 230565 146940
225435 153060 227031 154140
228171 155460 229197 156060
223383 152100 224409 152700
237291 158820 238887 159420
236037 153060 236493 153660
235581 154980 236037 155580
232503 158340 233529 158940
219849 159780 220875 160380
227031 158820 228741 159420
220191 158820 220761 159420
231819 148740 232617 149340
237291 152100 238887 152700
222699 157860 223497 158460
237291 149220 238887 149820
237291 153540 238887 154140
235011 151620 236949 152220
235923 160260 236379 160860
228627 147300 229653 147900
229767 149700 230793 150300
57741 156420 130815 157020
236493 154020 237177 154620
223383 156900 224181 157500
237291 157380 238887 157980
217341 156420 218367 157020
228855 148260 230451 149340
218937 153060 220533 154140
218937 155940 220533 157020
222813 147780 224751 148380
214377 152100 218139 152700
221103 153060 221901 153660
132981 156420 206055 157020
237291 148260 238887 148860
56373 155460 65151 156060
235695 159300 236379 159900
170601 148260 214491 148860
219165 154500 219849 155100
233985 158820 234441 159420
234783 158820 235239 159420
228627 150180 228855 150780
221103 158340 221901 158940
226803 154980 227373 155580
221445 146340 223041 147420
218025 146340 219963 146940
72333 155460 116223 156060
235467 150180 236151 150780
220989 150660 221559 151260
237291 147300 238887 147900
233643 151140 234213 151740
230337 158820 231363 159420
225207 159780 226233 160380
237291 159780 238887 160380
57741 146820 130815 147420
233415 153540 233985 154140
224979 151140 225777 151740
218595 148740 219165 149340
219165 158340 219849 158940
223839 146340 224409 146940
222927 159780 223611 160380
170601 157860 214491 158460
220191 152100 220419 152700
18753 154980 27531 155580
224979 147780 225549 148380
235581 155940 236037 156540
132981 151620 206055 152220
513 146820 44403 147420
237063 156420 237405 157020
235809 148260 236265 148860
228627 151140 229653 151740
230223 150660 231249 151260
198645 160260 206055 160860
236151 156420 236607 157020
237291 150660 238887 151260
236151 158340 236607 158940
57741 152580 130815 153180
513 155460 15219 156060
93081 149220 95475 149820
219963 154980 220761 155580
219849 147300 220875 147900
222699 150660 223269 151260
18753 151140 27531 151740
233415 155940 233757 156540
55233 152580 56259 153180
218253 149700 218937 150300
226119 146340 226347 146940
220419 148260 221217 148860
132981 146820 206055 147420
57741 157380 130815 157980
230679 148260 231249 148860
57741 151620 130815 152220
224865 148740 225549 149340
18753 155940 27531 156540
227259 153060 228741 153660
16017 147780 16245 148380
205941 152580 206967 153180
228627 152100 230565 152700
235239 157380 235809 157980
44289 151620 51699 152220
93081 154020 95475 154620
513 151140 15219 151740
55233 159300 56259 159900
222699 158820 223497 159420
225435 154980 226119 155580
237861 146340 238887 146940
235011 153060 235581 153660
233643 146820 233985 147420
55233 151620 56259 152220
55233 154500 56259 155100
44289 152580 51699 153180
18753 158820 20235 159420
214377 151140 218139 151740
224979 152100 225549 152700
227259 148260 228741 148860
228627 156900 228855 157500
205941 153540 208335 154140
232503 153540 233073 154140
236151 157380 236379 157980
226803 147300 227373 147900
72333 150660 116223 151260
224067 151140 224637 151740
55233 155460 56259 156060
230907 157860 231477 158460
205941 149700 208335 150300
93081 159780 95475 160380
227031 160260 227829 160860
56145 149700 57855 150300
227259 154020 228741 154620
513 157380 44403 157980
228627 157860 230565 158460
228627 159780 228969 160380
56373 147780 57855 148380
214377 153060 218139 153660
235467 146340 235809 146940
93081 158820 95475 159420
56145 148740 57855 149340
236493 147780 237177 148380
205941 159300 208335 159900
205941 150660 206967 151260
513 148260 15219 148860
93081 148260 95475 148860
513 153060 15219 153660
220989 160260 221559 160860
226803 149220 227373 149820
15105 152100 18867 152700
220533 149700 221559 150300
18753 153060 20235 153660
215517 157380 219279 157980
17043 147780 46341 148380
55233 153540 56259 154140
513 150180 15219 150780
