G5:
191349 155460 198759 156060
237291 154020 238887 154620
225891 149700 226917 150300
228741 156900 230337 157980
223611 154980 224637 155580
237177 152100 237405 152700
222471 156900 223497 157500
236151 154020 236607 154620
154869 155460 184167 156060
230223 152580 230793 153180
228627 154980 232389 155580
225435 148260 227031 149340
219849 154020 220419 154620
235239 159780 235695 160380
226803 154020 227373 154620
205941 148740 208335 149340
55233 158340 56259 158940
232503 156420 233529 157020
219165 150660 221103 151260
235467 147780 236037 148380
232959 159300 234897 159900
225435 152100 227031 153180
235695 150660 236151 151260
219051 148740 220989 149340
226119 150660 226347 151260
235239 156420 235809 157020
235923 153060 236151 153660
215517 159300 222927 159900
237063 151140 237405 151740
227259 155940 228741 156540
132981 157380 206055 157980
221445 149220 221901 149820
237063 156900 237405 157500
231249 159300 231477 159900
218253 148740 218709 149340
34713 151140 64011 151740
221331 156420 221901 157020
226461 155460 227145 156060
205941 151620 206967 152220
513 156420 44403 157020
223383 146820 227145 147420
237063 158340 237405 158940
208221 155460 222927 156060
225093 154020 225549 154620
232275 149700 236037 150300
205941 156420 206967 157020
72333 160260 116223 160860
230223 158340 230793 158940
224067 157380 227829 157980
214377 156900 218139 157500
220989 146820 221559 147420
95361 147300 168435 147900
95361 148260 168435 148860
232959 148260 233529 148860
224067 148260 224637 148860
132981 152580 206055 153180
1995 154980 16701 155580
227715 147780 231477 148380
229995 146820 233757 147420
56145 159300 57855 159900
223497 159780 223839 160380
231363 153060 235125 153660
223383 158820 227145 159420
228627 149220 230565 149820
208221 147780 222927 148380
221559 150180 225321 150780
236379 153060 238317 153660
18753 157860 20235 158460
220419 158340 220761 158940
236379 150180 238317 150780
228513 150660 228855 151260
228399 159300 228969 159900
93081 153060 95475 153660
235467 158820 235809 159420
218823 149700 219165 150300
198645 150660 206055 151260
231249 157380 231591 157980
228627 153060 228969 153660
22401 150660 29811 151260
34713 150180 64011 150780
228627 160260 228969 160860
235467 157860 235809 158460
221673 157860 222015 158460
230451 154020 231021 154620
18753 152100 20235 152700
233415 155460 235353 156060
231363 151620 235125 152220
34713 154980 64011 155580
237063 147780 237405 148380
15105 147300 18867 147900
215517 152580 219279 153180
226803 159780 227373 160380
205941 146820 206967 147420
55233 148740 56259 149340
236835 159780 237405 160380
230451 155940 231021 156540
227031 150660 227601 151260
233415 154020 233985 154620
