G4:
15334881 3567300 15468375 3571260
15334881 3604740 15468375 3608700
15334881 3444420 15468375 3475260
15334881 3348420 15468375 3379260
15334881 3505860 15468375 3536700
15334881 3411780 15468375 3427260
15175167 3528900 15197169 3529500
15162627 3591300 15164109 3591900
15173799 3433860 15195801 3434460
15167415 3393540 15168327 3394140
15166731 3385860 15167529 3386940
15152139 3490980 15155445 3491580
15162627 3468420 15165249 3469020
15169239 3468420 15170037 3469500
15157383 3562020 15161601 3562620
15150999 3605220 15151797 3605820
15165135 3446820 15168669 3447420
15164451 3394020 15166845 3394620
15164451 3568260 15165249 3569340
15168555 3450180 15169353 3451260
15164451 3465060 15165477 3465660
15161373 3368100 15164565 3368700
15171291 3538500 15172773 3539100
15158979 3548100 15160689 3548700
15148149 3476100 15151569 3476700
15150543 3583620 15152481 3584700
15153507 3548100 15154305 3549180
15146781 3489540 15148605 3490140
15158523 3567300 15159321 3568380
15153279 3553860 15154077 3554940
15149859 3559620 15153165 3560220
15150999 3527940 15151797 3529020
15158979 3382020 15159777 3383100
15152367 3549060 15153165 3550140
15159435 3467460 15160917 3468060
15150999 3452100 15151797 3453180
15163539 3568260 15164337 3569340
15164451 3542340 15165249 3543420
15150087 3543300 15150885 3544380
15173799 3553860 15195801 3554460
15163083 3382980 15163881 3384060
15158523 3400260 15159321 3401340
15152595 3551940 15153393 3553020
15159891 3445380 15160689 3446460
15164451 3566340 15165249 3567420
15149403 3452100 15150201 3453180
15148149 3351300 15150201 3351900
15149859 3548100 15150657 3549180
15150999 3350340 15151797 3351420
15156015 3452100 15156813 3453180
15171519 3390180 15182577 3390780
15158295 3454020 15159093 3455100
15150543 3593220 15151341 3594300
15147807 3453060 15148605 3454140
15150087 3418980 15153393 3419580
15161715 3444900 15183717 3445500
15155787 3441540 15156585 3442620
15151911 3451140 15152709 3452220
15148149 3597540 15150201 3598140
15150999 3442500 15151797 3443580
15161031 3556740 15162627 3557820
15153621 3401220 15155217 3402300
15159663 3601860 15161601 3602940
15148149 3583140 15150201 3583740
15165135 3559620 15173913 3560220
15163539 3496740 15165249 3497340
15162627 3384900 15163881 3385500
15151683 3566820 15157269 3567420
15153051 3542820 15159549 3543420
15147807 3438660 15148605 3439740
15173571 3389220 15176877 3389820
15160461 3405060 15163653 3405660
15149175 3551940 15149973 3553020
15149859 3493860 15152937 3494460
15148149 3538500 15150201 3539100
15151683 3543780 15154989 3544380
15148149 3362820 15150201 3363420
15146781 3593700 15149973 3594300
15148149 3497700 15149973 3498300
15155559 3510180 15156813 3510780
15146781 3602820 15147921 3603900
15171291 3530820 15174369 3531420
15146781 3604740 15147921 3605820
15146781 3472740 15149973 3473340
15173115 3381540 15182349 3382140
15148149 3530820 15150201 3531420
15158979 3550020 15164565 3550620
15146781 3533700 15148605 3534300
15156015 3418500 15165249 3419100
15146781 3562020 15150201 3562620
15148149 3572580 15151569 3573180
15159663 3558660 15161601 3559740
15151455 3561540 15152709 3562140
15148149 3598500 15149517 3599100
15146781 3408900 15148833 3409500
15146781 3490980 15150201 3491580
15148149 3512580 15150201 3513180
15148149 3485700 15149973 3486300
15146781 3464580 15150201 3465180
15180867 3369060 15184059 3369660
15169011 3385860 15170721 3386460
15146781 3535140 15150201 3535740
15148149 3576900 15150201 3577500
15158751 3388260 15160233 3388860
15184743 3552900 15195801 3553500
15149859 3550980 15160917 3551580
15161943 3570180 15163425 3570780
15146781 3353700 15150201 3354300
15156585 3378180 15159549 3378780
15150429 3448260 15152253 3448860
15167415 3404100 15169353 3405180
15153963 3589860 15155217 3590460
15160803 3565860 15163881 3566460
15146781 3567780 15150201 3568380
15146781 3452100 15148833 3452700
15150999 3607620 15152253 3608220
15148149 3590820 15149973 3591420
15161715 3492420 15163653 3493020
15154647 3595620 15157155 3596220
15163539 3548100 15165249 3548700
15148149 3481860 15149973 3482460
15148149 3360900 15150201 3361500
15153507 3373860 15155901 3374460
15146781 3418500 15147921 3419580
15169011 3386820 15170721 3387420
15146781 3480900 15148605 3481500
15165135 3588420 15173913 3589020
15148149 3350340 15149517 3350940
15184287 3448260 15195345 3448860
15149175 3402180 15150657 3402780
15176991 3519300 15191697 3519900
15148149 3365220 15150201 3365820
15166275 3464100 15167529 3464700
15168099 3538980 15169353 3539580
15146781 3509700 15148605 3510300
15195687 3530820 15198651 3531420
15148263 3587940 15149973 3588540
15159663 3586500 15161373 3587100
15146781 3444420 15149973 3445020
15166047 3402660 15167757 3403260
15151683 3546660 15157269 3547260
15163083 3436260 15164565 3436860
15163767 3453540 15165477 3454140
15175965 3526980 15197967 3527580
15172659 3423780 15183717 3424380
15156243 3570180 15157497 3570780
15148149 3478500 15150429 3479100
15149859 3563940 15151341 3564540
15182691 3461700 15197397 3462300
15149859 3408900 15151569 3409500
15146781 3433860 15149289 3434460
15166503 3575940 15167985 3576540
15158523 3440100 15160917 3440700
15154647 3576420 15160233 3577020
15164337 3472260 15165249 3472860
15162855 3461700 15165249 3462300
15171063 3537540 15172773 3538140
15162627 3596580 15164337 3597180
15155331 3486660 15157041 3487260
15157155 3583620 15158637 3584220
15160803 3371940 15162057 3372540
15147807 3501060 15149517 3501660
15167415 3388260 15169125 3388860
15162171 3356580 15163881 3357180
15170379 3512100 15171633 3512700
15148605 3584100 15149973 3584700
15148149 3522660 15150657 3523260
15155787 3389220 15156243 3389820
15170835 3384900 15172089 3385500
15181095 3568260 15195801 3568860
15167643 3418020 15182349 3418620
15170151 3382020 15171405 3382620
15172659 3513060 15174369 3513660
15183375 3452100 15198081 3452700
15148149 3502500 15149289 3503100
15161943 3524100 15163197 3524700
15157611 3563940 15159321 3564540
15154647 3470820 15155901 3471420
15149403 3525060 15151797 3525660
15167871 3462660 15168441 3463260
15153279 3442500 15154761 3443100
15156243 3464580 15157725 3465180
15149859 3533700 15151569 3534300
15163311 3407460 15164565 3408060
15167871 3491940 15182577 3492540
15149403 3517380 15150885 3517980
15162171 3558660 15164565 3559260
15159435 3468420 15160917 3469020
15146781 3424740 15147921 3425340
15149403 3516420 15151797 3517020
15146781 3527460 15148377 3528060
15159891 3507780 15161373 3508380
15153507 3550020 15155217 3550620
15171747 3380580 15182805 3381180
15156699 3502980 15159093 3503580
15168555 3490500 15169809 3491100
15164223 3592260 15166617 3592860
15159207 3493860 15160917 3494460
15169923 3442500 15184629 3443100
15148605 3436260 15149973 3436860
15166959 3539940 15168669 3540540
15148149 3505860 15149517 3506460
15161943 3464580 15163197 3465180
15159891 3350340 15161373 3350940
15187251 3423300 15194661 3423900
15155559 3521700 15156813 3522300
15165363 3520740 15166845 3521340
15170037 3360900 15184743 3361500
15152367 3495300 15153849 3495900
15146781 3575460 15148377 3576060
15166503 3490500 15167985 3491100
15150315 3484740 15151797 3485340
15168669 3548100 15183375 3548700
15166275 3413220 15167757 3413820
15148149 3536100 15149517 3536700
15151797 3459300 15157383 3459900
15196827 3541380 15198651 3541980
15146781 3551940 15148605 3552540
15158067 3398820 15159321 3399420
15150543 3382500 15152025 3383100
15167073 3390660 15168897 3391740
15165363 3380580 15167073 3381180
15150543 3529860 15152481 3530460
15152253 3441060 15154077 3441660
15163995 3350340 15165249 3350940
15164223 3493380 15166617 3493980
15149859 3374820 15151569 3375420
15154875 3586980 15156585 3587580
15192609 3520740 15198195 3521340
15152823 3385860 15154305 3386460
15164223 3549060 15166617 3549660
15149859 3361860 15151797 3362460
15168555 3528420 15170949 3529020
15156015 3367140 15159777 3367740
15162399 3429540 15177105 3430140
15158295 3355620 15159777 3356220
15167871 3364740 15197169 3365340
15171747 3370500 15186453 3371100
15157839 3602820 15159093 3603420
15177447 3510660 15184857 3511260
15164223 3525060 15166617 3525660
15151911 3504900 15154761 3505500
15158979 3360420 15160917 3361020
15160347 3385380 15161601 3385980
15150429 3440580 15151797 3441180
15163539 3404100 15165249 3404700
15152595 3525540 15154305 3526140
15150429 3430980 15151797 3431580
15165363 3356580 15172773 3357180
15156015 3417060 15157497 3417660
15166959 3484260 15169353 3484860
15153963 3505860 15155787 3506460
15174255 3486660 15188961 3487260
15159435 3517380 15161145 3517980
15182235 3413700 15196941 3414300
15169011 3466980 15183717 3467580
15164223 3361380 15167073 3361980
15182463 3597540 15184059 3598140
15156813 3379620 15160575 3380220
15149859 3565380 15151569 3565980
15173571 3591780 15180981 3592380
15159435 3458820 15161145 3459420
15148491 3499620 15150201 3500220
15163083 3588420 15164565 3589020
15195687 3594180 15197625 3595740
15183603 3586500 15198309 3587100
15151455 3414180 15153165 3414780
15174255 3476100 15188961 3476700
15163311 3562020 15178017 3562620
15158181 3536100 15159777 3536700
15167415 3389700 15168897 3390300
15166503 3382980 15169353 3383580
15167871 3566820 15182577 3567420
15172887 3351300 15187593 3351900
15163083 3543780 15164565 3544380
15161487 3528420 15165249 3529020
15181095 3576900 15195801 3577500
15148491 3570180 15150201 3570780
15172203 3542340 15177789 3542940
15170151 3438660 15184857 3439260
15156015 3388260 15157497 3388860
15165363 3583140 15169125 3583740
15166503 3544260 15181209 3544860
15146781 3457380 15150543 3457980
15173799 3583620 15188505 3584220
15192609 3367140 15198195 3367740
15168783 3462660 15183489 3463260
15178131 3457380 15183717 3457980
15169011 3394980 15174597 3395580
15164223 3357540 15171633 3358140
15175167 3365700 15189873 3366300
15159435 3447300 15165021 3447900
15164223 3577380 15171633 3577980
15148491 3574020 15149973 3574620
15169239 3368580 15170493 3369180
15151797 3596580 15152709 3597180
15165135 3540900 15166845 3541500
15181095 3432900 15195801 3433500
15154305 3448260 15159891 3448860
15182235 3563460 15196941 3564060
15173799 3531780 15197625 3532380
15150771 3392100 15160005 3392700
15151227 3409860 15151683 3410460
15166503 3437700 15181209 3438300
15163767 3428580 15178473 3429180
15154533 3601380 15156129 3601980
15158067 3476100 15159321 3476700
15160803 3372900 15162285 3373500
15166503 3529860 15170265 3530460
15157383 3425220 15158637 3425820
15168555 3466020 15183261 3466620
15172203 3582660 15186909 3583260
15165135 3445860 15168897 3446460
15165363 3571620 15172773 3572220
15149859 3398820 15151569 3399420
15158295 3478500 15159549 3479100
15158067 3469860 15159207 3470460
15151455 3388740 15155217 3389340
15166503 3349380 15168213 3349980
15166503 3352260 15181209 3352860
15164223 3487620 15166617 3488220
15148149 3377220 15149061 3377820
15183147 3396900 15184059 3397500
15153735 3597540 15156585 3598140
15192267 3371460 15197853 3372060
15160803 3357540 15162285 3358140
15172431 3409860 15187137 3410460
15171063 3476100 15173913 3476700
15169011 3371940 15183717 3372540
15166503 3465540 15167985 3466140
15163539 3419940 15167301 3420540
15170949 3369540 15172773 3370140
15170607 3514020 15178017 3514620
15170607 3558660 15185313 3559260
15169011 3489540 15171861 3490140
15166503 3600900 15181209 3601500
15160803 3606660 15164565 3607260
15187593 3524100 15195003 3524700
15155787 3384420 15159549 3385020
15161715 3522660 15163425 3523260
15152139 3528420 15154989 3529020
15168099 3498180 15171861 3498780
15171975 3543300 15186681 3543900
15148149 3578340 15155559 3578940
15146781 3409860 15150543 3410460
15146781 3348420 15148719 3349020
15167643 3471780 15182349 3472380
15185427 3495300 15192837 3495900
15159207 3591300 15160917 3591900
15149859 3468900 15152709 3469500
15152139 3538980 15153849 3539580
15153279 3606180 15157041 3606780
15152253 3602340 15153849 3602940
15167187 3535140 15168441 3535740
15161943 3498180 15164793 3498780
15158979 3365700 15162741 3366300
15182463 3602340 15184059 3602940
15168099 3408420 15182805 3409020
15169695 3511140 15170949 3511740
15167415 3456900 15168669 3457500
15160233 3408420 15162057 3409020
15149859 3574980 15152481 3576060
15164223 3514020 15167985 3514620
15170835 3363300 15174597 3363900
15161601 3427620 15176307 3428220
15168783 3456420 15183489 3457020
15159435 3361380 15162285 3361980
15161715 3407460 15162513 3408060
15183147 3574500 15184059 3575100
15173343 3447300 15180753 3447900
15167415 3362340 15169353 3362940
15166731 3480420 15181437 3481020
15158979 3439140 15162741 3439740
15160917 3503460 15163767 3504060
15170949 3468420 15178359 3469020
15153963 3588900 15156813 3589500
15174483 3540420 15176079 3541500
15167529 3552420 15169125 3553020
15186795 3490500 15194205 3491100
15160575 3460260 15182577 3460860
15185313 3514980 15192723 3515580
15163197 3586980 15164337 3587580
15167529 3375300 15182235 3375900
15188391 3601860 15195801 3602460
15173799 3501540 15181209 3502140
15146781 3413700 15150543 3414300
15162741 3420900 15164337 3421500
15158067 3549060 15160917 3549660
15181095 3605700 15195801 3606300
15159435 3587460 15162285 3588060
15169695 3520740 15170835 3521340
15150429 3417060 15152025 3417660
15183147 3500580 15184059 3501180
15154419 3383460 15157269 3384060
15151683 3466980 15154533 3467580
15153735 3574500 15157497 3575100
15183261 3538980 15184059 3539580
15159435 3519780 15162285 3520380
15163767 3573540 15167529 3574140
15154647 3545220 15157497 3545820
15167529 3461700 15168213 3462300
15160119 3370980 15161259 3371580
15160119 3433380 15161259 3433980
15171519 3415620 15178929 3416220
15148491 3359940 15151341 3360540
15148149 3477540 15153735 3478140
15189075 3480900 15196485 3481500
15171519 3507780 15174369 3508380
15148263 3557220 15151113 3557820
15149631 3438180 15157041 3438780
15170949 3557700 15185655 3558300
15158295 3396420 15162057 3397020
15164223 3521700 15165477 3522300
15162171 3601860 15164337 3602940
15154533 3429540 15156357 3430140
15167073 3457860 15169125 3458940
15155673 3430980 15159435 3431580
15149973 3347940 15150885 3348540
15158181 3560580 15160005 3561180
15149859 3509220 15152709 3509820
15185313 3376260 15192723 3376860
15166503 3406020 15172089 3406620
15166503 3596100 15181209 3596700
15159435 3482340 15162285 3482940
15182463 3418980 15184059 3419580
15157611 3528420 15160461 3529020
15182235 3368100 15184059 3368700
15151797 3592740 15152481 3593340
15164223 3495780 15165021 3496380
15155331 3404580 15158181 3405180
15166959 3541380 15167529 3541980
15167871 3518820 15170721 3519420
15153621 3424740 15154761 3425340
15166503 3396420 15167529 3397020
15152139 3418020 15154989 3418620
15166503 3590340 15195801 3590940
15170949 3453060 15178359 3453660
15164907 3556260 15168669 3556860
15169695 3567780 15177105 3568380
15160803 3436740 15162057 3437340
15146781 3389700 15150543 3390300
15173799 3606660 15188505 3607260
15171975 3413220 15174825 3413820
15156471 3541860 15158409 3542460
15173799 3478020 15181209 3478620
15169239 3370980 15171177 3371580
15197055 3571140 15198651 3571740
15149859 3521700 15152709 3522300
15157839 3403620 15158637 3404220
15170151 3591300 15173001 3591900
15148149 3355140 15150201 3355740
15173799 3481380 15181209 3481980
15166047 3362340 15166845 3362940
15153279 3370500 15154419 3371100
15159207 3471300 15160005 3471900
15169695 3555780 15170721 3556860
15173571 3503940 15174369 3504540
15157383 3408420 15158523 3409020
15171975 3524100 15173115 3524700
15164907 3432420 15172317 3433020
15175623 3535140 15178473 3535740
15173571 3392100 15176421 3392700
15166503 3462660 15167301 3463260
15154419 3483780 15156357 3484380
15148149 3595140 15150201 3595740
15158979 3509700 15160917 3510300
15162627 3487620 15163653 3488220
15157383 3575460 15158523 3576060
15153279 3407460 15154419 3408060
15158979 3483300 15162741 3483900
15155673 3508740 15158181 3509340
15150315 3519300 15153165 3519900
15183147 3495780 15184059 3496380
15146781 3546180 15147693 3546780
15166959 3376740 15167757 3377340
15151341 3479940 15152481 3480540
15151911 3563940 15152937 3564540
15172203 3515460 15173343 3516060
15185655 3572100 15193065 3572700
15166959 3527940 15167415 3528540
15164223 3454980 15165249 3455580
15162171 3454020 15162741 3454620
15170037 3365700 15171975 3366300
15150999 3443940 15154761 3444540
15173799 3441060 15176649 3441660
15161601 3432420 15164451 3433020
15166503 3414660 15167301 3415260
15166503 3536580 15169353 3537180
15159435 3544260 15162057 3545340
15152139 3384420 15154989 3385020
15167871 3500580 15168669 3501180
15156927 3579780 15157725 3580380
15170151 3415620 15170949 3416220
15149859 3526980 15152709 3527580
15168099 3525060 15169125 3525660
15156813 3381540 15157725 3382140
15173799 3420420 15174825 3421020
15190557 3394500 15197967 3395100
15152139 3416100 15152937 3416700
15161943 3598020 15164793 3598620
15154647 3410340 15157497 3410940
15175281 3525540 15182691 3526140
15169467 3353700 15170265 3354300
15171291 3536580 15172089 3537180
15171975 3403140 15173571 3404220
15148149 3465540 15149061 3466140
15149859 3486660 15153621 3487260
15162171 3385860 15164337 3386940
15161715 3452100 15164337 3453180
15157155 3428100 15160005 3428700
15156699 3501060 15157497 3501660
15166503 3566340 15167301 3566940
15161145 3473220 15164907 3473820
15171291 3409380 15172317 3409980
15170835 3510180 15171861 3510780
15195003 3400260 15196941 3400860
15166503 3564420 15167301 3565020
15168099 3350340 15197397 3350940
15172431 3393540 15173571 3394140
15162513 3458820 15164109 3459900
15156927 3412740 15157725 3413340
15174141 3524580 15175053 3525180
15152595 3529860 15153735 3530460
15164907 3476580 15165933 3477180
15166503 3603780 15167301 3604380
15162171 3454980 15162855 3456060
15155331 3604740 15156927 3605820
15187479 3399300 15194889 3399900
15162399 3593700 15164337 3594300
15152139 3413220 15153165 3413820
15187251 3472260 15198309 3472860
15163197 3534660 15164337 3535260
15154419 3538020 15155445 3538620
15161031 3518340 15162057 3518940
15161715 3484260 15164565 3484860
15166503 3399300 15168441 3399900
15164109 3538980 15165021 3539580
15168783 3514980 15171633 3515580
15154647 3562020 15155445 3562620
15158751 3353220 15161601 3353820
15156471 3549060 15157497 3549660
15169011 3392580 15170037 3393180
15161487 3504900 15162285 3505500
15163083 3555780 15164109 3556860
15169239 3488580 15169809 3489180
15170949 3430500 15171861 3431100
15168783 3541860 15171633 3542460
15148605 3559620 15149517 3560220
15162399 3428580 15163197 3429180
15163539 3375780 15164565 3376380
15172659 3520260 15176421 3520860
15169011 3449220 15176421 3449820
15152595 3579780 15154077 3580380
15156699 3529860 15157497 3530460
15176649 3457380 15177561 3457980
15162171 3548580 15162627 3549180
15152595 3555780 15153279 3556860
15160917 3576900 15161373 3577500
15150087 3492420 15152253 3493500
15149403 3549540 15151341 3550140
15169239 3423780 15172089 3424380
15168099 3503940 15169125 3504540
15162855 3441060 15166617 3441660
15159435 3375780 15160461 3376380
15154419 3536580 15156357 3537180
15168783 3435300 15169581 3435900
15162399 3359940 15163197 3360540
15148149 3375780 15149061 3376380
15154647 3519300 15155445 3519900
15149175 3445380 15152937 3445980
15168783 3400260 15169581 3400860
15152139 3378180 15153051 3378780
15153279 3365700 15156129 3366300
15155331 3421380 15157269 3422460
15157611 3352260 15158067 3352860
15162741 3505860 15164337 3506940
15148491 3418500 15149517 3419100
15165135 3503940 15166617 3504540
15153279 3513540 15154419 3514140
15161715 3440100 15176421 3440700
15153279 3457860 15154077 3458460
15167643 3380580 15170493 3381180
15159663 3529860 15160461 3530460
15156813 3538020 15157725 3538620
15161943 3395460 15163881 3396060
15154533 3427140 15155445 3427740
15157839 3487140 15159777 3487740
15153507 3446820 15157269 3447420
15154419 3495300 15155217 3495900
15166503 3408900 15167529 3409500
15149859 3380580 15151341 3381180
15167415 3497220 15168441 3497820
15170379 3376260 15170835 3376860
15183147 3472740 15184059 3473340
15166503 3410820 15167529 3411420
15198081 3460260 15198651 3461820
15169239 3487140 15169923 3487740
15149859 3560580 15151797 3561180
15158295 3601380 15159093 3601980
15174027 3384900 15176193 3385980
15166503 3522180 15167301 3522780
15161715 3490980 15162513 3491580
15168441 3416580 15172203 3417180
15154647 3362820 15155445 3363420
15152139 3483780 15153165 3484380
15164223 3584580 15165249 3585180
15156243 3607140 15160005 3607740
15171747 3509220 15172773 3509820
15162855 3563940 15163995 3564540
15171747 3485700 15173913 3486780
15150315 3587460 15153165 3588060
15170037 3398340 15171633 3399420
15174027 3535620 15175053 3536220
15162171 3509700 15164337 3510780
15183147 3601380 15184059 3601980
15164223 3482340 15165249 3482940
15162171 3419460 15162969 3420060
15160119 3542820 15161601 3543420
15146781 3366180 15148719 3366780
15173799 3536580 15174597 3537180
15147579 3568740 15148377 3569340
15171063 3367140 15178473 3367740
15161943 3358500 15162513 3359100
15160347 3461700 15161943 3462780
15170379 3499620 15171177 3500220
15171519 3392100 15172545 3392700
15146781 3607620 15148719 3608220
15174027 3522180 15176193 3523260
15148149 3526020 15150201 3526620
15170151 3452580 15170607 3453180
15148491 3368580 15149517 3369180
15159891 3378180 15160689 3378780
15166389 3375780 15166845 3376380
15156129 3593700 15156813 3594300
15168099 3487140 15168783 3487740
15158295 3593700 15159321 3594300
15158295 3497700 15159321 3498300
15163311 3399780 15164337 3400380
15166503 3481860 15167529 3482460
15160917 3583140 15162057 3583740
15172659 3541380 15173115 3541980
15150087 3496260 15152253 3497340
15161943 3472260 15162285 3472860
15152367 3535620 15153393 3536220
15152139 3532740 15153165 3533340
15166731 3473700 15167529 3474300
15169695 3390660 15171291 3391740
15148605 3428580 15149517 3429180
15154761 3590820 15155217 3591420
15160803 3523620 15161259 3524220
15156357 3514980 15157269 3515580
15153051 3421860 15154191 3422460
15154875 3477060 15157041 3478140
15159549 3533700 15161145 3534780
15172203 3488580 15173343 3489180
15154647 3354660 15155673 3355260
15157269 3397380 15158865 3398460
15161715 3401220 15164337 3402300
15170379 3403620 15171519 3404220
15153165 3372420 15154761 3373500
15168669 3377700 15169125 3378300
15151911 3554820 15152709 3555420
15168099 3507300 15169125 3507900
15152823 3415140 15153963 3415740
15171519 3387780 15172545 3388380
15159777 3398340 15161373 3399420
15165135 3451620 15167073 3452220
15153735 3533700 15154761 3534300
15170037 3526020 15170949 3526620
15167187 3557700 15168213 3558780
15168327 3398340 15169125 3398940
15160575 3367140 15161031 3367740
15148149 3467460 15150201 3468060
15167643 3374340 15168099 3374940
15153279 3590340 15153621 3590940
15162627 3371460 15163425 3372060
15148491 3581700 15149517 3582300
15169011 3494820 15169809 3495420
15171063 3443460 15171519 3444060
15157383 3506820 15159549 3507900
15170151 3534660 15171633 3535260
15171519 3535620 15172317 3536220
15155331 3349860 15156129 3350460
15155331 3496260 15156927 3497340
15197739 3499140 15198651 3499740
15152139 3353700 15153165 3354300
15162171 3353220 15164109 3354300
15164223 3507300 15165477 3507900
15152139 3570180 15154077 3570780
15153393 3389700 15155331 3390300
15151455 3569220 15152481 3569820
15158979 3474180 15159777 3474780
15159663 3579780 15161259 3580860
15157269 3517380 15157953 3517980
15153279 3473220 15154077 3473820
15157383 3559140 15158409 3559740
15183717 3376740 15184059 3377340
15148605 3514980 15149631 3515580
15163083 3491460 15165021 3492060
15166503 3469380 15167529 3469980
15159435 3570660 15160461 3571260
15157839 3555780 15159435 3556860
15166503 3523140 15167985 3523740
15157155 3591300 15157839 3592380
15155103 3559620 15157269 3560700
15175395 3533700 15176421 3534300
15149859 3514500 15150201 3515100
15157155 3371460 15158181 3372060
15167643 3563940 15169581 3564540
15157269 3595140 15158865 3596220
15148605 3600420 15149517 3601020
15170379 3477540 15171405 3478140
15152139 3430020 15153165 3430620
15154191 3450660 15154647 3451260
15164109 3362340 15165021 3362940
15169695 3510180 15170721 3510780
15159093 3380580 15162855 3381180
15152139 3461700 15152937 3462300
15159891 3593220 15161829 3594300
15175395 3504900 15176421 3505500
15153051 3433860 15154647 3434940
15155331 3493380 15157269 3494460
15152367 3425220 15153393 3425820
15150087 3541380 15152253 3542460
15159891 3567300 15162057 3568380
15150771 3514500 15152253 3515100
15173799 3492900 15174141 3493500
15165819 3526500 15166845 3527100
15150543 3588900 15152481 3589500
15159435 3494820 15160461 3495420
15155331 3472260 15156357 3472860
15168099 3376740 15168555 3377340
15153507 3583620 15154533 3584220
15152139 3481380 15152481 3481980
15161943 3391140 15165705 3391740
15161715 3588420 15162513 3589020
15157383 3433860 15159549 3434940
15162399 3507780 15163995 3508860
15167301 3454020 15168897 3455100
15153051 3571140 15154647 3572220
15148035 3390660 15149061 3391260
15165135 3536100 15166161 3536700
15157611 3456420 15158637 3457020
15152367 3373380 15152937 3373980
15170607 3389220 15171633 3389820
15159321 3429540 15161259 3430140
15168327 3419940 15168897 3420540
15155331 3358020 15157269 3358620
15152823 3537540 15154305 3538140
15160119 3475620 15161373 3476220
15155217 3540420 15156813 3541500
15183375 3596580 15185427 3597180
15169695 3503460 15170721 3504060
15157839 3422820 15158865 3423420
15157611 3510660 15159549 3511740
15166503 3488580 15167301 3489180
15150315 3428580 15151341 3429180
15162969 3379140 15163311 3379740
15158295 3461700 15159321 3462300
15159663 3476580 15161145 3477180
15152595 3408900 15153735 3409500
15150087 3394980 15150543 3395580
15164451 3524100 15165249 3524700
15162171 3488580 15162855 3489660
15162855 3475140 15163881 3475740
15157839 3569700 15158409 3570300
15195003 3501060 15196941 3501660
15156927 3505380 15158409 3505980
15161715 3591300 15162057 3591900
15152937 3403620 15153165 3404220
15162057 3477060 15163653 3478140
15157383 3354180 15159549 3355260
15152709 3476100 15154305 3477180
15153051 3382020 15154647 3383100
15158979 3350820 15159777 3351420
15157839 3566340 15159093 3566940
15150087 3571620 15151341 3572220
15157839 3512580 15159435 3513660
15162171 3535620 15164337 3536700
15146781 3520260 15148263 3520860
15161031 3469860 15162057 3470460
15166959 3485700 15169125 3486780
15148947 3358980 15150885 3359580
15167415 3401700 15168441 3402300
15150315 3406500 15151455 3407100
15153051 3489540 15154077 3490140
15153963 3403140 15154533 3403740
15161943 3511140 15162969 3511740
15155331 3487620 15157269 3488700
15152823 3604740 15154761 3605820
15167871 3515940 15168897 3516540
15153051 3560580 15154647 3561660
15169011 3586980 15170037 3587580
15155103 3564420 15156699 3565500
15154647 3522660 15158409 3523260
15153735 3488100 15154761 3488700
15168555 3397380 15170151 3397980
15164451 3574500 15165477 3575100
15153507 3358020 15154761 3358620
15150771 3386820 15152709 3387420
15164793 3450660 15167301 3451260
15154647 3425700 15155217 3426300
15163995 3595620 15165477 3596220
15158295 3406980 15158523 3407580
15159435 3553380 15160689 3553980
15183603 3377700 15184059 3378300
15164793 3580260 15165477 3580860
15172203 3493860 15173229 3494460
15149859 3460260 15150885 3460860
15165591 3538980 15166617 3539580
15198081 3388260 15198651 3389820
15154989 3406500 15155217 3407100
15167415 3521700 15171177 3522300
15161943 3571140 15162969 3571740
15151455 3427140 15152481 3427740
15183945 3515940 15192723 3517500
15155103 3419460 15157041 3420540
15153165 3390660 15154761 3391740
15149859 3430020 15151341 3430620
15183831 3533220 15184059 3533820
15155103 3432900 15157269 3433980
15181095 3592260 15195801 3592860
15173913 3534180 15174597 3534780
15156129 3556740 15157269 3557340
15150315 3510660 15152481 3511740
15162741 3494340 15164337 3495420
15152937 3399300 15154533 3400380
15163539 3589860 15164337 3590460
15160347 3551940 15161943 3553020
15171291 3487140 15172089 3487740
15150087 3600900 15152253 3601980
15154419 3353700 15155901 3354300
15157383 3386820 15159549 3387900
15198081 3378660 15198651 3380220
15167187 3513060 15168669 3513660
15159891 3597060 15161487 3598140
15198081 3455460 15198651 3457020
15152139 3355620 15153621 3356220
15165135 3607620 15173913 3608220
15157839 3490500 15158637 3491100
15164223 3594660 15165249 3595260
15163653 3410820 15163881 3411420
15157839 3521220 15158865 3521820
15154419 3452580 15155445 3453180
15155103 3530820 15156699 3531900
15153279 3524100 15154305 3524700
15158523 3489060 15160917 3489660
15161943 3350820 15162741 3351420
15160917 3501540 15162057 3502140
15164679 3509220 15165705 3509820
15152139 3428100 15153165 3428700
15163881 3570180 15164907 3570780
15159435 3393060 15160005 3393660
15155103 3474180 15157269 3475260
15153507 3437220 15154647 3437820
15166503 3587460 15167529 3588060
15159663 3546660 15160803 3547260
15166617 3518820 15166959 3519420
15153735 3559140 15154761 3559740
15160005 3608580 15163767 3609180
15171519 3500580 15172317 3501180
15155331 3462660 15157269 3463740
15166845 3374340 15167301 3374940
15169467 3384420 15170265 3385020
15158979 3394500 15160575 3395580
15159891 3364740 15160917 3365340
15160803 3513060 15162057 3513660
15159891 3563460 15161145 3564060
15150999 3497700 15152025 3498300
15155331 3533700 15156927 3534780
15154875 3414660 15157041 3415740
15151341 3604260 15151797 3604860
15164223 3557220 15165249 3557820
15149859 3437220 15150885 3437820
15164223 3366660 15165021 3367260
15157725 3449220 15158409 3450300
15154875 3592260 15157041 3593340
15162627 3585540 15164223 3586620
15164679 3358500 15165705 3359100
15167301 3351300 15167757 3351900
15157383 3490980 15157725 3491580
15150087 3390660 15152025 3391740
15156699 3515940 15157269 3516540
15150087 3371460 15152253 3372540
15154875 3348420 15157041 3349500
15161031 3457860 15162057 3458460
15154875 3409380 15155901 3409980
15169125 3517380 15170721 3518460
15159663 3514500 15161829 3515580
15164451 3400740 15165477 3401340
15156927 3370500 15157953 3371100
15149631 3373860 15150657 3374460
15151227 3457380 15152481 3457980
15162741 3517380 15164337 3518460
15162171 3437700 15164337 3438780
15169239 3574980 15171405 3576060
15152139 3499140 15153621 3499740
15159891 3538500 15161487 3539580
15170379 3473700 15171633 3474300
15170607 3570660 15171405 3571260
15175395 3483780 15197397 3484380
15156015 3590340 15157041 3590940
15164679 3572580 15165819 3573180
15175167 3493380 15176193 3493980
15162741 3392580 15164337 3393660
15172659 3539460 15173913 3540060
15168555 3576420 15170493 3577020
15158979 3526020 15159549 3526620
15149859 3598980 15150885 3599580
15160461 3401220 15161145 3402300
15167187 3511140 15168213 3511740
15160347 3531780 15161943 3532860
15146781 3446340 15150885 3446940
15160005 3463620 15161601 3464700
15154989 3582180 15155331 3582780
15159891 3390180 15160917 3390780
15158295 3374340 15159321 3374940
15150771 3599940 15151797 3600540
15171519 3521700 15172089 3522300
15175623 3537540 15176421 3538140
15162741 3531780 15164337 3532860
15161715 3468420 15162057 3469020
15149061 3509220 15149289 3509820
15157383 3390660 15158979 3391740
15176307 3388260 15184059 3388860
15159891 3572100 15160233 3572700
15160803 3515940 15161601 3516540
15159777 3369540 15161373 3370620
15155787 3436740 15156243 3437340
15149859 3424740 15150429 3425340
15162171 3529860 15164337 3530940
15169239 3509220 15169581 3509820
15151341 3434820 15152481 3435900
15151683 3454980 15152481 3455580
15164223 3372900 15165249 3373500
15153051 3564900 15154077 3565500
15153051 3465540 15154647 3466620
15157611 3592740 15158637 3593340
15160119 3604740 15161715 3605820
15176307 3387300 15184059 3387900
15158295 3578340 15159321 3578940
15157611 3480900 15159207 3481980
15174483 3538500 15176079 3539580
15198081 3445860 15198651 3447420
15175965 3536580 15197967 3537180
15150315 3585540 15152481 3586620
15173799 3477060 15174597 3477660
15156015 3376260 15156813 3376860
15153507 3428580 15154533 3429180
15169467 3532740 15171633 3533820
15154989 3455940 15156585 3457020
15156471 3363300 15157497 3363900
15170835 3353220 15192837 3353820
15170835 3494820 15171633 3495420
15155331 3467460 15156927 3468540
15159891 3454980 15160461 3455580
15154875 3598980 15157041 3600060
15159663 3584580 15161829 3585660
15158751 3465540 15159093 3466140
15183375 3546660 15184059 3547260
15158067 3580740 15159093 3581340
15158523 3466500 15159321 3467100
15150315 3536580 15152481 3537660
15150543 3395940 15152025 3396540
15162399 3471300 15164109 3471900
15150087 3474180 15152253 3475260
15167529 3379140 15169125 3380220
15162627 3456900 15164223 3457980
15164679 3502500 15165705 3503100
15154533 3369060 15158295 3369660
15167529 3355140 15169125 3356220
15159663 3478980 15161601 3480060
15153507 3367620 15154761 3368220
15161259 3403620 15162057 3404220
15159663 3505860 15161259 3506940
15197055 3402180 15198651 3402780
15155559 3398340 15157155 3399420
15150999 3471780 15152025 3472380
15167187 3517380 15168783 3518460
15167529 3549060 15169125 3550140
15153507 3582660 15154533 3583260
15153279 3534660 15153849 3535260
15150315 3505860 15152481 3506940
15150543 3436260 15151683 3436860
15166959 3504900 15169125 3505980
15155331 3363780 15156357 3364380
15153735 3502980 15154761 3503580
15154191 3423300 15154761 3423900
15152139 3520260 15152481 3520860
15172773 3396900 15173457 3397500
15153507 3493380 15154077 3493980
15160575 3480900 15161145 3481500
15171063 3526020 15172659 3527100
15162285 3394500 15162627 3395100
15148149 3504420 15149745 3505020
15198081 3561060 15198651 3562620
15167415 3538020 15168441 3538620
15158295 3385860 15159321 3386460
15146781 3584580 15148263 3585180
15156243 3573540 15157269 3574140
15169695 3367140 15170265 3367740
15146781 3541860 15148263 3542460
15152595 3565860 15153849 3566460
15198081 3370980 15198651 3372540
15173799 3475140 15174597 3475740
15154647 3364260 15155217 3364860
15163083 3388260 15165477 3388860
15167415 3509700 15169011 3510780
15164223 3600900 15164793 3601500
15162627 3567300 15163653 3567900
15166503 3406980 15172089 3407580
15176763 3550020 15177789 3550620
15161943 3555300 15162513 3555900
15164223 3405540 15165021 3406140
15168555 3401220 15169125 3401820
15155673 3503940 15157269 3505020
15171975 3528900 15173571 3529980
15152823 3598980 15154419 3600060
15161943 3564420 15162741 3565020
15164679 3393060 15166389 3393660
15164223 3571620 15164793 3572220
15158295 3538500 15159093 3539100
15152139 3382980 15152823 3384060
15162513 3430980 15164109 3432060
15162627 3501060 15164223 3502140
15161715 3485700 15162285 3486780
15159891 3564420 15161487 3565500
15163311 3544740 15163881 3545340
15150885 3404100 15152481 3405180
15165135 3582180 15165933 3582780
15148149 3518340 15148833 3518940
15155559 3500580 15156585 3501180
15158067 3429540 15158409 3430140
15154875 3587940 15155901 3588540
15164565 3421380 15166617 3421980
15169809 3496260 15171405 3497340
15146781 3394020 15157839 3394620
15158067 3603780 15159093 3604380
15164451 3456420 15165477 3457020
15159663 3521220 15161829 3522300
15149859 3602820 15150885 3603420
15169695 3470820 15170265 3471420
15190899 3393540 15198651 3394140
15160233 3536580 15161829 3537660
15154989 3512580 15156585 3513660
15172431 3505380 15173001 3505980
15154875 3408420 15155901 3409020
15164451 3537060 15165477 3537660
15150087 3462660 15152253 3463740
15163083 3533700 15164109 3534300
15162627 3479940 15164223 3481020
15150771 3399780 15151797 3400380
15174483 3518340 15198309 3518940
15166503 3554820 15195801 3555420
15155331 3532740 15156357 3533340
15150087 3435780 15150429 3436380
15152595 3430980 15154191 3432060
15160347 3540420 15161943 3541500
15171519 3472740 15172317 3473340
15172887 3387300 15173229 3387900
15160119 3598980 15161715 3600060
15169695 3549060 15170265 3549660
15148947 3378660 15149973 3379260
15159663 3575460 15160689 3576060
15171063 3493380 15171633 3493980
15174483 3382980 15175053 3383580
15157383 3539460 15158181 3540060
15162399 3551940 15163995 3553020
15158523 3588900 15159549 3589500
15168099 3476100 15168669 3476700
15157839 3572100 15159435 3573180
15156699 3465540 15158295 3466620
15198081 3394980 15198651 3396540
15151455 3421380 15152253 3421980
15146781 3500100 15148263 3500700
15161943 3352260 15162513 3352860
15164223 3359940 15164793 3360540
15165135 3425220 15166617 3426780
15155787 3490020 15156813 3490620
15151227 3540420 15152253 3541020
15176307 3512580 15177105 3513180
15154989 3526980 15156585 3528060
15160347 3382500 15162285 3383100
15153165 3350340 15154761 3351420
15161601 3487620 15162057 3488220
15149859 3385860 15150429 3386460
15157155 3395460 15157725 3396060
15183945 3381540 15192723 3383100
15159435 3574500 15160119 3575100
15169239 3540420 15170493 3541020
15169239 3505860 15171177 3506940
15148263 3461220 15149061 3461820
15163539 3520260 15164337 3520860
15164907 3501540 15165705 3502140
15189759 3525060 15197169 3525660
15161487 3575940 15165249 3576540
15156699 3526020 15158295 3527100
15150087 3403620 15150657 3404220
15158751 3500100 15159549 3500700
15153165 3358980 15154761 3360060
15198081 3553380 15198651 3554940
15157383 3472260 15159549 3473340
15149403 3431940 15151797 3432540
15150429 3566340 15151113 3567420
15158295 3492900 15159321 3493500
15155787 3423780 15157041 3424380
15165135 3510180 15165933 3510780
15170151 3547140 15170721 3547740
15148149 3367140 15152253 3367740
15157155 3393060 15157953 3393660
15153051 3573540 15154077 3574140
15150087 3420900 15150657 3421500
15166503 3411780 15195801 3412380
15150999 3562500 15151569 3563100
15165819 3363300 15166845 3363900
15196257 3487140 15198651 3488700
15160575 3484740 15161373 3485340
15150429 3553380 15152709 3553980
15157839 3518340 15159435 3519420
15336021 3443460 15440559 3444060
15161145 3434820 15164907 3435420
15156927 3454980 15157497 3456060
15160119 3600420 15160917 3601020
15176307 3507780 15177105 3508380
15162171 3470340 15162741 3470940
15149859 3423300 15153621 3423900
15171747 3400260 15172317 3400860
15149859 3465540 15150429 3466140
15158295 3597060 15159093 3597660
15151797 3478980 15152025 3479580
15157611 3470820 15158181 3471420
15154647 3398820 15155217 3399420
15153051 3591780 15154077 3592380
15167871 3414660 15182577 3415260
15177219 3384900 15184629 3385500
15157953 3462660 15159549 3463740
15157155 3557700 15160917 3558300
15198081 3421860 15198651 3423420
15171063 3503940 15172659 3505020
15166503 3584580 15195801 3586140
15155673 3351300 15157269 3352380
15162855 3358020 15163881 3358620
15155559 3561060 15156129 3561660
15156699 3507780 15157269 3508380
15155217 3457860 15156813 3458940
15153963 3481380 15154761 3481980
15154191 3585060 15155331 3585660
15149175 3558660 15150201 3559260
15146781 3370500 15148263 3371100
15174369 3569220 15198195 3569820
15175623 3382500 15183033 3383100
15176307 3511140 15177105 3511740
15170835 3527460 15171177 3528060
15153963 3436260 15154989 3436860
15198081 3524580 15198651 3526140
15149859 3596100 15150429 3596700
15172203 3498180 15197853 3498780
15152823 3405060 15154419 3406140
15154647 3485700 15157497 3486300
15171747 3574500 15172317 3575100
15158979 3358020 15160575 3359100
15190899 3537540 15198651 3538140
15196257 3380580 15198651 3382140
15155331 3401220 15156927 3402300
15162513 3526020 15164109 3527100
15166959 3367620 15169125 3368700
15155559 3413220 15156357 3413820
15173457 3401220 15195459 3401820
15146781 3471300 15148263 3471900
15149175 3528900 15150201 3529500
15175851 3361860 15197853 3362460
15157839 3540900 15158067 3541500
15169467 3401220 15171063 3402300
15162171 3474180 15162741 3474780
15167415 3545220 15196713 3545820
15159435 3399780 15160005 3400380
15165135 3406500 15165705 3407100
15148491 3352260 15152253 3352860
15151911 3558180 15152481 3558780
15183375 3404580 15185427 3405180
15162741 3540420 15164337 3541500
15148149 3372900 15150201 3373500
15171747 3527460 15171975 3528060
15164223 3516420 15165249 3517020
15166503 3597060 15181209 3600540
15152253 3410340 15152709 3410940
15169011 3373380 15198309 3373980
15157155 3356100 15157725 3356700
15148149 3524100 15150201 3524700
15151455 3508260 15152253 3508860
15169923 3379140 15195573 3379740
15166617 3466980 15166845 3467580
15154191 3551940 15156129 3552540
15151455 3370500 15152253 3371100
15164793 3546180 15166617 3546780
15176307 3515460 15176877 3516060
15159435 3409380 15160005 3409980
15188163 3404100 15195573 3405660
15161943 3533700 15162513 3534300
15183945 3458340 15192723 3459900
15161373 3428580 15162057 3429180
15149175 3422340 15149973 3422940
15157611 3598500 15158181 3599100
15153051 3463620 15154647 3464700
15163311 3451140 15164109 3451740
15183945 3424740 15192723 3426300
15168327 3358980 15197625 3359580
15198081 3507300 15198651 3508860
15146781 3420900 15149289 3421500
15149859 3482820 15151797 3483420
15151683 3381540 15152481 3382140
15190899 3513540 15198651 3514140
15175623 3500100 15176193 3500700
15155559 3580740 15157155 3581820
15155103 3507780 15155901 3508380
15166959 3358980 15167529 3359580
15154989 3572100 15156585 3573180
15150429 3546660 15151113 3547260
15161031 3600900 15161601 3601500
15157155 3586500 15157725 3587100
15156015 3524580 15157041 3525180
15150087 3454020 15150885 3454620
15154647 3361380 15155217 3361980
15166503 3422340 15195801 3422940
15151911 3453540 15153849 3454140
15156699 3514020 15157269 3514620
15153735 3352740 15154761 3353340
15155331 3435300 15155901 3435900
15161487 3590340 15162057 3590940
15153963 3515460 15154761 3516060
15164907 3484740 15166617 3485340
15172203 3496260 15173001 3496860
15149175 3406980 15149973 3407580
15153507 3496260 15154077 3496860
15159663 3460740 15160233 3461340
15157383 3406020 15157953 3406620
15151341 3465540 15151569 3466140
15168555 3363300 15169125 3363900
15148149 3359460 15148377 3360060
15152823 3593220 15154419 3594300
15165135 3457860 15166617 3458460
15152595 3515460 15153165 3516060
15196257 3477540 15198651 3479100
15156129 3406020 15156585 3406620
15183375 3386340 15184059 3386940
15154647 3562980 15155217 3563580
15148149 3364260 15153735 3364860
15155673 3499140 15157269 3500220
15198081 3589860 15198651 3591420
15197967 3493380 15198651 3493980
15152595 3369060 15153621 3369660
15153051 3536580 15153621 3537180
15187023 3430020 15198081 3430620
15149061 3589860 15149289 3590460
15150087 3397860 15150657 3398460
15166503 3389700 15166845 3390300
15149745 3588900 15149973 3589500
15149061 3466500 15149517 3467100
15166959 3508740 15167529 3509340
15156243 3518340 15157269 3518940
15161943 3493380 15162285 3493980
15153051 3480900 15153621 3481500
15192609 3441060 15198195 3441660
15164907 3395940 15165477 3396540
15153051 3540420 15153279 3541020
15466779 3443460 15467007 3444060
15155103 3395460 15155673 3396060
15146781 3495300 15148263 3495900
15183375 3550500 15184059 3551100
15148149 3498660 15148377 3499260
15183831 3505380 15184059 3505980
15169923 3359940 15195573 3360540
15168783 3452580 15169239 3453180
15160917 3573060 15162057 3573660
15170379 3349380 15196029 3349980
15152253 3446820 15152937 3447420
15149859 3433380 15152367 3433980
15152595 3396420 15153165 3397020
15148149 3586980 15149175 3587580
15161943 3561060 15183945 3561660
15166503 3409860 15170265 3410460
15195915 3368580 15198423 3369180
15188391 3539460 15197625 3540060
15155559 3480900 15157155 3481980
15175851 3412740 15197853 3413340
15170835 3518340 15172773 3518940
15152367 3426180 15153051 3426780
15169011 3478980 15169581 3479580
15198195 3495300 15198651 3495900
15165135 3370500 15166617 3372060
15153621 3395460 15154305 3396060
15154533 3594180 15154989 3594780
15183945 3467940 15192723 3469500
15155331 3368100 15155559 3368700
15159207 3456900 15161145 3457500
15160119 3397380 15164793 3397980
15169695 3500100 15170265 3500700
15152367 3478980 15153165 3479580
15152139 3377220 15155901 3377820
15198081 3351780 15198651 3353340
15183945 3397860 15192723 3398460
15173343 3402180 15188049 3402780
15157839 3604740 15159435 3605820
15152139 3503460 15153165 3504060
15162627 3579780 15163197 3580380
15183375 3430500 15184059 3431100
15166845 3581700 15168441 3582780
15161487 3426180 15162057 3426780
15146781 3384420 15150543 3385020
15149859 3515460 15150201 3516060
15152139 3568260 15155901 3568860
15171519 3539940 15172089 3540540
15151227 3513060 15153165 3513660
15173799 3454980 15181209 3455580
15176079 3488100 15183489 3488700
15170949 3573540 15178359 3574140
15153735 3432420 15154305 3433020
15197967 3494340 15198651 3494940
15170835 3374340 15196485 3374940
15156699 3552900 15157269 3553500
15158865 3491940 15161145 3492540
15173799 3406020 15195801 3406620
15158979 3407940 15159549 3408540
15150999 3348420 15154761 3349020
15153963 3474180 15154761 3474780
15198081 3514980 15198651 3516540
15148947 3419940 15149973 3420540
15148149 3579300 15150201 3579900
15146781 3455460 15151455 3456060
15155559 3511140 15156129 3511740
15198423 3592260 15198651 3593820
15198081 3506340 15198651 3506940
15190899 3533700 15198651 3534300
15167757 3603780 15197055 3604380
15148149 3532740 15150201 3533340
15164907 3471300 15166617 3471900
15153279 3488100 15153507 3488700
15198081 3476580 15198651 3477180
15241971 3593700 15256677 3608700
15157155 3498180 15157725 3498780
15149859 3377220 15150201 3377820
15154875 3557700 15155445 3558300
15168099 3579300 15168669 3579900
15157839 3496260 15158979 3496860
15155331 3387300 15155673 3387900
15164907 3351300 15166617 3351900
15156699 3600900 15157269 3601500
15227493 3440100 15242085 3470460
15165363 3479460 15167301 3480060
15146781 3425700 15150543 3426300
15149859 3531780 15150429 3532380
15154191 3511140 15154761 3511740
15152139 3595140 15154077 3595740
15158181 3551940 15158637 3552540
15150543 3466500 15151113 3467100
15181095 3464580 15195801 3465180
15154419 3501060 15154761 3501660
15166503 3397380 15166845 3397980
15167073 3605220 15167301 3605820
15154875 3516420 15156471 3517500
15163083 3463620 15163425 3464220
15156471 3561540 15157041 3562140
15146781 3544740 15154191 3545340
15175737 3489540 15197739 3490140
15175167 3387780 15175737 3388380
15167187 3470820 15167529 3471420
15157383 3350820 15157953 3351420
15198081 3400740 15198651 3401340
15161715 3534660 15162285 3535260
15153963 3518340 15155901 3518940
15146781 3606180 15150885 3606780
15183831 3547620 15184059 3548220
15149859 3388260 15150429 3388860
15171063 3529860 15171633 3530460
15152823 3402180 15153393 3402780
15241971 3470820 15256677 3501180
15172659 3406980 15198309 3407580
15164223 3449700 15167985 3450300
15174483 3393060 15174711 3393660
15166503 3507780 15167073 3508380
15164451 3478020 15165249 3478620
15150771 3375780 15154533 3376380
15164223 3398340 15166617 3398940
15153279 3500580 15154305 3501180
15173571 3483780 15173913 3484380
15161943 3387300 15165705 3387900
15165135 3498180 15166617 3499740
15146781 3608580 15157839 3609180
15161031 3454500 15162057 3455100
15158751 3508740 15159777 3509340
15156927 3368100 15160689 3368700
15159891 3391140 15161259 3391740
15183603 3580260 15184059 3580860
15336021 3436740 15440559 3437340
15149631 3381540 15149973 3382140
15156243 3372900 15157269 3373500
15167415 3397380 15167985 3397980
15152367 3456420 15152937 3457020
15148149 3506820 15150201 3507420
15163083 3433860 15163653 3434460
15198195 3523140 15198651 3523740
15190101 3408900 15197511 3409500
15188391 3481860 15195801 3482460
15157155 3605700 15157725 3606300
15163083 3500100 15163425 3500700
15163995 3365220 15167757 3365820
15161031 3496260 15161829 3496860
15170151 3478500 15171177 3479100
15227493 3532260 15242085 3562620
15160803 3568740 15162741 3569340
15175851 3416580 15197853 3417180
15166617 3594660 15181323 3595260
15164223 3379140 15166617 3379740
15160575 3465060 15161373 3465660
15187479 3496260 15198537 3496860
15149859 3470340 15151797 3470940
15181095 3607620 15195801 3609180
15153735 3498180 15155673 3498780
15161259 3378180 15165021 3378780
15159321 3527460 15163083 3528060
15161601 3374820 15162285 3375420
15183603 3549540 15184059 3550140
15183375 3398820 15185427 3399420
15165135 3605700 15166617 3606300
15160119 3351300 15161715 3352380
15166503 3395460 15168441 3396060
15166503 3489540 15167073 3490140
15161943 3383940 15162513 3385020
15165363 3519780 15169125 3520380
15173799 3569220 15174141 3569820
15165135 3470340 15166617 3470940
15162513 3582180 15162855 3582780
15166845 3471780 15167073 3472380
15151455 3555780 15152025 3556860
15164223 3599460 15165249 3600060
15169695 3355140 15170493 3355740
15159891 3470340 15160917 3470940
15165135 3483300 15168897 3483900
15161715 3375780 15162171 3376380
15154647 3520260 15158409 3520860
15164109 3579300 15164565 3579900
15183717 3573540 15184059 3574140
15165135 3578820 15166617 3579420
15164907 3604740 15166617 3605340
15161487 3603780 15165249 3604380
15158751 3499140 15159777 3499740
15160917 3373860 15164679 3374460
15160119 3596100 15160689 3596700
15465297 3437220 15466323 3437820
15167643 3459300 15168213 3459900
15182919 3389220 15183945 3389820
15148149 3357060 15151911 3357660
15183831 3428580 15184059 3429180
15161031 3500580 15162057 3501180
15154647 3548580 15155217 3549180
15166503 3502980 15168441 3503580
15146781 3442980 15150543 3443580
15152025 3402660 15152709 3403260
15183375 3514020 15185427 3514620
15161715 3347940 15169125 3348540
15183603 3541860 15184059 3542460
15176763 3520260 15191469 3520860
15183375 3588900 15184059 3589500
15192153 3387780 15197739 3388380
15151455 3502500 15152481 3503100
15170835 3556740 15196485 3557340
15176991 3587460 15191697 3588060
15164907 3442500 15166617 3443100
15150087 3369060 15152025 3369660
15149403 3400740 15149973 3401340
15162855 3462660 15163425 3463260
15180753 3604740 15195459 3605340
15198081 3562980 15198651 3563580
15164223 3446340 15164565 3446940
15183831 3478500 15184059 3479100
15152367 3501540 15153393 3502140
15170721 3500580 15171405 3501180
15161943 3366660 15162285 3367260
15166731 3467940 15167073 3468540
15161031 3425700 15161373 3426300
15161715 3467460 15162285 3468060
15161715 3512100 15162057 3512700
15467463 3437220 15468261 3437820
15150429 3554340 15151455 3554940
15174483 3482820 15198309 3483420
15152367 3380580 15156129 3381180
15157155 3365700 15157953 3366300
15188391 3429060 15195801 3429660
15149859 3502020 15150885 3502620
15158979 3598020 15159549 3598620
15146781 3412260 15150543 3412860
15165135 3486660 15166617 3487260
15157269 3376740 15164679 3377340
15146781 3549060 15148833 3549660
15183945 3415140 15185427 3415740
15165135 3382020 15166617 3382620
15169011 3495780 15169581 3496380
15166275 3388260 15166845 3388860
15146781 3450660 15150543 3451260
15146781 3459300 15150543 3459900
15150087 3603780 15150657 3604380
15241971 3501540 15256677 3531900
15149061 3527940 15149517 3528540
15165135 3532740 15166617 3533340
15147807 3550020 15149175 3550620
15147693 3421860 15147921 3422460
15163311 3512100 15167073 3512700
15153507 3452580 15153849 3453180
15149859 3368100 15150429 3368700
15170607 3387780 15170949 3388380
15188391 3485700 15195801 3486300
15176307 3508740 15191013 3509340
15164907 3480900 15166617 3481500
15152139 3531300 15154077 3531900
15157611 3380580 15158181 3381180
15183831 3367140 15184059 3367740
15183831 3450180 15198537 3451740
15156699 3380580 15157269 3381180
15156927 3440580 15157497 3441180
15161829 3388740 15162285 3389340
15157611 3585060 15157953 3585660
15152367 3397380 15156129 3397980
15155901 3386340 15156357 3386940
15152367 3374340 15152937 3374940
15159663 3581700 15160689 3582300
15158067 3516420 15159093 3517020
15159207 3490980 15159777 3491580
15148149 3507780 15149175 3508380
15198081 3390180 15198651 3390780
15149859 3568740 15150201 3569340
15155103 3465060 15155673 3465660
15165135 3601860 15173913 3602460
15182463 3506340 15183489 3506940
15164907 3589380 15166617 3589980
15165135 3435780 15166617 3437340
15164907 3458820 15166617 3459420
15156129 3603780 15156357 3604380
15165135 3359940 15166617 3360540
15165363 3531300 15169125 3531900
15183603 3395940 15184059 3396540
15164907 3354180 15166617 3354780
15148149 3349380 15151911 3349980
15188391 3560580 15197625 3561180
15198423 3424260 15198651 3425820
15165135 3550020 15166617 3550620
15158295 3590340 15158865 3590940
15171177 3490980 15178587 3491580
15154647 3469380 15155103 3469980
15165135 3475140 15166617 3475740
15165135 3558660 15166617 3559260
15149859 3479940 15150885 3480540
15165135 3443460 15166617 3444060
15150771 3407460 15151341 3408060
15164907 3353220 15166617 3353820
15160347 3354660 15164109 3355260
15146781 3539940 15150543 3540540
15164907 3430980 15166617 3431580
15164223 3526980 15164793 3527580
15146781 3415140 15150543 3415740
15198081 3551460 15198651 3553020
15154419 3411300 15158181 3411900
15459369 3410820 15459597 3411420
15166503 3574980 15166845 3575580
15154191 3454020 15157953 3454620
15150087 3439620 15157497 3440220
15168099 3463620 15182805 3464220
15171291 3501540 15171747 3502140
15169467 3579300 15176877 3579900
15152595 3450180 15152937 3450780
15166503 3492420 15166959 3493020
15152823 3360420 15153279 3361020
15146781 3483780 15148263 3484380
15160803 3502500 15161145 3503100
15149859 3358020 15150201 3358620
15159435 3535140 15159777 3535740
15164907 3552900 15166617 3553500
15176307 3503940 15191013 3504540
15151455 3389700 15152025 3390300
15198309 3349380 15198651 3349980
15152367 3581700 15152937 3582300
15159435 3496260 15160005 3496860
15146781 3463620 15148263 3464220
15227493 3378660 15242085 3409020
15166503 3533700 15167073 3534300
15148149 3494340 15149175 3494940
15173115 3400260 15180525 3400860
15156927 3364260 15157497 3364860
15168555 3459300 15183261 3459900
15149859 3581220 15150201 3581820
15177675 3499140 15192381 3499740
15146781 3587940 15147807 3588540
15146781 3405060 15150543 3405660
15153963 3556740 15154989 3557340
15156927 3582660 15157497 3583260
15173799 3387300 15174825 3387900
15241971 3409380 15256677 3439740
15198081 3556260 15198651 3557820
15163995 3433380 15171405 3433980
15146781 3511620 15148263 3512220
15166503 3565380 15195801 3565980
15165135 3385860 15166617 3386460
15159435 3450660 15163197 3451260
15167871 3452580 15168213 3453180
15164109 3416580 15164793 3417180
15241971 3562980 15256677 3593340
15188391 3534660 15197625 3535260
15157155 3438660 15157497 3439260
15153507 3411300 15153849 3411900
