G2:
15227493 3440100 15336135 3470940
15227493 3593700 15336135 3609180
15227493 3532260 15336135 3563100
15227493 3378660 15336135 3409500
15192609 3528420 15198651 3530940
15169923 3589380 15195573 3589980
15192609 3432420 15198651 3434940
15192609 3377700 15198651 3379260
15183945 3548580 15192723 3551100
15192609 3555300 15198651 3556860
15183945 3602340 15192723 3604860
15192609 3368100 15198651 3369660
15183945 3445860 15192723 3447420
15169923 3468420 15171063 3469020
15195687 3605700 15198537 3607260
15195687 3509700 15198537 3511260
15195687 3600900 15198537 3602460
15195687 3596100 15198537 3597660
15195459 3384900 15198309 3386460
15168213 3393540 15170037 3394140
15183945 3452580 15192723 3455100
15192609 3495780 15198651 3497340
15183945 3597540 15192723 3600060
15195459 3404100 15198309 3405660
15183945 3551460 15192723 3553020
15192609 3437220 15198651 3438780
15183945 3361380 15192723 3363900
15183945 3493860 15192723 3495420
15183945 3490980 15192723 3493500
15183945 3364260 15192723 3365820
15192609 3448740 15198651 3450300
15183945 3418980 15192723 3421500
15183945 3500580 15192723 3503100
15183945 3351780 15192723 3354300
15183945 3469860 15192723 3471420
15183945 3471780 15192723 3474300
15183945 3388260 15192723 3389820
15183945 3460260 15192723 3461820
15183945 3522660 15192723 3524220
15183945 3450660 15192723 3452220
15192609 3569700 15198651 3571260
15183945 3517860 15192723 3519420
15183945 3546660 15192723 3548220
15183945 3383460 15192723 3385020
15192609 3463140 15198651 3464700
15183945 3359460 15192723 3361020
15183945 3565860 15192723 3567420
15183945 3474660 15192723 3476220
15191583 3538500 15198651 3539100
15183945 3402660 15192723 3404220
15192609 3573540 15198651 3575100
15192609 3593700 15198651 3595260
15192609 3439140 15198651 3440700
15192609 3406500 15198651 3408060
15192609 3426660 15198651 3427260
15146781 3585060 15148263 3587100
15192609 3579300 15198651 3580860
15192609 3396900 15198651 3398460
15192609 3576420 15198195 3577980
15146781 3589860 15148263 3591900
15192609 3581220 15198651 3582780
15146781 3500580 15148263 3502620
15183603 3543780 15192723 3544380
15176991 3578340 15184059 3578940
15183945 3421860 15192723 3423420
15191583 3587460 15198651 3588060
15183945 3465060 15192723 3466620
15192609 3526500 15198651 3528060
15176991 3537060 15184059 3537660
15146781 3351780 15148263 3353820
15192609 3539940 15198651 3541500
15146781 3520740 15148263 3522780
15192609 3429540 15198651 3431100
15183603 3600420 15192723 3601020
15192609 3590820 15198195 3592380
15176991 3374820 15184059 3375420
15146781 3506340 15148263 3507420
15183603 3457380 15192723 3457980
15192609 3478500 15196371 3480060
15146781 3475620 15148263 3476700
15192609 3435300 15198651 3436860
15192609 3410340 15198651 3411900
15146781 3538980 15148263 3540060
15192609 3400740 15198195 3402300
15146781 3363300 15148263 3365340
15192609 3408420 15198651 3409980
15192609 3514020 15198195 3515580
15183603 3356580 15192723 3357180
15146781 3513060 15148263 3515100
15334881 3571140 15468375 3573180
15334881 3573540 15468375 3574140
15183603 3509220 15192723 3509820
15192609 3504420 15198651 3505980
15146781 3579300 15148263 3580380
15334881 3475140 15468375 3505980
15173799 3513540 15176421 3514140
15183603 3510180 15192723 3510780
15192609 3533220 15198651 3534780
15146781 3536100 15148263 3537180
15183603 3405540 15192723 3406140
15170151 3348420 15195801 3349020
15183603 3606180 15192723 3606780
15146781 3508260 15148263 3509340
15192609 3374820 15198651 3376380
15156357 3443940 15163767 3444540
15146781 3466020 15148263 3467100
15192609 3562020 15198195 3563580
15192609 3394020 15198195 3395580
15334881 3411300 15468375 3411900
15146781 3355620 15148263 3357660
15334881 3434820 15468375 3436860
15146781 3498660 15148263 3499740
15176991 3429540 15184059 3430140
15192609 3585060 15198651 3585660
15192609 3583140 15198651 3584700
15183603 3558180 15192723 3558780
15183603 3586020 15192723 3586620
15146781 3576420 15148263 3577500
15172203 3392580 15172773 3393180
15183603 3442980 15192723 3443580
15146781 3582180 15148263 3583260
15183603 3571620 15192723 3572220
15146781 3478500 15148263 3479580
15183603 3607140 15192723 3607740
15165363 3538020 15167529 3538620
15149859 3480420 15152025 3481020
15146781 3491940 15148263 3493020
15183603 3442020 15192723 3442620
15146781 3526500 15148263 3527580
15162171 3366660 15164337 3369660
15165135 3367620 15167073 3368220
15146781 3481380 15148263 3482460
15192609 3398820 15198651 3400380
15183603 3466980 15192723 3467580
15146781 3374820 15148263 3375900
15192609 3427620 15198651 3429180
15192609 3535140 15198651 3536700
15192609 3497700 15198651 3499260
15183603 3499620 15192723 3500220
15192609 3412260 15198651 3412860
15192609 3370020 15198195 3371580
15168099 3447300 15172773 3447900
15182691 3584100 15184059 3584700
15153507 3590340 15154305 3590940
15151911 3575940 15152709 3577020
15150087 3488580 15152253 3491580
15170037 3358020 15195687 3358620
15183603 3542820 15192723 3543420
15183603 3595620 15192723 3596220
15192609 3431460 15198651 3432060
15153051 3539460 15153849 3540060
15155103 3590820 15158637 3591420
15154077 3411780 15157269 3412860
15169239 3536580 15171405 3539580
15162171 3570660 15164565 3571260
15146781 3599460 15148263 3600540
15146781 3361380 15148263 3362460
15192609 3537060 15198651 3537660
15160803 3468900 15164337 3469500
15148035 3552900 15152709 3553500
15150087 3589380 15152253 3592380
15154875 3566340 15155673 3566940
15192609 3506340 15198195 3507900
15165135 3394500 15167073 3395100
15146781 3486180 15148263 3487260
15165135 3459780 15167073 3460380
15146781 3518820 15148263 3519900
15152139 3581220 15155673 3581820
15334881 3409860 15468375 3410940
15146781 3572580 15148263 3573660
15163083 3513060 15167301 3513660
15154419 3378180 15155673 3378780
15146781 3596580 15148263 3597660
15183603 3350820 15192723 3351420
15170493 3571140 15171633 3571740
15157383 3375300 15159549 3378300
15183603 3485220 15192723 3485820
15183603 3355620 15192723 3356220
15334881 3347940 15468375 3348540
15149859 3535620 15152481 3536220
15171177 3490500 15172317 3491100
15151683 3456900 15156357 3457500
15146781 3377700 15148263 3378780
15179385 3555300 15184059 3555900
15161943 3591300 15162741 3591900
15166047 3458340 15166617 3458940
15148149 3538020 15152823 3538620
15152139 3582660 15152937 3583260
15152367 3490020 15153621 3490620
15155331 3568740 15157497 3569340
15157155 3589860 15159321 3590460
15163767 3504420 15166389 3505020
15146781 3602340 15152367 3602940
15159207 3552420 15160461 3553020
15156699 3582180 15157497 3582780
15157839 3543780 15162513 3544380
15152139 3482340 15154077 3482940
15155331 3506820 15157497 3507420
15168555 3500580 15169239 3501180
15148947 3438660 15149745 3439260
15167187 3487620 15167985 3488220
15150999 3564900 15153165 3565500
15176421 3418500 15177105 3419100
15152139 3415620 15156813 3416220
15162171 3597060 15164337 3600060
15169923 3539940 15171633 3540540
15147807 3455940 15149973 3458940
15161715 3453540 15163881 3454140
15152139 3513540 15153393 3514140
15146781 3422820 15153279 3423420
15149859 3472740 15152481 3473340
15154875 3594180 15156585 3594780
15148947 3417540 15150201 3418620
15167187 3537060 15167985 3537660
15165705 3467940 15166845 3468540
15150087 3528900 15152253 3531900
15173343 3527460 15174597 3528060
15163311 3463620 15163995 3464220
15163311 3569220 15164565 3570300
15169923 3386340 15172089 3386940
15149175 3420420 15150201 3421500
15157611 3579780 15159777 3580380
15159435 3383460 15162057 3384060
15159435 3551460 15160689 3552060
15159663 3490500 15161829 3493500
15167871 3490500 15168669 3491100
15163083 3384420 15169581 3385020
15160119 3520260 15161373 3520860
15163083 3559620 15165249 3560220
15152139 3578820 15154305 3579420
15169923 3392580 15171633 3393180
15152139 3515940 15156813 3516540
15170607 3480900 15171861 3481980
15158979 3449220 15161145 3449820
15160119 3388260 15162513 3388860
15154191 3458820 15157497 3459420
15153279 3529380 15154077 3529980
15171063 3526980 15171861 3528060
15154419 3466500 15156357 3467100
15165819 3497700 15168213 3498300
15155331 3539940 15156129 3540540
15161943 3590340 15162741 3590940
15155331 3391140 15157497 3391740
15161943 3566820 15162855 3567420
15161715 3496260 15164337 3496860
15164451 3528900 15165249 3529500
15170151 3351780 15172317 3352380
15150771 3547140 15151797 3548220
15161715 3514500 15164337 3515100
15166503 3483780 15173001 3484380
15161943 3454500 15162741 3455100
15149859 3605220 15151113 3605820
15152139 3524580 15154305 3525180
15171291 3381060 15172545 3382140
15169923 3531780 15173457 3532380
15151683 3560580 15152481 3561180
15161943 3555780 15163197 3556860
15154191 3500580 15154989 3501180
15173343 3365700 15174597 3366780
15152595 3547140 15153621 3548220
15166959 3403140 15167757 3404220
15160803 3476100 15161601 3476700
15153279 3604260 15156129 3604860
15153963 3530820 15155217 3531900
15156927 3561540 15161601 3562140
15153735 3538020 15154533 3538620
15170151 3485700 15170949 3486780
15170607 3478980 15171405 3479580
15173799 3418500 15175965 3419100
15163539 3487620 15164337 3488220
15160119 3438180 15162285 3438780
15150543 3548580 15152709 3549180
15163539 3502980 15164337 3503580
15149859 3374340 15152481 3374940
15161487 3549060 15162285 3550140
15173115 3510660 15174369 3511740
15169581 3453540 15180639 3454140
15165363 3541860 15168213 3542460
15161715 3522180 15164337 3522780
15152367 3540420 15153165 3541020
15166503 3493380 15171177 3493980
15151683 3484740 15154077 3485340
15167643 3535620 15168441 3536700
15149859 3525540 15152025 3526140
15157155 3600900 15160461 3601500
15161259 3523620 15162057 3524220
15169695 3403140 15170493 3403740
15160575 3440580 15161601 3441660
15164223 3595140 15165021 3595740
15159207 3466500 15163881 3467100
15153051 3419460 15153849 3420540
15169011 3499620 15170493 3500220
15169011 3478020 15170265 3479100
15173115 3387780 15173913 3388380
15161943 3465060 15164565 3465660
15167301 3348420 15169353 3349020
15161259 3602820 15162285 3603900
15154647 3384900 15155901 3385980
15153279 3552420 15156129 3553020
15154647 3504420 15155787 3505020
15161829 3531780 15162855 3532860
15171519 3514500 15172545 3515580
15166503 3558660 15169809 3559260
15156927 3567300 15157953 3568380
15164907 3495780 15169125 3496380
15157383 3565860 15158181 3566460
15166731 3388260 15167529 3388860
15148149 3487620 15149061 3488700
15150543 3457380 15151341 3457980
15155787 3373380 15156585 3373980
15161943 3487620 15162741 3488220
15168327 3402180 15169125 3402780
15174483 3477060 15196485 3477660
15167871 3448260 15169125 3449340
15147579 3568260 15150201 3568860
15168099 3410820 15169353 3411900
15157383 3471780 15158181 3472380
15164451 3583620 15165249 3584220
15168099 3587460 15169125 3588540
15150429 3554820 15151341 3555900
15152823 3599940 15157497 3600540
15156015 3442500 15156813 3443580
15163767 3482820 15164565 3483900
15152139 3364740 15152937 3365820
15164223 3386340 15166845 3386940
15153051 3533700 15153849 3534300
15164223 3489060 15167073 3489660
15161943 3435780 15164565 3436380
15162627 3600420 15164565 3601020
15152139 3593220 15152937 3594300
15150999 3426180 15151797 3426780
15156015 3380100 15157041 3380700
15170835 3407940 15171633 3408540
15148149 3534660 15150201 3535260
15154647 3491460 15155445 3492060
15146781 3515460 15149973 3516060
15153051 3483780 15153849 3484380
15153735 3495300 15154533 3495900
15156243 3486180 15159777 3486780
15154191 3479940 15154989 3481020
15146781 3424260 15156015 3424860
15154647 3487620 15155445 3488700
15155103 3401220 15155445 3402300
15153279 3574980 15154077 3575580
15152367 3480900 15153165 3481500
15159663 3353700 15161601 3354300
15172203 3492420 15174141 3493020
15171519 3532740 15174369 3533340
15167643 3365220 15171177 3365820
15150087 3452100 15151113 3453180
15161373 3592260 15162285 3593340
15168099 3408900 15169353 3409980
15158751 3493380 15159549 3493980
15151227 3563940 15152025 3564540
15166275 3372900 15169809 3373500
15154419 3419460 15155217 3420540
15153507 3543300 15154305 3543900
15169923 3367620 15170721 3368700
15149859 3406980 15153393 3407580
15163995 3587940 15166845 3588540
15151683 3604260 15152481 3604860
15171519 3489060 15173913 3489660
15156927 3416100 15167985 3416700
15167643 3451140 15168669 3452220
15157839 3585060 15159777 3585660
15169011 3556740 15170037 3557820
15161031 3480900 15162969 3481500
15151683 3442500 15152709 3443580
15168099 3543300 15171633 3543900
15153735 3364740 15154533 3365820
15163539 3567300 15164337 3568380
15161145 3505860 15162171 3506940
15150999 3387300 15151797 3387900
15155787 3350340 15160005 3350940
15171063 3372420 15171861 3373500
15148149 3569220 15149061 3570300
15151683 3605220 15152481 3605820
15172431 3519300 15173229 3520380
15162171 3440580 15162969 3441660
15150999 3556740 15151797 3557820
15154875 3382500 15159093 3383100
15155559 3544740 15157497 3545340
15153507 3596100 15154305 3596700
15155787 3470820 15157725 3471420
15152139 3387780 15152937 3388860
15157611 3542340 15160461 3542940
15160575 3445380 15161601 3446460
15151683 3361860 15152937 3362460
15173115 3464580 15173913 3465660
15166503 3464580 15170037 3465180
15162627 3407940 15163653 3409020
15152823 3461220 15159321 3461820
15165819 3442980 15169353 3443580
15156813 3426180 15157725 3427260
15153963 3400260 15156129 3400860
15161943 3398340 15162285 3399420
15149631 3429060 15149973 3430140
15149859 3378180 15150657 3379260
15150087 3350340 15151113 3351420
15156927 3543300 15157269 3544380
15161943 3404100 15162969 3405180
15157155 3407460 15161829 3408060
15171063 3475140 15171861 3476220
15167187 3584100 15168213 3584700
15156699 3510180 15160917 3510780
15165135 3496740 15167985 3497340
15148605 3439620 15149517 3440700
15155331 3501060 15156813 3501660
15150543 3513060 15151341 3513660
15150771 3543300 15151113 3544380
15156471 3384900 15157497 3385980
15154077 3406020 15155103 3407100
15173115 3493860 15176421 3494460
15161943 3569220 15162741 3570300
15155331 3452100 15156129 3453180
15161487 3355140 15162285 3356220
15163995 3390180 15165021 3390780
15153051 3597060 15153849 3597660
15154533 3433860 15155331 3434940
15149859 3382980 15150885 3384060
15163539 3405060 15164337 3406140
15149403 3461700 15151569 3462300
15166503 3562500 15167529 3563580
15151911 3471780 15156585 3472380
15170379 3380100 15171177 3381180
15169467 3438660 15170265 3439740
15156015 3525540 15160233 3526140
15155559 3484260 15159777 3484860
15169239 3421380 15170037 3422460
15163311 3527940 15165249 3528540
15163311 3502020 15165249 3502620
15155331 3427140 15156585 3427740
15164223 3533700 15165021 3534780
15173343 3514500 15174141 3515580
15158067 3559620 15158865 3560700
15159207 3567300 15160005 3568380
15170151 3362340 15181209 3362940
15172431 3404100 15173229 3405180
15150999 3586980 15153165 3587580
15150543 3456420 15151341 3457020
15167415 3350340 15168213 3351420
15161601 3551460 15166275 3552060
15156699 3502020 15157725 3503100
15169467 3434820 15170265 3435900
15155331 3464100 15157725 3464700
15158523 3548580 15160233 3549180
15153963 3570180 15156357 3570780
15164451 3385380 15167073 3385980
15164451 3543300 15165249 3544380
15154647 3467460 15155445 3468540
15160119 3507300 15164337 3507900
15162171 3382500 15166389 3383100
15146781 3368100 15149973 3368700
15168783 3390660 15169809 3391740
15159435 3596580 15162057 3597180
15170607 3357060 15171633 3357660
15168555 3487620 15169353 3488700
15158979 3574980 15164565 3575580
15150771 3598980 15152937 3599580
15149859 3600900 15150201 3601980
15158523 3583620 15160461 3584220
15161487 3558660 15162285 3559740
15157155 3576900 15157497 3577980
15155331 3362820 15157497 3363420
15168441 3521220 15171861 3521820
15161031 3502500 15162969 3503100
15152367 3556740 15152709 3557820
15156699 3563460 15157725 3564060
15148947 3508740 15150885 3509340
15152139 3351300 15152481 3352380
15170835 3510660 15171747 3511740
15158067 3455460 15161601 3456060
15181095 3373860 15184059 3374460
15166959 3477060 15167757 3478140
15161943 3497220 15162285 3498300
15156471 3541380 15160689 3541980
15167415 3383460 15168441 3384060
15165363 3454500 15167415 3455100
15153507 3493860 15155445 3494460
15150543 3466020 15153165 3466620
15156243 3429540 15158181 3430140
15149859 3427620 15153165 3428220
15169011 3504900 15175509 3505500
15149859 3516900 15151341 3517500
15169695 3525540 15174369 3526140
15164451 3557700 15165249 3558780
15171975 3406980 15172773 3408060
15165363 3407460 15170037 3408060
15149175 3589380 15149973 3590460
15160347 3357060 15162285 3357660
15148719 3549060 15149517 3550140
15167415 3545700 15170037 3546300
15153051 3498180 15153849 3499260
15154419 3383940 15159093 3384540
15162171 3587460 15163425 3588060
15148149 3570660 15150201 3571260
15166959 3413700 15167757 3414780
15164223 3539940 15167073 3540540
15171519 3494820 15174141 3495420
15160119 3459300 15162513 3459900
15156585 3530820 15157497 3531900
15170835 3415620 15171633 3416700
15169467 3512100 15170493 3512700
15159435 3568740 15160917 3569340
15150771 3418500 15152253 3419100
15150771 3470820 15152709 3471420
15159891 3604260 15162285 3604860
15154533 3571140 15155445 3572220
15169695 3389700 15174369 3390300
15164223 3589860 15167073 3590460
15164223 3379620 15167643 3380220
15152139 3367140 15153165 3367740
15149859 3565860 15152709 3566460
15153735 3586500 15157269 3587100
15164223 3363300 15165933 3363900
15151911 3417060 15156129 3417660
15160119 3478020 15162285 3478620
15159207 3503940 15160689 3504540
15165135 3553860 15173913 3554460
15146781 3401220 15149973 3402300
15156357 3430500 15157383 3431100
15154191 3526020 15155445 3526620
15146781 3604260 15151455 3604860
15167871 3465540 15168669 3466620
15160803 3467460 15161829 3468060
15168555 3370500 15169353 3371580
15153051 3559620 15153849 3560700
15151911 3500100 15152709 3501180
15169011 3445380 15169809 3446460
15160575 3370500 15165249 3371100
15174939 3382020 15175737 3383100
15161259 3541380 15162057 3542460
15149859 3583620 15150657 3584700
15159891 3461220 15164565 3461820
15149859 3593220 15150657 3594300
15169923 3528900 15170721 3529980
15155103 3425220 15157497 3425820
15169695 3349380 15170493 3350460
15166959 3502020 15167757 3503100
15148149 3490020 15149973 3490620
15170151 3495300 15170949 3496380
15163767 3510660 15164565 3511740
15164907 3405540 15167757 3406140
15146781 3477060 15148605 3477660
15146781 3394500 15148719 3395580
15173799 3588420 15195801 3589020
15164451 3446340 15165249 3447420
15166503 3567300 15169125 3567900
15156585 3390180 15160005 3390780
15166503 3441540 15172089 3442140
15146781 3359940 15148605 3360540
15158979 3601860 15159777 3602940
15146781 3592260 15149973 3592860
15146781 3562500 15148719 3563580
15146781 3354180 15149973 3354780
15156699 3400260 15158637 3401340
15165135 3369060 15168441 3369660
15151227 3453060 15152025 3454140
15180981 3375780 15184059 3376380
15150543 3522180 15151341 3523260
15159435 3397380 15160233 3398460
15146781 3496740 15149973 3497340
15166731 3466500 15167529 3467580
15152139 3412260 15153165 3412860
15146781 3468900 15149973 3469500
15149403 3466500 15150201 3467580
15149859 3500100 15150657 3501180
15158067 3440580 15158865 3441660
15160119 3606660 15160917 3607740
15146781 3547140 15148719 3548220
15165591 3522660 15167301 3523260
15152139 3497220 15155331 3497820
15158067 3508740 15158865 3509820
15161943 3425220 15165249 3425820
15153507 3565380 15156357 3565980
15153051 3430500 15155901 3431100
15163311 3500100 15164109 3501180
15148719 3452100 15149517 3453180
15152595 3554820 15153621 3555420
15156471 3469860 15158181 3470460
15170607 3540900 15171861 3541500
15165363 3574500 15171861 3575100
15149403 3598020 15150201 3599100
15153051 3413700 15153849 3414780
15171519 3412260 15182577 3412860
15152367 3583620 15153165 3584700
15163083 3359940 15163881 3361020
15164451 3403140 15165249 3404220
15153051 3549060 15153849 3550140
15161487 3384900 15162285 3385980
15163083 3428100 15163881 3429180
15157839 3547140 15158637 3548220
15162855 3485700 15165249 3486300
15148149 3510180 15150429 3510780
15164223 3547620 15170265 3548220
15151683 3527460 15155103 3528060
15158979 3558660 15159777 3559740
15155331 3607620 15156129 3608700
15161259 3410820 15162057 3411900
15167871 3381060 15168669 3382140
15167187 3462660 15167985 3463740
15169467 3381060 15170265 3382140
15152823 3352260 15156129 3352860
15161031 3401220 15161829 3402300
15151455 3447300 15152253 3448380
15171063 3370500 15171861 3371580
15148491 3606660 15150429 3607740
15163083 3438660 15163881 3439740
15159435 3457860 15161145 3458460
15157839 3442500 15158637 3443580
15146781 3557700 15148833 3558300
15167643 3421380 15168441 3422460
15164223 3555780 15165021 3556860
15146781 3454020 15150201 3454620
15183945 3605220 15192723 3605820
15148149 3371460 15150201 3372060
15159663 3547140 15160461 3548220
15156813 3571140 15159777 3571740
15157383 3452100 15158181 3453180
15165363 3580260 15183717 3580860
15166731 3389700 15167529 3390780
15161601 3351300 15165021 3351900
15161031 3605700 15161829 3606780
15183945 3486180 15192723 3486780
15167643 3488580 15168441 3489660
15150087 3514500 15150885 3515580
15148947 3594180 15149745 3595260
15149859 3444420 15150657 3445500
15195573 3390660 15198651 3391260
15169011 3530340 15172203 3530940
15182919 3534180 15184059 3534780
15148263 3600900 15149061 3601980
15164223 3420420 15165021 3421500
15149403 3505860 15150201 3506940
15153279 3441540 15154077 3442620
15148149 3465060 15151569 3465660
15151683 3553860 15152481 3554940
15170037 3551460 15181095 3552060
15170151 3384900 15170949 3385980
15154647 3601860 15155445 3602940
15151455 3382980 15152253 3384060
15149859 3407940 15152709 3408540
15160575 3378180 15161373 3379260
15154647 3442500 15155445 3443580
15178359 3583140 15183945 3583740
15148149 3493860 15149973 3494460
15158295 3395460 15159093 3396540
15149403 3575940 15150201 3577020
15166275 3468900 15167985 3469500
15150771 3347460 15151569 3348540
15195117 3459780 15197967 3460380
15160803 3488580 15161601 3489660
15152139 3372420 15153279 3373500
15171063 3425220 15193065 3425820
15151683 3430980 15152481 3432060
15155787 3408420 15157497 3409020
15146781 3366660 15149973 3367260
15153279 3445380 15154077 3446460
15166731 3361860 15167529 3362940
15182007 3394020 15184059 3394620
15153279 3425220 15154077 3426300
15180753 3401700 15184059 3402300
15173799 3424260 15195801 3424860
15158295 3412740 15159093 3413820
15148263 3419460 15149061 3420540
15161715 3535140 15167301 3535740
15162171 3472260 15163881 3472860
15146781 3391620 15149973 3392700
15164451 3567300 15165249 3568380
15161601 3427140 15165021 3427740
15155787 3596100 15156585 3597180
15150771 3498180 15151569 3499260
15160005 3408900 15161829 3409500
15149403 3498180 15150201 3499260
15153735 3452100 15154533 3453180
15150087 3368580 15153393 3369180
15166959 3358020 15168099 3359100
15158295 3453060 15159093 3454140
15146781 3398340 15149973 3399420
15167301 3396900 15172887 3397500
15167757 3503460 15169809 3504060
15164223 3355620 15167643 3356220
15146781 3542820 15150201 3543420
15167871 3604740 15178929 3605340
15156585 3386340 15162171 3386940
15164223 3585060 15182577 3585660
15162627 3561540 15163425 3562620
15148947 3500100 15149745 3501180
15154875 3554820 15155673 3555900
15148605 3412740 15150201 3413820
15160803 3399300 15161601 3400380
15157383 3549060 15158181 3550140
15156699 3476100 15158181 3476700
15160461 3394500 15162399 3395580
15150771 3561540 15151569 3562620
15146781 3474660 15150201 3475260
15146781 3445380 15148377 3446460
15152139 3379620 15155445 3380220
15182919 3582180 15184059 3582780
15161715 3483780 15163425 3484380
15164109 3447780 15167529 3448380
15161259 3586500 15162969 3587100
15148149 3463620 15150201 3464220
15171519 3473700 15182577 3474300
15169923 3369060 15180981 3369660
15152595 3457860 15153393 3458940
15173799 3559620 15195801 3560220
15151455 3542340 15152253 3543420
15160461 3368580 15162057 3369660
15148491 3445380 15149289 3446460
15146781 3545220 15148719 3546300
15173799 3521220 15195801 3521820
15146781 3594180 15148605 3594780
15168669 3524580 15174255 3525180
15150429 3450180 15152025 3451260
15182235 3576420 15184059 3577020
15159321 3430980 15162627 3431580
15146781 3550980 15149973 3552060
15146781 3386340 15156015 3386940
15195687 3607620 15198651 3608220
15150999 3608100 15154305 3608700
15160917 3373380 15164337 3373980
15163767 3544740 15167073 3545340
15164223 3516900 15170721 3517500
15162399 3358500 15164793 3359100
15149403 3409380 15154989 3409980
15164223 3408420 15167529 3409020
15158295 3423780 15169353 3424380
15155331 3600900 15156813 3601500
15163995 3466980 15165705 3467580
15146781 3441060 15152367 3441660
15146781 3606660 15147921 3607740
15151911 3596100 15153393 3596700
15148605 3396420 15150201 3397500
15146781 3382980 15147921 3384060
15151455 3398820 15154761 3399420
15148605 3415620 15150201 3416700
15158751 3450180 15165249 3450780
15154305 3593220 15159891 3593820
15167871 3399780 15170151 3400380
15161943 3393540 15165249 3394140
15146781 3417540 15148377 3418620
15148947 3491460 15149745 3492540
15197511 3560580 15198651 3561180
15146781 3409380 15148833 3409980
15154191 3548100 15157497 3548700
15154191 3482820 15159777 3483420
15154191 3549060 15154989 3550140
15152139 3467460 15153279 3468540
15150429 3405060 15152937 3405660
15146781 3571620 15150201 3572220
15165021 3579300 15167529 3579900
15171291 3516900 15182349 3517500
15146781 3426180 15149973 3427260
15172431 3398820 15183489 3399420
15146781 3380100 15149973 3381180
15172431 3430500 15183489 3431100
15165135 3444420 15173913 3445020
15146781 3531780 15149973 3532380
15152595 3451140 15153393 3452220
15146781 3517380 15148605 3517980
15148605 3410820 15150201 3411900
15192609 3413220 15198651 3413820
15154419 3418500 15156129 3419100
15163311 3437220 15178017 3437820
15150315 3504900 15152025 3505500
15146781 3588420 15149973 3589020
15161943 3371940 15167529 3372540
15146781 3504900 15148605 3505500
15152367 3585060 15154305 3585660
15164223 3517860 15167301 3518460
15152139 3362820 15153279 3363900
15164223 3592740 15182577 3593340
15170607 3464580 15172545 3465660
15146781 3489060 15149973 3489660
15182007 3581220 15184059 3581820
15171291 3368100 15182349 3368700
15195231 3445380 15198651 3445980
15146781 3533220 15149973 3533820
15164223 3499620 15167643 3500220
15148149 3540420 15151341 3541020
15168441 3376740 15170721 3377340
15172431 3372900 15183489 3373500
15164337 3472740 15167529 3473340
15164223 3494820 15167643 3495420
15169011 3477060 15170721 3477660
15148149 3482820 15149973 3483420
15146781 3432420 15150201 3433020
15148149 3530340 15149973 3530940
15146781 3484740 15148605 3485340
15182007 3528420 15184059 3529020
15170721 3515940 15172773 3516540
15151911 3598020 15153621 3598620
15155331 3505380 15157041 3505980
15151797 3573540 15153165 3574140
15169011 3387300 15170265 3387900
15146781 3525060 15148605 3525660
15172089 3416580 15175281 3417180
15167643 3427140 15169353 3427740
15172203 3495780 15183261 3496380
15156813 3379140 15159777 3379740
15150429 3550500 15152937 3551100
15164109 3387780 15165249 3388380
15159093 3373860 15160461 3374460
15176991 3487620 15195345 3488220
15156699 3422820 15157953 3423420
15183945 3567780 15192723 3568380
15146781 3404100 15149973 3405180
15158751 3556740 15161145 3557340
15146781 3428100 15148719 3429180
15148149 3370500 15151569 3371100
15168783 3496740 15169923 3497340
15161943 3548100 15163653 3548700
15146781 3429540 15149061 3430140
15152139 3487140 15153849 3487740
15153963 3496260 15155445 3496860
15168897 3480900 15170037 3481980
15157155 3370020 15159093 3370620
15170835 3409860 15172545 3410460
15146781 3559140 15150201 3559740
15165591 3576420 15167985 3577020
15153621 3420900 15162855 3421500
15163881 3563940 15167073 3564540
15176763 3458820 15195117 3459420
15146781 3560580 15149973 3561660
15160461 3516420 15162855 3517020
15160347 3494820 15162741 3495420
15158751 3357060 15160005 3357660
15165363 3456420 15167757 3457020
15195687 3565380 15198651 3565980
15154305 3462180 15156585 3462780
15183945 3480420 15192723 3481020
15146781 3494820 15149289 3495420
15173571 3591300 15188277 3591900
15164223 3349860 15167301 3350460
15171747 3400740 15173457 3401340
15178815 3415620 15197169 3416220
15182919 3538020 15184059 3538620
15164109 3479940 15165249 3480540
15197511 3388740 15198651 3389340
15195573 3360900 15198651 3361500
15146781 3595620 15150201 3596220
15154191 3588420 15155901 3589020
15156927 3419940 15162969 3420540
15148149 3358020 15149973 3358620
15195459 3442500 15198651 3443100
15152367 3505860 15154077 3506460
15173799 3483780 15175509 3484380
15163767 3431940 15165249 3432540
15146781 3372420 15148605 3373020
15157839 3606660 15159549 3607260
15195231 3512580 15198651 3513180
15195231 3470340 15198651 3470940
15181095 3439140 15184059 3439740
15172203 3538980 15174597 3539580
15167301 3458820 15168897 3459420
15158637 3391620 15160005 3392220
15180639 3447780 15184059 3448380
15162399 3565380 15163881 3565980
15149859 3437700 15151569 3438300
15158751 3446820 15160005 3447420
15171519 3577380 15182577 3577980
15158295 3605700 15160233 3606300
15151455 3493380 15152937 3493980
15167529 3508260 15170037 3508860
15146781 3434820 15147921 3435900
15157383 3411780 15159093 3412380
15146781 3565380 15147921 3566460
15195231 3392580 15198651 3393180
15148149 3471780 15151113 3472380
15149175 3502500 15150885 3503100
15146781 3574020 15148605 3574620
15183945 3366180 15192723 3366780
15146781 3388260 15149973 3388860
15153963 3591780 15155217 3592380
15155331 3454500 15157725 3455100
15146781 3541380 15148605 3541980
15151797 3357060 15152937 3357660
15197397 3363780 15198651 3364380
15153735 3475620 15155217 3476220
15178359 3478500 15183945 3479100
15148149 3348900 15150429 3349500
15180639 3370020 15184059 3370620
15146781 3376260 15148605 3376860
15164223 3359460 15182577 3360060
15154533 3450660 15156813 3451260
15150543 3429060 15152025 3429660
15157155 3439140 15159093 3439740
15148263 3349860 15149973 3350460
15168327 3382500 15173913 3383100
15155103 3364260 15156357 3364860
15156927 3604260 15158181 3604860
15182919 3462180 15184059 3462780
15165363 3527460 15167073 3528060
15164109 3564900 15167301 3565500
15155103 3361380 15157497 3361980
15150771 3396900 15153279 3397500
15149403 3495300 15151797 3495900
15163767 3470820 15165021 3471420
15150429 3577860 15152025 3578460
15159777 3448260 15161601 3448860
15162171 3445380 15164565 3445980
15157611 3356100 15159321 3356700
15178245 3468420 15196599 3469020
15165819 3525540 15167529 3526140
15161031 3456900 15162741 3457500
15161031 3534180 15163539 3534780
15157383 3462180 15159093 3462780
15155331 3440580 15157041 3441180
15152139 3469860 15155103 3470460
15195687 3455940 15198651 3456540
15166503 3556740 15167757 3557340
15163539 3375300 15165249 3375900
15168099 3562500 15170607 3563100
15153051 3463140 15155445 3463740
15149175 3433860 15150885 3434460
15183945 3490020 15192723 3490620
15183945 3418020 15192723 3418620
15175851 3456900 15177561 3457500
15173343 3512100 15182577 3512700
15195687 3481860 15198651 3482460
15195687 3598020 15198651 3598620
15164907 3455460 15166389 3456060
15174027 3396900 15183261 3397500
15196143 3486660 15198651 3487260
15153963 3553380 15159549 3553980
15172887 3386340 15174141 3386940
15171291 3433380 15182349 3433980
15152367 3436740 15154077 3437340
15157383 3554820 15159093 3555420
15197511 3599940 15198651 3600540
15152367 3454980 15154305 3455580
15159435 3393540 15160575 3394140
15166503 3568260 15181209 3568860
15174483 3393540 15176421 3394140
15146781 3473220 15148605 3473820
15157839 3592260 15159321 3592860
15161487 3542820 15162741 3543420
15165135 3436260 15183489 3436860
15162513 3352740 15180867 3353340
15182919 3536100 15184059 3536700
15169239 3374340 15170949 3374940
15168099 3511140 15169809 3511740
15161259 3350340 15162741 3350940
15163995 3354660 15167073 3355260
15197511 3551940 15198651 3552540
15157611 3538020 15160005 3538620
15158751 3473220 15160233 3473820
15161145 3579780 15162285 3580380
15161031 3594660 15162285 3595260
15154647 3473220 15155901 3473820
15146781 3529380 15149973 3529980
15163539 3418020 15165249 3418620
15197511 3444420 15198651 3445020
15183945 3601380 15192723 3601980
15152367 3519780 15155445 3520380
15155103 3388740 15156357 3389340
15159435 3360900 15160689 3361500
15148149 3574980 15149973 3575580
15168099 3582660 15170493 3583260
15166503 3551940 15168441 3552540
15163767 3430020 15165249 3430620
15156927 3524580 15158637 3525180
15157839 3537060 15160347 3537660
15169239 3425700 15170493 3426300
15161829 3437220 15162969 3437820
15166503 3377220 15168213 3377820
15183945 3481380 15192723 3481980
15148947 3390660 15150201 3391260
15155331 3354180 15156813 3354780
15195687 3602820 15198651 3603420
15195687 3366660 15198651 3367260
15148149 3365700 15149973 3366300
15155559 3528420 15157269 3529020
15168783 3419940 15183489 3420540
15166959 3467940 15168669 3468540
15156015 3494820 15157497 3495420
15156243 3545700 15157725 3546300
15169695 3507300 15171177 3507900
15165135 3569700 15183489 3570300
15151455 3606180 15153393 3606780
15182691 3464100 15184059 3464700
15149859 3436740 15151569 3437340
15182577 3544740 15184059 3545340
15173001 3572580 15184059 3573180
15146781 3384900 15147921 3385980
15157611 3507780 15159321 3508380
15181095 3553380 15184059 3553980
15170379 3508260 15171633 3508860
15165819 3530340 15167529 3530940
15149175 3553860 15150885 3554460
15152367 3569220 15154761 3569820
15157155 3515940 15158637 3516540
15162855 3546180 15164565 3546780
15158751 3533220 15160461 3533820
15166503 3438660 15169353 3439260
15157383 3450180 15158523 3450780
15195687 3422340 15198651 3422940
15155787 3557220 15158181 3557820
15167871 3514020 15169239 3514620
15161943 3571620 15164337 3572220
15153507 3536100 15154875 3536700
15160347 3348900 15161601 3349500
15195687 3454020 15198651 3454620
15165819 3549540 15167643 3550140
15171519 3523620 15173001 3524220
15163995 3433860 15165249 3434460
15150543 3403620 15153051 3404220
15162855 3400260 15165249 3400860
15156471 3473700 15157953 3474300
15172659 3395940 15183717 3396540
15162399 3490980 15163881 3491580
15156129 3558180 15158637 3558780
15165363 3521700 15166845 3522300
15155217 3432420 15157725 3433020
15150429 3413700 15151569 3414300
15153735 3512580 15155103 3513180
15186339 3380100 15197397 3380700
15182463 3414660 15197169 3415260
15146781 3431460 15148149 3432060
15162399 3554820 15164109 3555420
15150771 3358980 15152481 3359580
15160119 3550500 15162513 3551100
15159435 3433860 15160917 3434460
15163767 3388740 15165249 3389340
15161031 3517380 15162513 3517980
15153279 3557220 15154989 3557820
15153507 3582180 15155103 3582780
15148149 3347940 15150087 3348540
15159663 3536100 15162057 3536700
15149859 3393060 15152823 3393660
15170721 3391620 15171861 3392220
15158751 3392580 15160005 3393180
15168327 3395460 15170265 3396060
15197511 3542340 15198651 3542940
15196371 3480900 15198651 3481500
15153507 3366660 15156015 3367260
15160803 3390180 15162285 3390780
15168783 3474180 15170037 3474780
15161031 3525060 15162285 3525660
15161259 3588900 15162513 3589500
15171291 3408900 15173001 3409500
15156471 3352260 15157725 3352860
15161259 3601380 15175965 3601980
15153963 3457860 15155331 3458460
15182691 3479460 15184059 3480060
15166959 3519300 15168099 3519900
15169011 3394500 15170265 3395100
15177675 3542340 15179385 3542940
15151455 3572580 15152937 3573180
15149403 3581700 15151797 3582300
15164109 3456900 15165249 3457500
15170151 3470820 15181209 3471420
15156015 3578340 15158409 3578940
15161487 3361860 15165249 3362460
15178245 3376740 15183831 3377340
15181095 3454980 15183603 3455580
15158523 3497220 15160005 3497820
15167187 3391620 15168441 3392220
15169923 3442980 15180981 3443580
15163995 3426180 15165249 3426780
15153393 3390180 15154761 3390780
15153279 3393540 15154533 3394140
15195687 3419460 15198651 3420060
15158523 3381540 15159663 3382140
15159321 3529380 15162285 3529980
15152367 3544260 15154077 3544860
15162627 3604260 15164337 3604860
15169695 3567300 15175281 3567900
15150087 3440100 15151797 3440700
15157611 3410820 15159093 3411420
15146781 3406500 15147921 3407100
15169467 3552420 15176877 3553020
15163767 3508740 15165249 3509340
15181095 3435300 15184059 3435900
15197511 3491460 15198651 3492060
15172545 3526500 15174141 3527100
15156699 3521700 15159093 3522300
15149631 3487620 15151341 3488220
15157155 3446820 15158523 3447420
15168327 3532740 15169581 3533340
15166503 3412740 15167757 3413340
15197511 3543300 15198651 3543900
15152139 3534660 15153393 3535260
15197511 3358980 15198651 3359580
15164223 3531780 15166617 3532380
15195687 3568260 15198651 3568860
15182463 3463140 15184059 3463740
15177447 3389220 15183033 3389820
15156015 3399300 15157269 3399900
15160347 3426180 15161601 3426780
15152595 3401220 15153735 3402300
15197169 3403140 15198651 3403740
15158523 3399300 15159777 3399900
15166047 3474660 15167415 3475260
15178359 3428580 15183945 3429180
15170835 3405540 15172203 3406140
15173799 3475620 15175281 3476220
15197283 3350340 15198651 3350940
15166617 3448740 15167301 3449340
15158979 3566340 15160461 3566940
15153963 3532260 15155217 3532860
15195687 3549060 15198651 3549660
15164223 3603300 15165477 3603900
15182691 3539940 15184059 3540540
15172203 3487620 15173343 3488220
15149859 3539460 15151569 3540060
15149859 3563460 15151113 3564060
15167415 3385860 15169125 3386460
15168783 3515940 15170265 3516540
15146781 3548580 15148149 3549180
15182805 3526500 15184059 3527100
15197283 3469380 15198651 3469980
15152367 3473700 15154077 3474300
15159321 3518340 15160689 3518940
15152367 3518340 15154077 3518940
15161715 3392580 15162855 3393180
15155103 3537060 15157497 3537660
15163083 3524100 15164565 3524700
15162855 3583620 15164337 3584220
15164223 3380580 15165477 3381180
15169695 3400740 15170949 3401340
15197511 3598980 15198651 3599580
15160803 3582660 15164565 3583260
15161829 3433860 15163197 3434460
15166503 3538980 15167757 3539580
15151455 3432420 15153849 3433020
15182577 3525540 15184059 3526140
15153507 3355620 15154989 3356220
15160917 3377220 15162285 3377820
15197397 3358020 15198651 3358620
15157155 3353700 15159093 3354300
15151797 3376740 15153165 3377340
15157839 3598980 15159093 3599580
15156813 3381060 15158181 3381660
15160119 3508260 15162513 3508860
15163767 3356580 15165477 3357180
15182235 3570660 15184059 3571260
15161943 3544740 15163425 3545340
15159435 3523620 15160917 3524220
15164223 3520260 15166617 3520860
15162627 3459780 15163881 3460380
15151797 3532260 15153165 3532860
15182919 3497700 15184059 3498300
15155787 3495780 15157269 3496380
15182691 3535140 15184059 3535740
15156015 3575460 15157497 3576060
15149859 3477060 15151569 3477660
15195687 3485700 15198651 3486300
15161943 3426180 15163425 3426780
15197283 3589380 15198651 3589980
15195687 3608580 15198651 3609180
15166047 3401700 15167529 3402300
15148149 3350820 15149517 3351420
15151911 3523140 15154989 3523740
15159207 3432420 15160689 3433020
15161259 3537540 15162741 3538140
15160803 3365220 15162285 3365820
15174711 3387300 15176421 3387900
15157155 3493860 15158181 3494460
15192609 3525540 15198195 3526140
15163995 3541380 15165249 3541980
15158979 3480420 15160689 3481020
15164907 3383460 15166389 3384060
15156243 3480420 15158637 3481020
15164223 3492420 15166617 3493020
15158295 3569700 15160233 3570300
15164223 3452100 15166617 3452700
15197511 3531780 15198651 3532380
15154647 3563940 15156357 3564540
15192609 3395940 15198195 3396540
15156015 3605700 15157269 3606300
15163767 3475140 15165249 3475740
15148149 3369060 15149517 3369660
15165135 3482340 15166845 3482940
15166731 3375780 15167985 3376380
15159663 3487140 15161145 3487740
15161031 3381540 15162513 3382140
15165363 3488100 15166617 3488700
15196143 3476100 15198651 3476700
15148149 3528420 15149517 3529020
15155445 3410820 15156471 3411420
15153735 3587460 15155217 3588060
15158523 3456420 15159777 3457020
15154191 3490020 15155901 3490620
15169011 3377700 15183717 3378300
15163995 3530820 15165249 3531420
15150429 3384420 15151341 3385020
15154077 3370020 15155217 3370620
15161829 3389220 15163311 3389820
15163539 3419460 15165249 3420060
15159891 3376260 15161373 3376860
15151683 3421860 15153165 3422460
15163539 3477060 15165249 3477660
15173799 3383460 15175053 3384060
15192609 3592740 15198195 3593340
15196599 3550980 15198651 3551580
15164223 3515460 15166617 3516060
15165591 3366180 15167073 3366780
15195687 3544260 15198651 3544860
15171519 3541860 15172773 3542460
15164223 3519300 15166617 3519900
15196827 3478980 15198651 3479580
15159891 3580740 15161145 3581340
15169011 3388260 15170493 3388860
15151797 3571140 15153165 3571740
15164223 3476100 15166617 3476700
15164223 3458340 15165477 3458940
15156471 3527460 15157953 3528060
15196941 3603780 15198651 3604380
15164223 3410820 15166617 3411420
15160347 3573540 15161601 3574140
15153963 3474660 15155217 3475260
15148149 3523140 15149973 3523740
15175509 3408900 15190215 3409500
15157155 3371940 15158637 3372540
15164223 3509700 15166617 3510300
15174483 3363300 15177333 3363900
15161145 3474660 15162855 3475260
15159891 3590820 15160461 3591420
15152367 3375300 15153621 3375900
15152139 3410820 15153849 3411420
15182235 3579300 15184059 3579900
15182463 3563940 15184059 3564540
15164223 3467940 15165249 3468540
15159321 3495780 15161145 3496380
15164223 3593700 15165477 3594300
15152367 3391140 15153279 3391740
15197283 3420420 15198651 3421020
15192837 3557700 15198423 3558300
15167643 3563460 15182349 3564060
15197397 3567300 15198651 3567900
15174939 3502020 15176649 3502620
15166503 3491460 15168213 3492060
15164223 3396420 15166617 3397020
15192609 3572580 15198195 3573180
15192609 3554340 15198195 3554940
15183147 3411300 15184059 3411900
15163881 3381540 15167643 3382140
15163995 3451140 15165249 3451740
15192837 3453060 15198423 3453660
15158295 3522660 15159777 3523260
15154647 3443940 15156129 3444540
15176991 3386340 15182577 3386940
15156471 3572100 15157953 3572700
15160803 3470340 15162285 3470940
15171519 3562500 15186225 3563100
15182235 3575460 15184059 3576060
15153051 3440100 15154305 3440700
15161943 3518340 15163425 3518940
15151797 3512100 15153279 3512700
15157155 3358020 15158409 3358620
15160803 3471300 15162513 3471900
15197169 3484740 15198651 3485340
15173799 3574020 15188505 3574620
15165591 3529380 15167073 3529980
15155331 3358980 15156813 3359580
15169923 3533700 15175509 3534300
15153735 3437700 15156129 3438300
15160119 3498180 15161601 3498780
15148605 3399780 15149517 3400380
15178131 3557220 15183717 3557820
15195687 3356100 15198651 3356700
15159435 3502980 15160689 3503580
15168327 3397860 15170151 3398460
15164907 3591780 15172317 3592380
15155559 3478500 15156813 3479100
15160347 3570660 15161601 3571260
15176991 3514500 15191697 3515100
15165591 3387300 15167073 3387900
15197169 3604740 15198651 3605340
15155559 3413700 15157269 3414300
15172203 3508740 15173913 3509340
15160803 3526020 15162627 3526620
15171519 3472260 15172773 3472860
15164223 3581700 15166617 3582300
15156699 3490020 15157953 3490620
15168783 3452100 15183489 3452700
15165591 3375780 15166503 3376380
15174939 3535620 15176649 3536220
15176307 3530820 15177561 3531420
15196827 3520260 15198651 3520860
15148491 3513540 15150201 3514140
15176307 3504900 15191013 3505500
15170607 3503460 15176193 3504060
15196941 3479940 15198651 3480540
15160803 3493860 15162285 3494460
15182235 3556260 15184059 3556860
15163083 3378660 15164565 3379260
15156357 3403620 15157953 3404220
15167301 3527940 15169809 3528540
15158295 3478980 15159777 3479580
15160461 3485220 15162285 3485820
15170151 3549060 15177561 3549660
15178359 3367140 15183945 3367740
15158067 3488580 15159321 3489180
15174939 3384420 15176421 3385020
15175965 3538980 15183375 3539580
15169695 3587460 15177105 3588060
15154647 3524580 15156129 3525180
15196827 3458820 15198651 3459420
15166047 3422820 15180753 3423420
15183147 3432420 15184059 3433020
15192609 3376740 15198195 3377340
15148605 3443460 15150429 3444060
15160803 3473700 15162285 3474300
15178359 3533220 15183945 3533820
15146781 3566820 15150543 3567420
15152139 3496260 15153621 3496860
15172659 3481860 15173913 3482460
15167871 3506340 15169353 3506940
15159435 3384420 15160689 3385020
15167415 3573540 15170265 3574140
15158067 3506340 15159777 3506940
15149859 3459780 15151569 3460380
15158979 3527940 15160233 3528540
15185313 3390180 15192723 3390780
15156015 3365700 15157269 3366300
15149859 3435300 15151455 3435900
15196827 3354180 15198651 3354780
15154419 3508260 15156015 3508860
15165363 3595620 15172773 3596220
15163995 3353700 15169581 3354300
15182463 3438180 15184059 3438780
15172317 3384900 15174141 3385500
15164223 3348420 15166617 3349020
15156927 3355140 15160689 3355740
15154647 3579780 15155901 3580380
15146781 3447300 15150543 3447900
15192609 3515940 15198195 3516540
15176193 3427620 15183603 3428220
15161715 3595620 15163197 3596220
15164223 3398820 15167073 3399420
15158067 3470820 15159321 3471420
15157155 3573540 15158637 3574140
15159207 3500580 15160461 3501180
15151797 3503940 15152709 3504540
15168099 3461700 15182805 3462300
15182463 3484260 15184059 3484860
15160461 3358500 15162057 3359100
15154419 3542340 15157269 3542940
15157155 3516900 15159093 3518460
15175053 3381060 15189759 3381660
15173001 3541380 15174597 3541980
15168327 3413220 15172089 3413820
15159435 3363300 15162285 3363900
15157953 3389220 15159549 3389820
15154305 3405060 15155787 3405660
15163083 3579780 15164679 3580380
15154647 3347940 15157497 3348540
15166161 3546660 15167073 3547260
15176763 3384420 15182349 3385020
15165363 3600420 15172773 3601020
15152595 3349860 15154533 3350460
15156243 3532740 15157269 3533340
15175851 3475620 15183261 3476220
15149859 3389220 15153621 3389820
15157383 3394500 15158523 3395100
15146781 3461220 15148377 3461820
15167529 3457380 15174939 3457980
15196941 3443460 15198651 3444060
15151683 3359940 15153279 3360540
15154533 3376260 15156129 3376860
15159207 3563940 15162057 3564540
15159435 3577380 15162285 3577980
15176079 3385380 15183489 3385980
15170607 3478020 15173457 3478620
15180867 3586980 15183717 3587580
15196827 3417540 15198651 3418140
15157155 3597540 15160005 3598140
15182235 3431460 15184059 3432060
15146781 3438180 15148377 3438780
15197739 3475140 15198651 3475740
15173457 3403620 15180867 3404220
15182463 3545700 15184059 3546300
15172203 3391620 15175053 3392220
15167415 3498660 15169125 3499260
15185313 3519780 15192723 3520380
15171063 3505860 15178473 3506460
15175851 3413220 15183261 3413820
15197055 3566340 15198651 3566940
15168327 3522660 15169353 3523260
15149859 3385380 15152709 3385980
15171063 3393540 15172545 3394140
15182235 3426660 15184059 3427260
15156927 3460260 15159777 3460860
15183261 3540900 15184059 3541500
15176763 3493860 15182349 3494460
15185313 3568740 15192723 3569340
15173799 3523620 15181209 3524220
15151227 3354180 15152481 3354780
15151227 3433860 15152367 3434460
15152367 3510180 15153393 3510780
15185313 3596580 15192723 3597180
15167187 3603780 15167871 3604380
15157155 3364740 15160005 3365340
15159435 3467940 15160233 3468540
15192609 3578340 15198195 3578940
15197055 3511620 15198651 3512220
15154647 3538500 15155445 3539100
15179271 3502500 15183033 3503100
15159435 3501540 15160689 3502140
15197283 3359940 15198651 3360540
15185313 3385380 15192723 3385980
15146781 3414660 15150543 3415260
15177219 3499620 15180981 3500220
15152823 3402660 15153963 3403260
15159207 3578340 15162057 3578940
15197739 3465540 15198651 3466140
15153051 3448260 15154077 3448860
15175053 3550020 15176877 3550620
15164223 3602340 15171633 3602940
15154419 3492420 15155331 3493020
15164451 3565860 15168213 3566460
15149859 3395460 15152709 3396060
15157155 3434820 15160005 3435420
15159663 3608100 15160575 3608700
15177447 3441060 15181209 3441660
15183033 3554340 15184059 3554940
15196827 3501060 15198651 3501660
15154875 3394500 15156015 3395100
15171063 3513060 15171861 3513660
15174483 3485220 15181893 3485820
15152367 3562500 15155217 3563100
15149859 3579780 15152709 3580380
15158295 3474660 15159777 3475260
15197055 3474180 15198651 3474780
15154077 3403620 15154989 3404220
15176079 3388740 15176877 3389340
15152823 3450180 15153279 3450780
15169695 3500580 15170835 3501180
15178131 3363300 15183717 3363900
15160803 3513540 15162285 3514140
15168555 3539940 15169353 3540540
15157839 3365700 15158637 3366300
15157383 3479460 15158181 3480060
15197055 3364740 15198651 3365340
15152367 3558180 15155217 3558780
15157383 3388260 15158523 3388860
15153507 3369060 15154647 3369660
15173799 3486180 15181209 3486780
15185313 3404580 15192723 3405180
15161943 3501540 15162741 3502140
15173799 3607620 15181209 3608220
15150543 3381060 15153393 3381660
15156585 3564900 15158181 3565500
15169467 3509220 15170607 3509820
15151227 3378660 15153051 3379260
15183147 3434340 15184059 3434940
15168099 3578820 15175509 3579420
15176307 3510660 15177561 3511260
15155559 3529860 15156813 3530460
15197739 3416580 15198651 3417180
15171975 3574020 15173571 3574620
15180867 3530340 15183717 3530940
15170151 3440580 15173913 3441180
15146781 3552900 15147693 3553500
15182463 3400740 15184059 3401340
15151683 3546180 15154533 3546780
15182235 3496740 15184059 3497340
15156129 3366660 15157269 3367260
15172203 3399780 15179613 3400380
15156927 3423780 15157725 3424380
15155217 3389700 15156129 3390300
15150429 3521220 15151341 3521820
15161487 3464100 15162285 3464700
15161373 3538980 15164223 3539580
15176763 3532260 15182349 3532860
15146781 3564420 15150543 3565020
15183261 3527460 15184059 3528060
15165135 3596580 15172545 3597180
15149175 3546180 15151113 3546780
15154647 3367620 15155559 3368220
15171291 3410820 15178701 3411420
15153279 3577860 15154533 3578460
15182463 3406500 15184059 3407100
15153507 3423300 15154305 3423900
15173343 3490020 15180753 3490620
15154647 3534660 15155445 3535260
15167757 3590820 15168669 3591420
15164223 3505380 15167073 3505980
15171063 3547620 15178473 3548220
15159435 3385380 15160461 3385980
15158067 3405060 15159093 3405660
15149859 3527460 15150885 3528060
15161259 3583620 15162057 3584220
15197055 3357060 15198651 3357660
15181209 3594660 15184059 3595260
15161031 3504900 15161601 3505500
15183147 3524580 15184059 3525180
15156927 3477060 15159549 3478140
15197739 3361860 15198651 3362460
15157041 3581220 15158637 3581820
15174483 3536580 15176079 3537660
15159435 3481860 15160461 3482460
15154647 3372900 15155445 3373500
15169353 3565860 15169809 3566460
15178359 3535140 15179157 3535740
15197055 3460740 15198651 3461340
15183147 3349860 15184059 3350460
15165819 3473700 15166845 3474300
15159093 3380100 15160689 3380700
15166503 3557700 15167301 3558300
15171405 3388260 15172317 3388860
15161829 3430020 15162741 3430620
15161943 3581700 15162855 3582300
15161259 3396900 15162285 3397500
15164223 3377700 15165021 3378300
15163995 3394980 15165021 3395580
15183147 3410340 15184059 3410940
15168327 3459780 15168897 3460380
15183261 3394980 15184059 3395580
15151797 3369540 15152709 3370140
15161259 3511620 15162057 3512220
15197055 3365700 15198651 3366300
15146781 3448260 15150543 3448860
15160347 3356100 15161145 3356700
15165135 3500580 15167073 3501180
15166503 3605700 15181209 3606300
15170835 3487620 15171519 3488220
15157383 3406500 15158523 3407100
15163995 3588900 15164565 3589500
15159093 3465060 15160689 3465660
15146781 3511140 15148719 3511740
15166503 3450180 15167301 3450780
15161487 3478980 15162285 3479580
15165363 3507300 15168213 3507900
15197739 3473220 15198651 3473820
15157839 3427140 15159435 3428220
15159435 3425220 15161373 3425820
15146781 3390660 15147693 3391260
15149631 3356580 15150429 3357180
15161145 3391620 15162057 3392220
15154647 3502980 15155445 3503580
15166275 3393060 15167073 3393660
15183147 3399780 15184059 3400380
15173799 3482820 15174597 3483420
15157155 3514020 15158181 3514620
15150543 3397860 15153393 3398460
15164451 3606660 15165249 3607260
15154647 3484740 15155445 3485340
15165591 3471780 15166959 3472380
15154305 3407460 15156243 3408060
15154419 3583620 15155217 3584220
15157155 3487620 15157953 3488220
15156699 3409860 15157497 3410460
15180411 3599460 15182349 3600060
15195687 3352260 15198537 3352860
15160347 3482820 15160803 3483420
15171063 3430020 15171861 3430620
15167187 3555780 15167757 3556380
15159435 3519300 15160233 3519900
15157155 3436740 15160917 3437340
15150999 3390180 15152025 3390780
15166503 3604740 15167301 3605340
15168897 3510180 15169809 3510780
15173571 3388740 15174369 3389340
15152139 3360900 15154989 3361500
15197739 3490500 15198651 3491100
15166731 3510180 15167529 3510780
15150999 3478020 15152481 3478620
15166503 3400260 15167301 3400860
15166503 3543300 15167529 3543900
15171291 3522660 15174141 3523260
15154647 3396420 15157269 3397500
15149859 3352740 15152709 3353340
15161601 3446820 15162057 3447420
15172203 3535620 15174141 3536220
15155331 3356100 15157269 3356700
15168555 3476100 15169125 3476700
15161259 3552900 15162057 3553500
15158181 3369060 15159093 3369660
15166617 3373860 15167643 3374460
15172203 3394500 15173457 3395100
15157155 3514980 15157953 3515580
15164451 3413700 15165249 3414300
15156129 3370500 15157041 3371100
15171063 3559140 15172203 3559740
15162969 3549060 15163881 3549660
15157839 3351300 15159435 3352380
15154419 3428580 15155217 3429180
15165933 3480420 15166845 3481020
15159435 3462660 15162057 3463740
15162057 3406500 15162855 3407100
15173571 3540420 15174597 3541020
15158865 3581700 15159777 3582300
15172431 3397860 15173457 3398460
15166275 3598500 15173685 3599100
15168897 3375780 15169809 3376380
15185313 3456420 15192723 3457020
15150429 3483300 15152025 3483900
15156471 3498180 15157269 3498780
15171063 3482820 15171861 3483420
15156471 3456420 15157269 3457020
15170493 3406500 15171633 3407100
15164451 3536580 15165249 3537180
15157269 3596100 15158865 3597180
15170379 3387300 15171519 3387900
15163995 3430980 15165021 3431580
15154647 3559140 15157497 3559740
15166959 3460740 15167529 3461340
15164451 3411780 15165249 3412380
15155787 3397860 15156927 3398460
15146781 3421860 15147807 3422460
15161259 3375300 15162171 3375900
15167415 3374820 15167871 3375420
15156015 3595140 15156357 3595740
15161259 3359940 15162057 3360540
15168897 3470820 15169809 3471420
15159207 3586980 15160233 3587580
15165363 3374820 15165819 3375420
15156471 3395460 15157269 3396060
15152253 3382020 15153165 3382620
15152139 3485700 15154761 3486780
15165135 3487140 15166161 3487740
15151683 3599940 15152481 3600540
15166959 3533700 15168555 3534780
15167985 3362820 15169125 3363420
15154647 3574020 15156129 3574620
15155217 3585060 15155901 3585660
15160461 3598020 15162057 3599100
15176079 3492420 15177105 3493020
15169695 3494340 15170949 3494940
15150771 3400260 15151341 3400860
15164223 3525540 15165249 3526140
15168555 3485220 15169125 3485820
15160347 3528420 15161601 3529020
15156927 3418020 15160689 3418620
15154647 3511140 15155673 3511740
15160575 3496740 15160917 3497340
15162627 3365700 15163425 3366300
15153507 3357060 15154533 3357660
15152139 3358020 15153621 3358620
15169239 3534660 15170265 3535260
15197625 3466500 15198651 3467100
15166503 3470340 15167529 3470940
15168327 3492420 15168897 3493020
15160917 3366660 15162057 3367260
15152595 3426660 15153051 3427260
15149859 3387300 15150657 3387900
15173913 3428100 15174369 3428700
15167871 3366180 15168669 3366780
15176079 3392580 15177105 3393180
15158295 3429540 15159435 3430140
15157611 3588900 15158637 3589500
15150771 3606660 15151113 3607260
15180411 3604740 15180867 3605340
15150429 3558180 15152025 3558780
15176079 3494820 15177105 3495420
15167415 3575460 15169353 3576060
15158067 3532260 15158865 3532860
15159207 3489540 15160689 3490140
15171519 3491460 15172089 3492060
15156927 3602820 15157269 3603420
15156129 3508260 15157269 3508860
15167643 3484740 15168099 3485340
15169467 3498660 15170949 3499260
15166503 3524100 15167301 3524700
15165135 3594660 15166161 3595260
15146781 3609060 15176079 3609660
15197625 3489540 15198651 3490140
15164223 3449220 15165249 3449820
15154647 3533700 15155445 3534300
15149631 3569220 15151569 3569820
15153279 3477060 15154305 3477660
15152139 3577380 15152937 3577980
15157383 3491460 15158979 3492540
15158181 3535620 15159093 3536220
15165363 3511140 15167301 3511740
15183945 3354660 15192723 3355260
15158751 3370980 15159321 3371580
15181323 3480420 15183261 3481020
15154647 3521700 15155673 3522300
15151455 3533700 15152481 3534300
15156699 3583140 15157497 3583740
15158865 3513540 15159549 3514140
15154875 3436260 15156015 3436860
15183489 3507300 15184059 3507900
15153735 3453540 15154989 3454140
15160575 3548100 15161601 3548700
15164451 3502980 15164907 3503580
15160119 3572100 15161715 3573180
15176535 3387780 15177333 3388380
15150543 3574500 15151569 3575100
15161829 3476580 15162855 3477180
15153735 3353700 15154533 3354300
15162627 3511620 15163653 3512220
15164565 3376740 15165249 3377340
15171633 3501060 15173229 3502140
15157155 3358980 15158637 3359580
15170379 3576420 15171405 3577020
15155559 3465060 15156585 3465660
15161943 3489540 15162513 3490140
15159663 3499140 15161829 3500220
15150087 3355140 15152253 3356220
15154191 3598500 15154989 3599100
15163995 3526500 15165933 3527100
15154647 3359940 15155673 3360540
15175395 3389700 15176421 3390300
15175623 3526020 15176421 3526620
15171519 3497700 15172089 3498300
15156699 3587940 15157497 3588540
15167985 3440580 15169125 3441180
15151683 3567780 15152709 3568380
15181323 3482340 15183261 3482940
15152025 3399780 15152481 3400380
15155559 3488580 15157155 3489660
15153051 3488580 15154533 3489180
15154647 3350820 15155673 3351420
15197853 3548100 15198651 3548700
15162741 3410820 15163767 3411420
15156699 3492900 15157497 3493500
15153963 3397860 15154989 3398460
15152595 3394500 15153735 3395100
15153507 3468900 15156357 3469500
15156813 3467460 15157497 3468540
15156927 3595140 15157383 3595740
15152709 3382980 15153051 3383580
15168783 3454500 15169809 3455100
15162969 3391620 15164337 3392700
15155787 3520740 15157041 3521340
15163881 3586500 15164907 3587100
15156243 3376740 15156699 3377340
15154875 3517380 15156471 3518460
15196371 3362820 15198651 3363420
15149403 3541380 15150201 3541980
15155787 3534660 15156813 3535260
15160119 3434820 15161259 3435420
15152367 3517380 15153165 3517980
15146781 3442500 15150543 3443100
15156813 3374340 15157497 3374940
15168099 3416580 15168555 3417180
15169353 3497700 15169809 3498300
15151911 3603300 15152481 3603900
15178245 3443940 15183831 3444540
15174483 3529860 15175053 3530460
15171519 3528420 15173457 3529020
15153051 3351300 15153279 3351900
15157839 3428580 15158865 3429180
15172659 3537540 15173913 3538140
15157839 3348900 15158865 3349500
15153507 3381060 15154533 3381660
15167643 3526020 15168669 3526620
15158295 3549540 15159321 3550140
15170493 3474180 15170949 3474780
15152367 3536580 15153165 3537180
15159207 3520260 15159549 3520860
15169011 3549060 15169809 3549660
15169239 3405060 15170037 3405660
15183831 3561060 15184059 3561660
15176307 3508260 15184059 3508860
15160119 3454500 15161145 3455100
15164679 3598020 15165249 3598620
15167415 3540900 15169125 3541500
15167643 3471300 15168669 3471900
15151227 3394500 15151683 3395100
15153735 3551460 15154191 3552060
15164451 3412740 15165249 3413340
15158067 3545700 15158523 3546300
15149859 3519300 15150429 3519900
15164223 3360900 15165249 3361500
15172659 3521220 15172887 3521820
15152367 3502020 15153165 3502620
15157383 3512580 15157953 3513660
15171405 3509220 15171861 3509820
15158067 3582660 15160005 3583260
15163083 3580740 15164109 3581340
15148149 3469860 15150201 3470460
15150087 3438660 15152253 3439740
15152139 3492420 15153165 3493020
15164451 3368100 15164907 3368700
15149175 3454980 15149745 3455580
15171291 3496260 15171633 3496860
15148605 3462660 15149289 3463260
15168099 3557700 15168897 3558300
15150771 3478980 15151911 3479580
15149061 3507780 15149745 3508380
15167985 3360900 15168669 3361980
15158295 3359940 15159549 3360540
15173799 3480900 15174597 3481500
15157383 3437700 15159549 3438780
15160803 3565380 15161601 3565980
15153507 3435300 15154647 3435900
15170835 3520260 15171633 3520860
15146781 3393060 15148719 3393660
15158067 3539460 15159549 3540060
15151227 3430020 15152253 3430620
15195915 3349380 15198423 3349980
15166845 3486660 15167301 3487260
15174027 3499140 15176193 3500220
15174711 3598500 15175167 3599100
15154647 3561540 15156585 3562140
15164451 3552900 15165021 3553500
15157155 3373380 15157725 3373980
15152139 3475140 15153621 3475740
15159435 3530820 15160461 3531420
15164907 3572100 15166617 3572700
15146781 3580740 15148263 3581340
15154875 3374340 15155901 3374940
15174711 3525060 15175281 3525660
15166845 3475620 15167529 3476220
15172659 3402180 15173457 3402780
15152595 3587940 15153621 3588540
15162285 3573060 15163881 3574140
15161031 3576420 15162057 3577020
15170379 3479940 15171519 3480540
15176079 3522660 15177105 3523260
15164223 3490020 15165249 3490620
15168099 3374820 15168669 3375420
15162285 3585540 15162741 3586140
15153051 3514500 15154305 3515100
15168441 3401220 15168669 3401820
15152139 3526020 15153621 3526620
15157725 3496260 15157953 3496860
15149859 3375780 15150885 3376380
15152595 3509220 15153621 3509820
15174483 3394500 15176079 3395580
15152367 3529860 15152709 3530460
15160575 3581700 15161145 3582300
15159663 3526980 15160233 3527580
15168555 3363780 15170151 3364860
15163311 3480900 15164337 3481500
15152139 3508260 15153165 3508860
15154875 3514500 15156471 3515580
15154191 3395460 15155217 3396060
15160803 3557700 15161601 3558300
15156129 3406500 15157155 3407100
15152139 3464100 15153165 3464700
15156813 3519300 15157497 3520380
15158295 3465060 15158637 3465660
15171519 3534660 15172431 3535260
15170607 3556260 15171405 3556860
15167985 3556740 15168213 3557340
15168099 3412260 15170949 3412860
15171291 3394500 15171633 3395100
15158979 3371940 15160917 3372540
15162171 3402180 15164337 3403260
15169011 3355140 15169809 3355740
15146781 3449220 15157839 3449820
15150543 3402180 15152139 3403260
15161943 3428580 15162513 3429180
15167187 3479460 15168213 3480060
15174027 3487620 15176193 3488700
15152823 3478020 15154419 3479100
15152139 3514500 15152481 3515100
15156699 3540420 15157839 3541020
15161145 3566820 15161373 3567420
15373641 3437220 15463587 3437820
15163767 3542340 15164337 3542940
15176307 3440100 15184059 3440700
15173799 3528420 15174825 3529020
15154647 3575940 15154989 3576540
15154647 3387300 15155445 3387900
15165363 3373860 15165819 3374460
15157383 3574500 15158409 3575100
15153279 3500100 15154077 3500700
15169239 3586020 15170037 3586620
15464157 3443460 15466209 3444060
15165135 3571140 15166617 3571740
15152367 3383940 15153165 3384540
15156813 3538980 15157725 3539580
15152595 3459780 15154761 3460860
15169011 3491460 15169809 3492060
15159663 3382500 15160461 3383100
15183945 3513060 15192723 3513660
15183945 3441060 15192723 3441660
15198081 3423780 15198651 3425340
15162627 3539940 15162855 3540540
15152367 3420900 15152709 3421500
15183945 3386340 15192723 3387900
15156585 3555780 15157269 3556380
15158523 3594660 15159549 3595260
15170607 3518820 15171633 3519420
15165363 3388260 15166389 3388860
15164907 3538980 15165705 3539580
15160803 3452100 15161829 3452700
15146781 3503940 15148263 3504540
15164223 3484740 15165021 3485340
15146781 3556260 15150885 3556860
15149403 3394500 15149973 3395100
15174027 3519300 15176193 3520380
15146781 3598020 15149289 3598620
15466893 3443460 15467577 3444060
15169011 3486660 15169809 3487260
15153279 3501540 15154305 3502140
15153165 3555780 15154761 3556860
15149859 3603300 15151797 3603900
15154647 3481380 15155673 3481980
15183945 3443940 15192723 3445500
15169923 3546660 15170721 3547260
15160119 3588420 15160917 3589020
15149859 3402660 15150429 3403260
15164223 3577860 15165021 3578460
15153051 3594180 15154647 3595260
15196143 3547140 15198651 3547740
15162627 3526980 15163653 3527580
15167415 3481860 15167985 3482460
15183945 3391140 15192723 3392700
15173799 3404580 15174369 3405180
15154533 3371460 15155217 3372540
15150543 3458340 15151569 3458940
15155103 3392580 15157269 3393660
15156015 3455460 15157041 3456060
15161943 3500580 15162513 3501180
15148149 3483780 15150201 3484380
15196257 3382500 15198651 3384060
15169011 3379140 15170037 3379740
15153507 3550500 15159093 3551100
15197625 3387780 15198651 3388380
15159663 3361860 15160689 3362460
15165135 3397380 15166617 3397980
15151797 3349380 15152025 3349980
15169695 3371460 15170493 3372060
15198081 3372900 15198651 3374460
15164223 3374340 15165249 3374940
15174255 3420900 15174711 3421500
15146781 3584100 15148719 3584700
15162627 3557700 15164223 3558780
15198081 3493860 15198651 3495420
15159435 3595620 15160005 3596220
15159093 3426180 15159549 3426780
15150429 3454500 15151113 3455100
15159207 3575940 15159549 3576540
15182691 3370980 15183717 3371580
15173571 3515940 15180981 3516540
15166959 3452580 15167985 3453180
15175851 3390660 15177447 3391740
15160803 3591300 15161829 3591900
15166959 3520260 15168327 3520860
15170151 3526980 15170721 3527580
15183945 3531300 15192723 3532860
15157269 3499140 15158865 3500220
15146781 3524100 15148263 3524700
15161715 3593700 15162513 3594300
15178587 3536100 15179385 3536700
15158295 3393540 15159093 3394140
15161943 3491940 15162513 3492540
15162855 3541860 15163425 3542460
15159891 3428100 15161487 3429180
15169467 3502500 15170493 3503100
15148719 3381540 15149745 3382140
15171063 3582660 15171747 3583260
15162171 3442500 15165021 3443100
15149859 3587460 15150429 3588060
15183945 3541860 15192723 3542460
15171291 3404100 15171861 3405180
15172887 3509700 15173913 3510300
15165135 3429060 15173913 3429660
15168555 3377700 15168783 3378300
15165591 3406500 15168099 3407100
15183603 3407460 15184059 3408060
15169239 3523620 15170265 3524220
15159435 3445380 15160005 3446460
15198081 3462180 15198651 3462780
15156699 3368580 15157269 3369180
15168327 3581700 15169125 3582300
15153051 3592260 15153621 3592860
15152367 3434820 15153165 3435420
15160803 3479940 15161829 3480540
15166047 3536100 15167073 3536700
15166503 3586500 15167073 3587100
15164223 3493860 15166161 3494460
15155787 3435300 15156813 3435900
15157155 3431460 15157725 3432060
15149175 3520740 15150201 3521340
15176307 3533220 15176877 3533820
15161943 3568260 15162513 3568860
15160575 3531300 15161145 3531900
15158067 3504900 15158637 3505500
15162855 3462180 15163425 3462780
15158067 3468900 15158637 3469500
15197055 3564420 15198651 3565020
15160233 3531780 15160461 3532380
15194775 3351300 15198537 3351900
15149859 3425220 15150429 3425820
15161943 3503940 15162399 3504540
15156699 3453060 15157269 3454140
15146781 3373860 15149289 3374460
15196143 3421380 15198651 3421980
15160119 3575940 15160689 3576540
15158067 3466500 15158637 3467100
15147807 3381540 15148377 3382140
15227493 3501540 15242085 3531900
15150771 3425220 15151341 3425820
15154647 3502020 15155331 3502620
15183945 3608100 15192723 3609660
15198081 3522660 15198651 3524220
15146781 3358980 15148263 3359580
15153507 3464580 15154533 3465180
15149061 3586500 15149517 3587100
15153507 3368100 15153849 3368700
15154191 3541380 15154761 3541980
15150543 3594660 15152481 3595260
15197967 3558660 15198651 3559260
15160461 3395940 15160689 3396540
15156699 3551940 15158295 3553020
15166503 3378180 15168441 3378780
15169011 3519780 15169239 3520380
15159663 3603300 15159891 3603900
15152253 3479460 15153279 3480060
15157839 3367620 15158409 3368220
15154647 3455940 15155103 3456540
15151455 3414660 15152025 3415260
15183945 3455460 15192723 3456060
15146781 3568260 15147009 3568860
15171861 3365700 15172773 3366300
15151341 3455460 15151569 3456060
15160803 3404100 15161373 3404700
15198423 3576900 15198651 3578460
15154647 3358020 15155445 3358620
15155787 3587460 15156357 3588060
15149859 3586020 15150429 3586620
15157155 3463140 15157725 3463740
15197967 3502020 15198651 3502620
15164907 3453060 15166617 3453660
15198195 3389700 15198651 3390300
15152595 3561540 15153165 3562140
15195915 3355140 15198423 3355740
15165135 3478500 15167643 3479100
15159663 3574020 15160119 3574620
15165135 3599460 15165933 3600060
15152139 3506820 15154761 3507900
15170151 3572100 15170721 3572700
15149403 3377220 15149973 3377820
15155103 3398340 15155673 3399420
15198195 3517380 15198651 3517980
15166503 3550980 15166959 3551580
15155103 3510180 15155673 3510780
15157611 3498180 15159549 3498780
15198423 3552900 15198651 3554460
15164907 3366660 15165249 3367260
15160119 3469380 15160461 3469980
15198195 3586500 15198651 3587100
15175167 3366180 15182577 3366780
15198195 3467460 15198651 3468060
15149631 3467940 15150201 3468540
15164223 3474180 15165021 3474780
15154647 3605700 15155217 3606300
15171063 3499140 15172659 3500220
15158979 3403140 15160575 3404220
15156813 3601860 15157497 3602460
15158751 3534660 15159777 3535260
15154191 3528900 15154761 3529500
15195915 3550020 15198423 3550620
15198195 3472260 15198651 3472860
15146781 3467460 15148263 3468060
15157155 3584100 15157953 3584700
15198195 3441540 15198651 3442140
15171975 3512100 15172545 3512700
15198195 3546180 15198651 3546780
15198081 3447780 15198651 3448380
15160803 3347940 15161145 3348540
15164451 3454020 15165021 3454620
15166503 3532740 15166845 3533340
15150315 3572100 15150885 3572700
15183945 3511140 15192723 3512700
15148149 3516420 15149175 3517020
15155787 3513540 15156357 3514140
15166959 3457380 15167301 3457980
15149859 3359460 15150429 3360060
15169011 3449700 15183717 3450300
15182463 3448740 15183489 3449340
15163083 3478980 15165021 3479580
15149859 3478980 15150429 3479580
15183375 3437220 15185427 3437820
15165135 3461700 15166617 3462300
15466209 3437220 15467007 3437820
15198195 3518340 15198651 3518940
15167415 3521220 15167985 3521820
15164109 3459780 15164793 3460380
15159093 3421860 15166503 3422460
15161715 3515460 15162285 3516060
15172089 3513540 15172317 3514140
15161031 3562500 15161373 3563100
15153051 3358980 15153279 3359580
15165135 3554820 15166617 3555420
15198423 3454980 15198651 3455580
15164109 3578820 15164565 3579420
15198195 3457860 15198651 3458460
15468147 3437220 15468375 3437820
15164223 3486660 15164565 3487260
15160575 3526980 15160917 3527580
15149859 3524580 15150201 3525180
15169239 3479940 15170265 3480540
15241971 3347940 15256677 3378300
15165135 3390660 15166617 3392220
15183375 3393060 15184059 3393660
15165135 3582660 15166617 3583260
15154533 3477540 15154989 3478140
15169011 3453540 15169353 3454140
15166503 3560580 15181209 3562140
15156243 3535620 15156813 3536700
15166503 3417540 15167073 3418140
15171975 3539940 15173115 3540540
15168327 3512100 15168669 3512700
15182805 3391140 15183831 3391740
15169011 3401220 15169581 3401820
15197967 3500100 15198651 3500700
15157839 3430500 15158523 3431100
15159435 3504900 15160005 3505500
15154989 3422340 15155331 3422940
15148149 3587460 15149175 3588060
15151455 3476100 15152025 3476700
15183945 3371940 15192723 3373500
15198423 3446340 15198651 3446940
15161943 3457860 15163881 3458460
15171063 3361380 15178473 3361980
15161829 3530340 15162285 3530940
15183603 3498660 15184059 3499260
15164907 3409860 15166617 3410460
15169239 3501540 15169581 3502140
15164223 3478020 15164565 3478620
15170835 3353700 15178245 3354300
15198195 3456900 15198651 3457500
15169695 3448740 15177105 3449340
15160575 3439620 15161145 3440220
15183603 3378660 15184059 3379260
15197967 3391620 15198651 3392220
15165135 3395460 15166617 3396060
15160119 3389220 15160461 3389820
15164907 3463620 15166617 3464220
15161943 3560580 15163881 3561180
15149859 3485700 15150201 3486300
15169695 3488580 15170151 3489180
15156813 3401700 15160575 3402300
15198309 3468420 15198651 3469020
15146781 3544260 15150543 3544860
15166503 3404100 15166845 3404700
15152139 3541380 15153165 3541980
15157611 3399300 15157953 3399900
15159435 3560100 15161373 3560700
15164109 3572580 15164793 3573180
15182463 3390180 15183489 3390780
15183375 3506340 15184059 3506940
15183603 3593700 15184059 3594300
15161715 3519300 15162285 3519900
15175851 3417060 15183261 3417660
15151683 3455940 15152709 3456540
15146781 3479940 15148263 3480540
15159321 3514980 15159777 3515580
15149859 3481860 15150201 3482460
15182463 3392100 15183489 3392700
15164679 3373380 15165249 3373980
15170037 3366180 15170493 3366780
15157041 3511620 15157497 3512220
15157611 3556260 15157953 3556860
15167643 3501060 15168213 3501660
15167415 3512100 15167757 3512700
15168099 3469860 15182805 3470460
15197967 3452100 15198651 3452700
15152139 3498180 15152481 3498780
15162627 3470340 15163197 3470940
15173799 3517860 15181209 3518460
15156927 3414660 15164337 3415260
15152367 3511140 15154305 3511740
15167871 3564900 15182577 3565500
15174255 3489060 15181665 3489660
15146781 3379140 15148719 3379740
15152139 3502980 15153165 3503580
15173571 3405540 15180981 3406140
15159435 3468900 15160005 3469500
15149745 3351780 15150201 3352380
15167187 3409380 15167529 3409980
15167871 3449700 15168441 3450300
15164679 3522180 15165249 3522780
15148605 3503460 15149631 3504060
15197967 3502980 15198651 3503580
15183945 3503460 15192723 3504060
15164793 3434820 15166617 3435420
15183945 3482340 15185427 3482940
15175623 3383460 15183033 3384060
15192609 3575460 15198195 3576060
15196599 3545220 15198651 3545820
15168327 3375780 15168669 3376380
15160347 3367140 15160689 3367740
15159891 3464100 15160119 3464700
15468147 3443460 15468375 3444060
15170607 3421860 15178017 3422460
15175395 3420900 15182805 3421500
15146781 3436260 15148719 3436860
15149859 3578820 15150201 3579420
15152367 3446340 15152937 3446940
15198195 3353220 15198651 3353820
15192609 3508260 15198195 3508860
