G3:
15227493 3470820 15336135 3501660
15334881 3437700 15468375 3441660
15169125 3467940 15170265 3468540
15183945 3375780 15192723 3378300
15183945 3434340 15192723 3436860
15183945 3367140 15192723 3369660
15183945 3527460 15192723 3529020
15192609 3552420 15198195 3553980
15191583 3418500 15198651 3419100
15191583 3471300 15198651 3471900
15191583 3492420 15198651 3493020
15334881 3536580 15468375 3567420
15183603 3408420 15192723 3409020
15192609 3518820 15198195 3520380
15192609 3461220 15198195 3462780
15170607 3421380 15196257 3421980
15170151 3454020 15195801 3454620
15183603 3586980 15192723 3587580
15334881 3379140 15468375 3409980
15192609 3446820 15198195 3448380
15192609 3538020 15198651 3539580
15192609 3422820 15198195 3424380
15192609 3523620 15198195 3525180
15334881 3574020 15468375 3604860
15148149 3476580 15152823 3477180
15171975 3491460 15197625 3492060
15334881 3427140 15468375 3434940
15146781 3502500 15148263 3503580
15170607 3555780 15196257 3556380
15146781 3357540 15148263 3358620
15152139 3377700 15154761 3378300
15171291 3574980 15196941 3575580
15171519 3474180 15197169 3474780
15152367 3539460 15153165 3540060
15152139 3514020 15156813 3514620
15159207 3591780 15163881 3592380
15168327 3538020 15183033 3538620
15166959 3384900 15169125 3387900
15147807 3602820 15149973 3605820
15148149 3482340 15150201 3482940
15152139 3583140 15156813 3583740
15165135 3528420 15168669 3529020
15167871 3537060 15168783 3537660
15163311 3454020 15164109 3454620
15161943 3468420 15162741 3469020
15161487 3496740 15163653 3497340
15153507 3482820 15154305 3483420
15168555 3446340 15169353 3447420
15172659 3365700 15173457 3366780
15166731 3393540 15167529 3394620
15151683 3547140 15152709 3548220
15172431 3387780 15173229 3388380
15146781 3456900 15150201 3457500
15153735 3410820 15154533 3411900
15172431 3381060 15173229 3382140
15167643 3402180 15168441 3403260
15156015 3551940 15156813 3553020
15160575 3387780 15161373 3388380
15155787 3373860 15157725 3374460
15172659 3447300 15173457 3448380
15153051 3538020 15153849 3538620
15150771 3600420 15156357 3601020
15149631 3491460 15153165 3492060
15155331 3442500 15156129 3443580
15153735 3483780 15154533 3484380
15151683 3561060 15152481 3561660
15173115 3501060 15195117 3501660
15148149 3597060 15150201 3597660
15171975 3386340 15173001 3386940
15153507 3547140 15154533 3548220
15160803 3600420 15162741 3601020
15150999 3451140 15152025 3452220
15172431 3531300 15174369 3531900
15155331 3562020 15157497 3562620
15170607 3381060 15171405 3382140
15162171 3464100 15166389 3464700
15153963 3538500 15154761 3539100
15164451 3541860 15165477 3542460
15164223 3596100 15164565 3597180
15154191 3385860 15158409 3386460
15157839 3567300 15158637 3568380
15160803 3549060 15161601 3550140
15164907 3394980 15167073 3395580
15167871 3450180 15168669 3451260
15157155 3461700 15157497 3462780
15157155 3382980 15157497 3384060
15159435 3377220 15160461 3378300
15158751 3595140 15164337 3595740
15154191 3596100 15154989 3597180
15164223 3567300 15164565 3568380
15154647 3604740 15155445 3605820
15169011 3367620 15170037 3368700
15161715 3593220 15164337 3593820
15151683 3604740 15152937 3605340
15148491 3489540 15153165 3490140
15159207 3367620 15163881 3368220
15150087 3527940 15151113 3529020
15157839 3460740 15159777 3461340
15171747 3510180 15182805 3510780
15165363 3465060 15170037 3465660
15185997 3443460 15197055 3444060
15155331 3468420 15159549 3469020
15151227 3560100 15153165 3560700
15152595 3552900 15153393 3553980
15162399 3383940 15163197 3385020
15150999 3563460 15152937 3564060
15154419 3577860 15159093 3578460
15161487 3454980 15162285 3456060
15169239 3442500 15170037 3443580
15161943 3523140 15162855 3524220
15164451 3558660 15165249 3559740
15150087 3598020 15152025 3599100
15159435 3382980 15160917 3383580
15149175 3590340 15153393 3590940
15162855 3404100 15163653 3405180
15152139 3361380 15154761 3361980
15161487 3353220 15162285 3354300
15161943 3407940 15162741 3409020
15173799 3577860 15195801 3578460
15153051 3434820 15155901 3435420
15192267 3499140 15197853 3499740
15160575 3575460 15163197 3576060
15155331 3569700 15157953 3570300
15164907 3477540 15167073 3478140
15170151 3362820 15170949 3363900
15153051 3586980 15154989 3587580
15164451 3588420 15165249 3589500
15159663 3355620 15161601 3356220
15149859 3400740 15154533 3401340
15176307 3389700 15198309 3390300
15149859 3588420 15150657 3589500
15161943 3566340 15164565 3566940
15150087 3567780 15151797 3568380
15149403 3550020 15150429 3550620
15159891 3466980 15164109 3467580
15152823 3493380 15153621 3494460
15178587 3410820 15196941 3411420
15177219 3385860 15195573 3386460
15151683 3350340 15153279 3351420
15168099 3452100 15168897 3453180
15146781 3374340 15149973 3374940
15158523 3551940 15159321 3553020
15161373 3597060 15162285 3598140
15177447 3440580 15195801 3441180
15169695 3503940 15170493 3505020
15171063 3365220 15172089 3365820
15164451 3435780 15165249 3436860
15157383 3548100 15159093 3548700
15148149 3573060 15151569 3573660
15148149 3585060 15150999 3585660
15154875 3384420 15155901 3385020
15154647 3501060 15155445 3502140
15164451 3569220 15165249 3570300
15169011 3448260 15169809 3449340
15149859 3401700 15152709 3402300
15170607 3367620 15171405 3368700
15172203 3351300 15173001 3352380
15159891 3446340 15160689 3447420
15148149 3534180 15153735 3534780
15148149 3582660 15150201 3583260
15166959 3563460 15167757 3564540
15161715 3492900 15164565 3493500
15146781 3581700 15148605 3582300
15167415 3407940 15168213 3409020
15152139 3526500 15156813 3527100
15166731 3388740 15167529 3389820
15162399 3387780 15163197 3388860
15169011 3379620 15183717 3380220
15159891 3440580 15160689 3441660
15149403 3439620 15150201 3440700
15174483 3365700 15175281 3366780
15174939 3395460 15196941 3396060
15169239 3539460 15170037 3540540
15168099 3349380 15168897 3350460
15159435 3578820 15160575 3579900
15167415 3447300 15168213 3448380
15166503 3542340 15169353 3542940
15163539 3407940 15164337 3409020
15148149 3377700 15150201 3378300
15166731 3540420 15167529 3541500
15160575 3383940 15161373 3385020
15160347 3469380 15161145 3470460
15161031 3449220 15161829 3450300
15161031 3439620 15161829 3440700
15150543 3378180 15151341 3379260
15152823 3550020 15153621 3551100
15150771 3382980 15151569 3384060
15166959 3380100 15167757 3381180
15148947 3429060 15149745 3430140
15148149 3593220 15149973 3593820
15162399 3543300 15163197 3544380
15149403 3350340 15150201 3351420
15166959 3451140 15167757 3452220
15163995 3486180 15167073 3486780
15154875 3430020 15155901 3430620
15157383 3559620 15158181 3560700
15161487 3557700 15162285 3558780
15150087 3542340 15150885 3543420
15158295 3449220 15159093 3450300
15149403 3418500 15150201 3419580
15158751 3559620 15159549 3560700
15148149 3355620 15150201 3356220
15151455 3441540 15152253 3442620
15169695 3527940 15171405 3528540
15167187 3566340 15167985 3567420
15161943 3356100 15165249 3356700
15160575 3553380 15166161 3553980
15158979 3454020 15162285 3454620
15150315 3443460 15151113 3444540
15156699 3452100 15157497 3453180
15157611 3464580 15158409 3465660
15150087 3547140 15150885 3548220
15170949 3525060 15173001 3525660
15161259 3404100 15162057 3405180
15160347 3605700 15161145 3606780
15155787 3565860 15157497 3566460
15146781 3439620 15148719 3440700
15156015 3400260 15156813 3401340
15152595 3556740 15153393 3557820
15149859 3594180 15150657 3595260
15157839 3399300 15158637 3400380
15157155 3543300 15157953 3544380
15148605 3607620 15150201 3608700
15157041 3398340 15159891 3398940
15161031 3444420 15161829 3445500
15149859 3530340 15156357 3530940
15160803 3490020 15162855 3490620
15149403 3453060 15150201 3454140
15148149 3363300 15150201 3363900
15159435 3437700 15160233 3438780
15150771 3605700 15151569 3606780
15151227 3554820 15152025 3555900
15150999 3566340 15151797 3567420
15153849 3387780 15160347 3388380
15146781 3452580 15148833 3453180
15158751 3590340 15161601 3590940
15151911 3525060 15152709 3526140
15161943 3567300 15162741 3568380
15152139 3589380 15155217 3589980
15148035 3548100 15148833 3549180
15146781 3535620 15149973 3536220
15149631 3370980 15158865 3371580
15149403 3501060 15150201 3502140
15153507 3554820 15154305 3555900
15147807 3424740 15149517 3425340
15170835 3494340 15174141 3494940
15149859 3523140 15150657 3524220
15150771 3551940 15151569 3553020
15165135 3424260 15173913 3424860
15150999 3543300 15151797 3544380
15165021 3570660 15170607 3571260
15165135 3418500 15173913 3419100
15170379 3371460 15192381 3372060
15157155 3486660 15157953 3487740
15148263 3358980 15149061 3360060
15148605 3379140 15150201 3380220
15175509 3567300 15197511 3567900
15152595 3442500 15153393 3443580
15167643 3552900 15169581 3553980
15148605 3562500 15150201 3563580
15148491 3551940 15149289 3553020
15170151 3435300 15181209 3435900
15162627 3569220 15163425 3570300
15166731 3404100 15167529 3405180
15152823 3446340 15153621 3447420
15153735 3503460 15160233 3504060
15156015 3510660 15156813 3511740
15148149 3361380 15150201 3361980
15177675 3550020 15196029 3550620
15146781 3416580 15156015 3417180
15158067 3411300 15161373 3411900
15148263 3498180 15149061 3499260
15155559 3555300 15162057 3555900
15154419 3457380 15160005 3457980
15150999 3454020 15151797 3455100
15163311 3350340 15164109 3351420
15146781 3480420 15149973 3481020
15172659 3407460 15183717 3408060
15147807 3418500 15148605 3419580
15170835 3385380 15174141 3385980
15169011 3393060 15174597 3393660
15161487 3488580 15162285 3489660
15152139 3579300 15155445 3579900
15151683 3556740 15152481 3557820
15148149 3538980 15150201 3539580
15149859 3429060 15150657 3430140
15164223 3604260 15182577 3604860
15162969 3527460 15165477 3528060
15147579 3556740 15148377 3557820
15148149 3481380 15150201 3481980
15174027 3396420 15196029 3397020
15158979 3601380 15160461 3601980
15171291 3570660 15182349 3571260
15161715 3514980 15168213 3515580
15152595 3407940 15153393 3409020
15148149 3474180 15150201 3474780
15174939 3529860 15196941 3530460
15165135 3490020 15170721 3490620
15164223 3372420 15166617 3373020
15146781 3543300 15149973 3544380
15150315 3607620 15151113 3608700
15161259 3569220 15162057 3570300
15152367 3498180 15153165 3499260
15171291 3537060 15174597 3537660
15148149 3577380 15150201 3577980
15174939 3541380 15196941 3541980
15148149 3475620 15150201 3476220
15148149 3510660 15150429 3511260
15162627 3471780 15165705 3472380
15168327 3389220 15170721 3389820
15148605 3441540 15150201 3442620
15171519 3416100 15182577 3416700
15152139 3447780 15163197 3448380
15173229 3515460 15176421 3516060
15146781 3407940 15149973 3409020
15151227 3549060 15152025 3550140
15148149 3375300 15151569 3375900
15148149 3464100 15150201 3464700
15170607 3547140 15196257 3547740
15161487 3482820 15163881 3483420
15180981 3364260 15184059 3364860
15167415 3390180 15169923 3390780
15146781 3497220 15148605 3497820
15148149 3485220 15153735 3485820
15148149 3478020 15150429 3478620
15146781 3458820 15152367 3459420
15148149 3466020 15149973 3466620
15146781 3516900 15149973 3517500
15146781 3493380 15148605 3493980
15148149 3468420 15149973 3469020
15175395 3420420 15197397 3421020
15148947 3405540 15150429 3406140
15154533 3429060 15163767 3429660
15173229 3532260 15176421 3532860
15148149 3598980 15149289 3600060
15146781 3382500 15150201 3383100
15171519 3370020 15172773 3370620
15156015 3607620 15165249 3608220
15146781 3410340 15152367 3410940
15161943 3513060 15163197 3513660
15155103 3406020 15156243 3407100
15166503 3434820 15169581 3435420
15167643 3413700 15182349 3414300
15146781 3383940 15150201 3384540
15170037 3375780 15181095 3376380
15161031 3414180 15167073 3414780
15148491 3473220 15150201 3473820
15149859 3421380 15151569 3421980
15148149 3586020 15149973 3586620
15157155 3525060 15159549 3525660
15146781 3591780 15150201 3592380
15169923 3545700 15171633 3546300
15163995 3426660 15182349 3427260
15148149 3353220 15150201 3353820
15195687 3559620 15198651 3560220
15161829 3430500 15171063 3431100
15167187 3513540 15169239 3514140
15148605 3451140 15150201 3452220
15158523 3583140 15161031 3583740
15148491 3509700 15150201 3510300
15166503 3574020 15172089 3574620
15150315 3596100 15152025 3596700
15146781 3531300 15150201 3531900
15168099 3501060 15171519 3501660
15196371 3477060 15198651 3477660
15146781 3444900 15149973 3445500
15146781 3371940 15149973 3372540
15163653 3575460 15166845 3576060
15148149 3513060 15150657 3513660
15177447 3549060 15195801 3549660
15166959 3360900 15168099 3361980
15165135 3454980 15173913 3455580
15150429 3425700 15153393 3426300
15167187 3495300 15169581 3495900
15146781 3403620 15150201 3404220
15169011 3457860 15183717 3458460
15151683 3440580 15153393 3441180
15172659 3509220 15183717 3509820
15148149 3578820 15149973 3579420
15148149 3486180 15150201 3486780
15169923 3484260 15171633 3484860
15159207 3374340 15162285 3374940
15183945 3476580 15192723 3477180
15195687 3434820 15198651 3435420
15195231 3487620 15198651 3488220
15176991 3507780 15195345 3508380
15170949 3511620 15172545 3512220
15159435 3494340 15162855 3494940
15165135 3543780 15167529 3544380
15152139 3576900 15155217 3577500
15148149 3488580 15149973 3489180
15166503 3441060 15169581 3441660
15192609 3425700 15198651 3426300
15162513 3548580 15171747 3549180
15162855 3563460 15165249 3564060
15148263 3575460 15149973 3576060
15147579 3546180 15149289 3546780
15167415 3492900 15169923 3493500
15177447 3530820 15195801 3531420
15148263 3527460 15149973 3528060
15161145 3370980 15162285 3371580
15148149 3525540 15149973 3526140
15146781 3423300 15147921 3424380
15170151 3553380 15181209 3553980
15156813 3602340 15159093 3602940
15157725 3580260 15159777 3580860
15146781 3385860 15149973 3386460
15159207 3385860 15160347 3386460
15178587 3535620 15196941 3536220
15161487 3502980 15163197 3503580
15148149 3583620 15149973 3584220
15150315 3424740 15152709 3425340
15154533 3427620 15157953 3428220
15164223 3463140 15167301 3463740
15178131 3362820 15196485 3363420
15148719 3557700 15150429 3558300
15168783 3483300 15171861 3483900
15146781 3437700 15149973 3438300
15160575 3379140 15163083 3379740
15154419 3399300 15156129 3399900
15148149 3367620 15150429 3368220
15148149 3364740 15150201 3365340
15163083 3370980 15168669 3371580
15157041 3463620 15160119 3464220
15146781 3563460 15147921 3564540
15164109 3501060 15165249 3501660
15156813 3361860 15159777 3362460
15146781 3432900 15147921 3433980
15171519 3518820 15182577 3519420
15151683 3594180 15153165 3594780
15148149 3518820 15150429 3519420
15195687 3588420 15198651 3589020
15146781 3388740 15147921 3389820
15163995 3587460 15165249 3588060
15146781 3435780 15150201 3436380
15173799 3534660 15188505 3535260
15154647 3423300 15157725 3423900
15166503 3592260 15181209 3592860
15167187 3400260 15168897 3400860
15155559 3378180 15156699 3379260
15166503 3359940 15168213 3360540
15153051 3607620 15154305 3608220
15169695 3372900 15171177 3373500
15149859 3357540 15152937 3358140
15184743 3428100 15195801 3428700
15162399 3555300 15163881 3555900
15146781 3386820 15147921 3387900
15158751 3566820 15161259 3567420
15162855 3562500 15165249 3563100
15161487 3562020 15162741 3562620
15146781 3529860 15148605 3530460
15151227 3385860 15152481 3386460
15166275 3382500 15167529 3383100
15152367 3499620 15154077 3500220
15160461 3405540 15163653 3406140
15146781 3499620 15148605 3500220
15148263 3568740 15149973 3569340
15154875 3549060 15156585 3549660
15183603 3467460 15198309 3468060
15160575 3503940 15162057 3504540
15150087 3466980 15151797 3467580
15184515 3384900 15195573 3385500
15156243 3563940 15157725 3564540
15164907 3554340 15167757 3554940
15186111 3357060 15197169 3357660
15146781 3381060 15149973 3381660
15150429 3462180 15152937 3462780
15172203 3513540 15173913 3514140
15168441 3554340 15183147 3554940
15161259 3586020 15162741 3586620
15146781 3542340 15149289 3542940
15195687 3590340 15198651 3590940
15182919 3487140 15184059 3487740
15173799 3483300 15181209 3483900
15146781 3537540 15148605 3538140
15186339 3370500 15197397 3371100
15151683 3482820 15153165 3483420
15166503 3576900 15181209 3577500
15168555 3473220 15175965 3473820
15172887 3505380 15183945 3505980
15172431 3568740 15183489 3569340
15172659 3542820 15183717 3543420
15176991 3392580 15195345 3393180
15156927 3424740 15158637 3425340
15162855 3506820 15165249 3507420
15158979 3396900 15160461 3397500
15148149 3574500 15149973 3575100
15146781 3570180 15148605 3570780
15170379 3355140 15196029 3355740
15169695 3470340 15195345 3470940
15195687 3585540 15198651 3586140
15159207 3372420 15162285 3373020
15154533 3472740 15157497 3473340
15148149 3517860 15149973 3518460
15184629 3360900 15195687 3361500
15165135 3420420 15173913 3421020
15176991 3512580 15195345 3513180
15172659 3571620 15183717 3572220
15163539 3448260 15165249 3448860
15161601 3605220 15167187 3605820
15164223 3438180 15182577 3438780
15163311 3462180 15178017 3462780
15195687 3464580 15198651 3465180
15151455 3565380 15152937 3565980
15186567 3543300 15197625 3543900
15158979 3413220 15166389 3413820
15187935 3402180 15197169 3402780
15162171 3445860 15164565 3446460
15154077 3471300 15155217 3471900
15150429 3415140 15152937 3415740
15148149 3370980 15149289 3371580
15192609 3571620 15198195 3572220
15146781 3469380 15148605 3469980
15146781 3479460 15152367 3480060
15146781 3368580 15148605 3369180
15186111 3562500 15197169 3563100
15172203 3409380 15183261 3409980
15148149 3520740 15149289 3521340
15153963 3441060 15155673 3441660
15184515 3442500 15195573 3443100
15161259 3520260 15163653 3520860
15158523 3485700 15159777 3486300
15151227 3373860 15152709 3374460
15153507 3486660 15155445 3487260
15166503 3526020 15167757 3526620
15160803 3360420 15163197 3361020
15149859 3414180 15151569 3414780
15156129 3389220 15158067 3389820
15184743 3510660 15195801 3511260
15166503 3494340 15167643 3494940
15164223 3534660 15166617 3535260
15160119 3460740 15161601 3461340
15164223 3405060 15166617 3405660
15161943 3425700 15169353 3426300
15167187 3520740 15169695 3521340
15163995 3547140 15165249 3547740
15149859 3427140 15151569 3427740
15158523 3515940 15160917 3516540
15153507 3453060 15154989 3453660
15146781 3352260 15148605 3352860
15195687 3521220 15198651 3521820
15154077 3460740 15156585 3461340
15158979 3508260 15160233 3508860
15166503 3525060 15168213 3525660
15148149 3505380 15149973 3505980
15167871 3605220 15182577 3605820
15181095 3597060 15195801 3597660
15152139 3528900 15153849 3529500
15151227 3428580 15153621 3429180
15172659 3442020 15183717 3442620
15151797 3495780 15152937 3496380
15165819 3476580 15180525 3477180
15163995 3483780 15165249 3484380
15172887 3496260 15187593 3496860
15155559 3350820 15157497 3351420
15162171 3587940 15163425 3588540
15162627 3488100 15163881 3488700
15166503 3415620 15170265 3416220
15195687 3406020 15198651 3406620
15153963 3497700 15155331 3498300
15156927 3592260 15157953 3592860
15164223 3469380 15166617 3469980
15169239 3451620 15183945 3452220
15166503 3421380 15167757 3421980
15152367 3366180 15153621 3366780
15151683 3592260 15153165 3592860
15161715 3606180 15176421 3606780
15156699 3593700 15158409 3594300
15160119 3488580 15160917 3489180
15163653 3443940 15178359 3444540
15165591 3492900 15166959 3493500
15148149 3528900 15149289 3529500
15167415 3530340 15169125 3530940
15177333 3390660 15195687 3391260
15152139 3524100 15153393 3524700
15181095 3356100 15195801 3356700
15149859 3422340 15151113 3422940
15153507 3569700 15154761 3570300
15159663 3350820 15162057 3351420
15151911 3465540 15153165 3466140
15156927 3349860 15158637 3350460
15195687 3478020 15198651 3478620
15153051 3519300 15154761 3519900
15166959 3527460 15168669 3528060
15185313 3514020 15192723 3514620
15161943 3436260 15163197 3436860
15157611 3431460 15159321 3432060
15156927 3413220 15158409 3413820
15160917 3377700 15162285 3378300
15158751 3589380 15160005 3589980
15150429 3362340 15152937 3362940
15165591 3502500 15167073 3503100
15162627 3370020 15164337 3370620
15183033 3466500 15197739 3467100
15164223 3539460 15166617 3540060
15156471 3455940 15158409 3456540
15156927 3470340 15158637 3470940
15148149 3506340 15149517 3506940
15153963 3529380 15155103 3529980
15197511 3595140 15198651 3595740
15182919 3365220 15184059 3365820
15165591 3358500 15167073 3359100
15155787 3522180 15157269 3522780
15155331 3363300 15156585 3363900
15169011 3357060 15170721 3357660
15159435 3478500 15161145 3479100
15161487 3358020 15162969 3358620
15169011 3531300 15170607 3531900
15157383 3529860 15159777 3530460
15171975 3406020 15173913 3406620
15158751 3557220 15161145 3557820
15166845 3518820 15167985 3519420
15182691 3463620 15197397 3464220
15164223 3460740 15166617 3461340
15156015 3601380 15158409 3601980
15161487 3476100 15162855 3476700
15152139 3591300 15153621 3591900
15157383 3450660 15159207 3451260
15161259 3431460 15162627 3432060
15159435 3477540 15161145 3478140
15150543 3500100 15152025 3500700
15148149 3472260 15149517 3472860
15166503 3355140 15167643 3355740
15152139 3574500 15153849 3575100
15154419 3488580 15155673 3489180
15173799 3429060 15188505 3429660
15184743 3438660 15195801 3439260
15165591 3484260 15167073 3484860
15171519 3520260 15172773 3520860
15164223 3523140 15166617 3523740
15168555 3496260 15169923 3496860
15164679 3457380 15167073 3457980
15183261 3548100 15197967 3548700
15168099 3497700 15169467 3498300
15158523 3496740 15160005 3497340
15152139 3597540 15153849 3598140
15152139 3418500 15153621 3419100
15154191 3476580 15159777 3477180
15146781 3402180 15149289 3402780
15162285 3465540 15164337 3466620
15154191 3505380 15155445 3505980
15151911 3413700 15153165 3414300
15166731 3467460 15167529 3468060
15164223 3521220 15166617 3521820
15173799 3481860 15188505 3482460
15170835 3407460 15172089 3408060
15181095 3419460 15195801 3420060
15150087 3493380 15151569 3493980
15150315 3431460 15151797 3432060
15163767 3358020 15165249 3358620
15158067 3493860 15159321 3494460
15164223 3374820 15165477 3375420
15182235 3521700 15184059 3522300
15196827 3367620 15198651 3368220
15168555 3361860 15175965 3362460
15160803 3509700 15162285 3510300
15170151 3395460 15171405 3396060
15162627 3542340 15163881 3542940
15164223 3362820 15166617 3363420
15153735 3559620 15155217 3560220
15161145 3433380 15162627 3433980
15164223 3357060 15166617 3357660
15161715 3382980 15163197 3383580
15164223 3602820 15166617 3603420
15158523 3604260 15160005 3604860
15158409 3575460 15159777 3576060
15174255 3386820 15175737 3387420
15148149 3576420 15149517 3577020
15171519 3541380 15172773 3541980
15162171 3385380 15163881 3385980
15168555 3556260 15169809 3556860
15191355 3515460 15196941 3516060
15152139 3568740 15153393 3569340
15195687 3561540 15198651 3562140
15163767 3428100 15165249 3428700
15164223 3481860 15166617 3482460
15149859 3423780 15152709 3424380
15163767 3490980 15165477 3491580
15163083 3475620 15164565 3476220
15152139 3533220 15155901 3533820
15168327 3399300 15170151 3399900
15158979 3517860 15160689 3518460
15150429 3397380 15151569 3397980
15159093 3373380 15160461 3373980
15149859 3388740 15151569 3389340
15152139 3475620 15153849 3476220
15160575 3432420 15161715 3433020
15153963 3421380 15155445 3421980
15173001 3524100 15187707 3524700
15164223 3496260 15166617 3496860
15164223 3497700 15165933 3498300
15160575 3596100 15162057 3596700
15152367 3605700 15153621 3606300
15163083 3574500 15164565 3575100
15153507 3517860 15154989 3518460
15164907 3470820 15167301 3471420
15192723 3353220 15198309 3353820
15196827 3563460 15198651 3564060
15153963 3493380 15155445 3493980
15170151 3500100 15175737 3500700
15158523 3536580 15160005 3537180
15159207 3461700 15160461 3462300
15166503 3487620 15167301 3488220
15172431 3430020 15187137 3430620
15167871 3375780 15168441 3376380
15176307 3533700 15191013 3534300
15151683 3429540 15153165 3430140
15155103 3425700 15156585 3426300
15160119 3458340 15161259 3458940
15171063 3583140 15178473 3583740
15156243 3515460 15157725 3516060
15164223 3488580 15166617 3489180
15173799 3512580 15174369 3513180
15173799 3477540 15181209 3478140
15156699 3558660 15158409 3559260
15146781 3399300 15152367 3399900
15152595 3450660 15154305 3451260
15163197 3379140 15164337 3380220
15174483 3517380 15189189 3517980
15160689 3491460 15162513 3492060
15164223 3377220 15166617 3377820
15173799 3539460 15188505 3540060
15165591 3509220 15169353 3509820
15181095 3596100 15195801 3596700
15161715 3560100 15169125 3560700
15156927 3352740 15159777 3353340
15192609 3557220 15198195 3557820
15159891 3525060 15161145 3525660
15171975 3521700 15175737 3522300
15148149 3495300 15149517 3495900
15172545 3504420 15174369 3505020
15169695 3471300 15184401 3471900
15161259 3395940 15165021 3396540
15155331 3521220 15156813 3521820
15196827 3527940 15198651 3528540
15152139 3490500 15153393 3491100
15148947 3461220 15150657 3461820
15170949 3468900 15178359 3469500
15161943 3541380 15163425 3541980
15164223 3594180 15166617 3594780
15180411 3400260 15195117 3400860
15146781 3553860 15149289 3554460
15155787 3483300 15158637 3483900
15192723 3456900 15198309 3457500
15153849 3415140 15154989 3415740
15157611 3473220 15158865 3473820
15175965 3394500 15190671 3395100
15172545 3506820 15198195 3507420
15168099 3558180 15182805 3558780
15161715 3453060 15163425 3453660
15165135 3525540 15165933 3526140
15149859 3455940 15151113 3456540
15182235 3424740 15184059 3425340
15154077 3544740 15155673 3545340
15156471 3528900 15157953 3529500
15172203 3490500 15186909 3491100
15159435 3402180 15162285 3402780
15154647 3424740 15156357 3425340
15148491 3390180 15149745 3390780
15146781 3446820 15152367 3447420
15151227 3522660 15152709 3523260
15198309 3453060 15198651 3453660
15157839 3350820 15159093 3351420
15170607 3528900 15172089 3529500
15169011 3583140 15170493 3583740
15181095 3600900 15195801 3601500
15155103 3541380 15156585 3541980
15165135 3566340 15166617 3567900
15181095 3439620 15195801 3440220
15160803 3390660 15164565 3391260
15187023 3409860 15194433 3410460
15165135 3590340 15166617 3591900
15159891 3391620 15161259 3392220
15166503 3416580 15168213 3417180
15195687 3348420 15198651 3349020
15152823 3601860 15154761 3602460
15182235 3433380 15184059 3433980
15183945 3589860 15192723 3590460
15183603 3581700 15198309 3582300
15148491 3376260 15151341 3376860
15153279 3535620 15154419 3536220
15164451 3565380 15165249 3565980
15173799 3485700 15188505 3486300
15148605 3348420 15150429 3349020
15161943 3463140 15163425 3463740
15167871 3396420 15171633 3397020
15164223 3402180 15166617 3402780
15162627 3550980 15163881 3551580
15153507 3566340 15154989 3566940
15158979 3598980 15160233 3599580
15148605 3463140 15150201 3463740
15150771 3437220 15153621 3437820
15153507 3513060 15155103 3513660
15170493 3452580 15177903 3453180
15152139 3469380 15153849 3469980
15153507 3587940 15154989 3588540
15166503 3351300 15167415 3351900
15172431 3392100 15173685 3392700
15169011 3590820 15183717 3591420
15158295 3522180 15159777 3522780
15157839 3571620 15161601 3572220
15192609 3379620 15198195 3380220
15182235 3552420 15184059 3553020
15164223 3491940 15167073 3492540
15156243 3606660 15157953 3607260
15172659 3423300 15187365 3423900
15153051 3520260 15154761 3520860
15149631 3569700 15152481 3570300
15154647 3539460 15157497 3540060
15161715 3400740 15164565 3401340
15166503 3582660 15168213 3583260
15166275 3504420 15169125 3505020
15170835 3495300 15185541 3495900
15173799 3536100 15176649 3536700
15168327 3412740 15172089 3413340
15154647 3495780 15155901 3496380
15166503 3432900 15181209 3433500
15166503 3423300 15172089 3423900
15148149 3522180 15150087 3522780
15155559 3570660 15156813 3571260
15158979 3569220 15160233 3569820
15155559 3390180 15156699 3390780
15155559 3354660 15156813 3355260
15158067 3380100 15159207 3381180
15168099 3562980 15182805 3563580
15154875 3358500 15156129 3359100
15169695 3485220 15173457 3485820
15164223 3368580 15166617 3369180
15154533 3382020 15158295 3382620
15153621 3408900 15157383 3409500
15160803 3364740 15162285 3365340
15166047 3396900 15167415 3397500
15166503 3511620 15170265 3512220
15167415 3581220 15182121 3581820
15168327 3582180 15183033 3582780
15192723 3495300 15198309 3495900
15174483 3480900 15189189 3481500
15163767 3439140 15169353 3439740
15165705 3572580 15173115 3573180
15182463 3366180 15184059 3366780
15171519 3502500 15175281 3503100
15161259 3366180 15165021 3366780
15148605 3366180 15150429 3366780
15159435 3424260 15165021 3424860
15167871 3468900 15169353 3469500
15192495 3558660 15198081 3559260
15183375 3500100 15198081 3500700
15153963 3379140 15155445 3379740
15161715 3456420 15164565 3457020
15173799 3601860 15188505 3602460
15169011 3373860 15170265 3374460
15172659 3472260 15187365 3472860
15175167 3525060 15189873 3525660
15167643 3456420 15168897 3457020
15170607 3536100 15173457 3536700
15168327 3535140 15172431 3535740
15154989 3450180 15156813 3450780
15166503 3579780 15195801 3580380
15163197 3389220 15164337 3389820
15151455 3444900 15158865 3445500
15158295 3423300 15162057 3423900
15157725 3394020 15160575 3394620
15170151 3441060 15173913 3441660
15168099 3543780 15182805 3544380
15169011 3347940 15183717 3348540
15173799 3464580 15181209 3465180
15148605 3394980 15150201 3395580
15150771 3514980 15154533 3515580
15168783 3514500 15171633 3515100
15159663 3473700 15160917 3474300
15171063 3442020 15172089 3442620
15181095 3573060 15195801 3573660
15167643 3405540 15168897 3406140
15156699 3376260 15159549 3376860
15150771 3508740 15152025 3509340
15173571 3405060 15188277 3405660
15151227 3487620 15154077 3488220
15173343 3511620 15197169 3512220
15197055 3407940 15198651 3408540
15173571 3404100 15188277 3404700
15156813 3496260 15157839 3496860
15148605 3428100 15150201 3428700
15156015 3556740 15156243 3557340
15164223 3495300 15166617 3495900
15148605 3397860 15150201 3398460
15156813 3538500 15158409 3539100
15158523 3420420 15164109 3421020
15157839 3475620 15160233 3476220
15167301 3369540 15171063 3370140
15148605 3560100 15150201 3560700
15146781 3370020 15154191 3370620
15157839 3364260 15160689 3364860
15152367 3564420 15155217 3565020
15151683 3606660 15155445 3607260
15158067 3471780 15161829 3472380
15156015 3430500 15156471 3431100
15156927 3523140 15159549 3524220
15169923 3556740 15170949 3557820
15169239 3461220 15169695 3461820
15166503 3472260 15167529 3472860
15189645 3381060 15197055 3381660
15152139 3542340 15152937 3542940
15171519 3508260 15174369 3508860
15146781 3554820 15150543 3555420
15171177 3467940 15178587 3468540
15157155 3433380 15160005 3433980
15161601 3508740 15163197 3509340
15155103 3558180 15156243 3558780
15153963 3484740 15154761 3485340
15151911 3384900 15152709 3385500
15159435 3570180 15160461 3570780
15157155 3404100 15160917 3404700
15164109 3480420 15166047 3481020
15161259 3363780 15165021 3364380
15162285 3503940 15163881 3505020
15173343 3370020 15180753 3370620
15158523 3419460 15162285 3420060
15157839 3484740 15160689 3485340
15172887 3399300 15187593 3399900
15182463 3415140 15184059 3415740
15192609 3424740 15198195 3425340
15161943 3411300 15167529 3411900
15174711 3528420 15182121 3529020
15156015 3574020 15159777 3574620
15173229 3488580 15175737 3489180
15169011 3481860 15172773 3482460
15153963 3590820 15154875 3591420
15158751 3545220 15162513 3545820
15161943 3472740 15163881 3473340
15150543 3381540 15151797 3382140
15172203 3489540 15175053 3490140
15161259 3532740 15162057 3533340
15164451 3384900 15165249 3385500
15197055 3415620 15198651 3416220
15161487 3399300 15165249 3399900
15152367 3516420 15153849 3517020
15173229 3487620 15174141 3488220
15197739 3371460 15198651 3372060
15154191 3440100 15157953 3440700
15153279 3458340 15154533 3458940
15162741 3516420 15164337 3517500
15176307 3504420 15183717 3505020
15163995 3459300 15167757 3459900
15166959 3497220 15167529 3497820
15169011 3525060 15170037 3525660
15164451 3375780 15165705 3376380
15180867 3442980 15183717 3443580
15157155 3556740 15158181 3557340
15167643 3477540 15170493 3478140
15149403 3600420 15150201 3601020
15175395 3607140 15182805 3607740
15156471 3586980 15159321 3587580
15167643 3376740 15168099 3377340
15149517 3514980 15150201 3515580
15167415 3475620 15171177 3476220
15153735 3413700 15155673 3414300
15187479 3351300 15194889 3351900
15150999 3403140 15152025 3403740
15182463 3357540 15184059 3358140
15174483 3362820 15177333 3363420
15176877 3461220 15180639 3461820
15161715 3584580 15164337 3585660
15164337 3432420 15165021 3433020
15182463 3412260 15184059 3412860
15154419 3546180 15155673 3546780
15152367 3537060 15155217 3537660
15148149 3471300 15149745 3471900
15154191 3454980 15157041 3455580
15155103 3410820 15155559 3411420
15156471 3500580 15159321 3501180
15161487 3570660 15162285 3571260
15170493 3509220 15171519 3509820
15149859 3497700 15151113 3498300
15166503 3398340 15168441 3398940
15149859 3494340 15152481 3495420
15155673 3509220 15158181 3509820
15157155 3488100 15158067 3488700
15167871 3490980 15168441 3491580
15150429 3412260 15152253 3412860
15150429 3539940 15151341 3540540
15162171 3549540 15165933 3550140
15166959 3489060 15167757 3489660
15162855 3511140 15163881 3511740
15152823 3373380 15154761 3373980
15159435 3539460 15161373 3540060
15170151 3409860 15170949 3410460
15183261 3452580 15184059 3453180
15160575 3537540 15161373 3538140
15159207 3470820 15160005 3471420
15164223 3393060 15164793 3393660
15160803 3543300 15161601 3543900
15174027 3526020 15175623 3527100
15151455 3473220 15153393 3473820
15153051 3406500 15154191 3407100
15170151 3384420 15170949 3385020
15168327 3488580 15169353 3489180
15146781 3448740 15154191 3449340
15157839 3526980 15159435 3528060
15183147 3413220 15184059 3413820
15163083 3416580 15163881 3417180
15166503 3353220 15170265 3353820
15146781 3447780 15150543 3448380
15166503 3517380 15167301 3517980
15156927 3417540 15164337 3418140
15180867 3586020 15183717 3586620
15161829 3526500 15162627 3527100
15159891 3576900 15161031 3577500
15168327 3383460 15169353 3384060
15151797 3360420 15152481 3361020
15169239 3487620 15170037 3488220
15159435 3510660 15162057 3511740
15154647 3462660 15155445 3463260
15159435 3513540 15160917 3514140
15162399 3352260 15165249 3352860
15166503 3375300 15167301 3375900
15159663 3524100 15160803 3524700
15157155 3589380 15158181 3589980
15159891 3399780 15160917 3400380
15154533 3464100 15155445 3464700
15169011 3510660 15170949 3511260
15164565 3579780 15165021 3580380
15154305 3418980 15156243 3419580
15163083 3545220 15164109 3545820
15171975 3548580 15173115 3549180
15154419 3349380 15156357 3349980
15146781 3601860 15152367 3602460
15152367 3510660 15155217 3511260
15182463 3592740 15184059 3593340
15166503 3578820 15167529 3579420
15150315 3471300 15151341 3471900
15157839 3546660 15159777 3547260
15171291 3492420 15172317 3493020
15170037 3397380 15171633 3398460
15151911 3369060 15152709 3369660
15164223 3452580 15167073 3453180
15164451 3582660 15165249 3583260
15154191 3592740 15154989 3593340
15149631 3504420 15150429 3505020
15166959 3366180 15167985 3366780
15159321 3518820 15166731 3519420
15158067 3454980 15160005 3455580
15197739 3396420 15198651 3397020
15158409 3406980 15159549 3407580
15148605 3443940 15149517 3444540
15167871 3487620 15168669 3488220
15149859 3391620 15152709 3392220
15158067 3439620 15159093 3440220
15159093 3480900 15160689 3481500
15164223 3519780 15165021 3520380
15153621 3367140 15154761 3367740
15166503 3401220 15167301 3401820
15166503 3391620 15167301 3392220
15174483 3475140 15175281 3475740
15171519 3493380 15175281 3493980
15146781 3349860 15148377 3350460
15172659 3396420 15173457 3397020
15158979 3465540 15160575 3466620
15152139 3595620 15152937 3596220
15166959 3589380 15169125 3590460
15167187 3522180 15169125 3522780
15152139 3478500 15152937 3479100
15152139 3484260 15152937 3484860
15150771 3396420 15152709 3397020
15164223 3451620 15165249 3452220
15168555 3374820 15169353 3375420
15155901 3436260 15157839 3436860
15167415 3401220 15168555 3401820
15146781 3600420 15148719 3601020
15159435 3606660 15160233 3607260
15158067 3550020 15159093 3550620
15156699 3568260 15157497 3568860
15169239 3370500 15170265 3371100
15156015 3574980 15157953 3575580
15161943 3505380 15162285 3505980
15158979 3370020 15159891 3370620
15166503 3473220 15167529 3473820
15150087 3576420 15152025 3577020
15181095 3352260 15195801 3352860
15169011 3507300 15169809 3507900
15159435 3375300 15161373 3375900
15152367 3404580 15154305 3405180
15158409 3430500 15159549 3431100
15156129 3434820 15157269 3435420
15158979 3383940 15159777 3384540
15159207 3497700 15160005 3498300
15152595 3395460 15153735 3396060
15336021 3573060 15440559 3573660
15177561 3387780 15192267 3388380
15159435 3507300 15160233 3507900
15161031 3533700 15162057 3534300
15153963 3445860 15159549 3446460
15153621 3389220 15154761 3389820
15160575 3541380 15161373 3541980
15150315 3465540 15151455 3466140
15152139 3352260 15152937 3352860
15176079 3514500 15177105 3515100
15157155 3518340 15157953 3518940
15152367 3358980 15153165 3359580
15171975 3401220 15173571 3402300
15154191 3572100 15155103 3572700
15158067 3598020 15159093 3598620
15152139 3355140 15154989 3355740
15162741 3358980 15164337 3360060
15157611 3416580 15158637 3417180
15154647 3386820 15157497 3387420
15161943 3469860 15162855 3470460
15167187 3374340 15167643 3374940
15166503 3531780 15167529 3532380
15166731 3587940 15167529 3588540
15153963 3425700 15154761 3426300
15171747 3523140 15172317 3523740
15158523 3371940 15159093 3372540
15172203 3395460 15174141 3396060
15156357 3516900 15157269 3517500
15154191 3523620 15154989 3524220
15163881 3381060 15164907 3381660
15159435 3526020 15160917 3526620
15166503 3448260 15167301 3448860
15157269 3430500 15157953 3431100
15164451 3546180 15164907 3546780
15161487 3515940 15162285 3516540
15160347 3354180 15161373 3354780
15152367 3354180 15153279 3354780
15146781 3429060 15148377 3429660
15160575 3512100 15161829 3512700
15166731 3383460 15167529 3384060
15155103 3603780 15156243 3604380
15197853 3459780 15198651 3460380
15166503 3373380 15167529 3373980
15157383 3581700 15158979 3582780
15154647 3391140 15155445 3391740
15165363 3537060 15167301 3537660
15156243 3466500 15158181 3467100
15164223 3385860 15165249 3386460
15168555 3526020 15170151 3527100
15160347 3547620 15161145 3548220
15172431 3417060 15175281 3417660
15182463 3585060 15184059 3585660
15169011 3400740 15169809 3401340
15156699 3553860 15157497 3554460
15150771 3460260 15152709 3460860
15153735 3420420 15154761 3421020
15151227 3571620 15153165 3572220
15154419 3531780 15155217 3532380
15161031 3563460 15162057 3564060
15149403 3469380 15150201 3469980
15167985 3507780 15168783 3508380
15154647 3438660 15157269 3439740
15150087 3372420 15152253 3373500
15162171 3473700 15163197 3474300
15165021 3475620 15166959 3476220
15158523 3592740 15159321 3593340
15158295 3358020 15159093 3358620
15154647 3402180 15155445 3402780
15164223 3532260 15166161 3532860
15163197 3435300 15164337 3435900
15162627 3460740 15163197 3461340
15160347 3504900 15161145 3505500
15170265 3403620 15170493 3404220
15154419 3494820 15155445 3495420
15162171 3589380 15163197 3589980
15170151 3529860 15171177 3530460
15183489 3454980 15183945 3455580
15149859 3434820 15151341 3435420
15160119 3427140 15161715 3428220
15171519 3398820 15172545 3399420
15176079 3487620 15177105 3488220
15165819 3510180 15166845 3510780
15158751 3521220 15159777 3521820
15171519 3540420 15171861 3541020
15171291 3411300 15172317 3411900
15171519 3533220 15172545 3533820
15163083 3567780 15163653 3568380
15160575 3457380 15162057 3457980
15176079 3386340 15177105 3386940
15154647 3496740 15155445 3497340
15170949 3390180 15171633 3390780
15173457 3574020 15173913 3574620
15158979 3353700 15159777 3354300
15152139 3580740 15153165 3581340
15152595 3347460 15154761 3348540
15157611 3421380 15159207 3422460
15168441 3377220 15169239 3377820
15170151 3377220 15170607 3377820
15169467 3452580 15170265 3453180
15162171 3525060 15164337 3526140
15151683 3470340 15152481 3470940
15171975 3487620 15172317 3488220
15164679 3540900 15165249 3541500
15172431 3397380 15173457 3397980
15153279 3596100 15153621 3596700
15168783 3541380 15170721 3541980
15148149 3508740 15149061 3509340
15146781 3400740 15148719 3401340
15178929 3462180 15179385 3462780
15170151 3523620 15171633 3524220
15156015 3561060 15157041 3561660
15159663 3608580 15160119 3609180
15148149 3511620 15151911 3512220
15162627 3596100 15163653 3596700
15171177 3563940 15171633 3564540
15163083 3354180 15164109 3354780
15162627 3590340 15164223 3591420
15164451 3450660 15164907 3451260
15162171 3484740 15164337 3485820
15166959 3544740 15168099 3545340
15146781 3396420 15148719 3397020
15151455 3398340 15152481 3398940
15158523 3365220 15159549 3365820
15166503 3530820 15167301 3531420
15177105 3428100 15177561 3428700
15164223 3513540 15165249 3514140
15188163 3591300 15195573 3591900
15166503 3480900 15167529 3481500
15159435 3362820 15160689 3363420
15164223 3536100 15165249 3536700
15160119 3495300 15161145 3495900
15159435 3565860 15160917 3566460
15157611 3561060 15158751 3561660
15169467 3377220 15169923 3377820
15165135 3530340 15165933 3530940
15161715 3537060 15162741 3537660
15152823 3496740 15153963 3497340
15158067 3505860 15158865 3506460
15156129 3407460 15157269 3408060
15153279 3422820 15154419 3423420
15161829 3551940 15162513 3553020
15153051 3403620 15154191 3404220
15150087 3586980 15151113 3587580
15154191 3432420 15155331 3433020
15169239 3453540 15169695 3454140
15152139 3480900 15152481 3481500
15168783 3458820 15169581 3459420
15154647 3506820 15155445 3507420
15158751 3499620 15159777 3500220
15165135 3522180 15166617 3522780
15149403 3406500 15150429 3407100
15157155 3368580 15158409 3369180
15152139 3540420 15152481 3541020
15148491 3541380 15149517 3541980
15161943 3583140 15163881 3583740
15162627 3564420 15164223 3565500
15154305 3598980 15154989 3600060
15157155 3491460 15157497 3492060
15183945 3347940 15192723 3349500
15167643 3538980 15168213 3539580
15156927 3598980 15157953 3599580
15173457 3533220 15174369 3533820
15167643 3556740 15168099 3557340
15167871 3523140 15168669 3523740
15152139 3472260 15153165 3472860
15155331 3519300 15156927 3520380
15160119 3527940 15161145 3528540
15151683 3387300 15152709 3387900
15162399 3500580 15163425 3501180
15164223 3510180 15165249 3510780
15157155 3412260 15168213 3412860
15160347 3542340 15160917 3542940
15164451 3524580 15165591 3525180
15162627 3572100 15164223 3573180
15162171 3478020 15164337 3479100
15176079 3503460 15177105 3504060
15170607 3516900 15171405 3517500
15157611 3356580 15158637 3357180
15178587 3502500 15179385 3503100
15158979 3538500 15160005 3539100
15153735 3527940 15154761 3528540
15164223 3355140 15165249 3355740
15160575 3501540 15161031 3502140
15166503 3516420 15167529 3517020
15150543 3574020 15151569 3574620
15154647 3563460 15155673 3564060
15155901 3508260 15156243 3508860
15153507 3357540 15154533 3358140
15159891 3572580 15160233 3573180
15153051 3492420 15154533 3493020
15160803 3392580 15161829 3393180
15158751 3424260 15159093 3424860
15164223 3396900 15165249 3397500
15161943 3538500 15163425 3539100
15166959 3546180 15169125 3547260
15153963 3574020 15154761 3574620
15160575 3551460 15161715 3552060
15155103 3547140 15157269 3548220
15166959 3586500 15169125 3587580
15158067 3435300 15159093 3435900
15157611 3378660 15158637 3379260
15153963 3489540 15154761 3490140
15152139 3363780 15153621 3364380
15158523 3558180 15159549 3558780
15161145 3523620 15161373 3524220
15154419 3369540 15155217 3370140
15167415 3550020 15167871 3550620
15168327 3516420 15169125 3517020
15157383 3409860 15159549 3410940
15167415 3574980 15168555 3575580
15171975 3532260 15172317 3532860
15163425 3534180 15163653 3534780
15161031 3487140 15162057 3487740
15156927 3590340 15157953 3590940
15153279 3424740 15153735 3425340
15160347 3529860 15161943 3530940
15150315 3354180 15151341 3354780
15162741 3454980 15164337 3456060
15160689 3482820 15160917 3483420
15162741 3556740 15164337 3557820
15153051 3474180 15154077 3474780
15153279 3603780 15154761 3604380
15151683 3527940 15152709 3528540
15160347 3500580 15161145 3501180
15156015 3550020 15157953 3550620
15170037 3488580 15171633 3489660
15152823 3572580 15153849 3573180
15150315 3385860 15150657 3386460
15161373 3564420 15162057 3565020
15153393 3436260 15154077 3436860
15171291 3538980 15172317 3539580
15151227 3456420 15152481 3457020
15150087 3605700 15150657 3606300
15157839 3513540 15158979 3514140
15171291 3542340 15172317 3542940
15152367 3602820 15153165 3603420
15164223 3467460 15165249 3468060
15153165 3585540 15154761 3586620
15155217 3581700 15156813 3582780
15150087 3558660 15152253 3559740
15155787 3353700 15157269 3354300
15175851 3418500 15176307 3419100
15157839 3393060 15159549 3393660
15163995 3589380 15164337 3589980
15153849 3551940 15154305 3552540
15158637 3490980 15159321 3491580
15167415 3470340 15169011 3471420
15156927 3348900 15157953 3349500
15169467 3403140 15169809 3403740
15198081 3364260 15198651 3365820
15154419 3466980 15155445 3467580
15157383 3599940 15159549 3601020
15183945 3563940 15192723 3565500
15160461 3395460 15160689 3396060
15155559 3395460 15156585 3396060
15164223 3499140 15165249 3499740
15168555 3375780 15169011 3376380
15153279 3381060 15153621 3381660
15160575 3380100 15161601 3380700
15154191 3475140 15155217 3475740
15150543 3472260 15150999 3472860
15158409 3408420 15160347 3409020
15159663 3534660 15161829 3535740
15170151 3402660 15171405 3403260
15152139 3411300 15153165 3411900
15165135 3404100 15166617 3404700
15162171 3470820 15163197 3471420
15154875 3543300 15157041 3544380
15156927 3498660 15157953 3499260
15150315 3436260 15150657 3436860
15156471 3507300 15157497 3507900
15154419 3490500 15154761 3491100
15161031 3581700 15162057 3582300
15175395 3578820 15197397 3579420
15157041 3406500 15157497 3407100
15153507 3356100 15154647 3356700
15169011 3494340 15169809 3494940
15162171 3528900 15164337 3529980
15150087 3520260 15152253 3521340
15166731 3363300 15168669 3363900
15183831 3361380 15184059 3361980
15161259 3376260 15162285 3376860
15169239 3522180 15171405 3523260
15156471 3391620 15157497 3392220
15152709 3383460 15153051 3384060
15149859 3457860 15151569 3458460
15164223 3504900 15165249 3505500
15154419 3381060 15155445 3381660
15157611 3502020 15159549 3503100
15151683 3603300 15152025 3603900
15155787 3431940 15156585 3432540
15149859 3432900 15151797 3433500
15153051 3481380 15154077 3481980
15155103 3364740 15157269 3365820
15154419 3568740 15155445 3569340
15173799 3382500 15174825 3383100
15154647 3409860 15155673 3410460
15161031 3506820 15162057 3507420
15153165 3540420 15154761 3541500
15151341 3435780 15152481 3436380
15149403 3549060 15150429 3549660
15157383 3481860 15159549 3482940
15176307 3531300 15177105 3531900
15176307 3384420 15176877 3385020
15157155 3369540 15158181 3370140
15166503 3350340 15167529 3350940
15157383 3537060 15157953 3537660
15152823 3423780 15153963 3424380
15159549 3381060 15161145 3382140
15155787 3498660 15156585 3499260
15171747 3517380 15173913 3518460
15162513 3394500 15164109 3395580
15153051 3532260 15154077 3532860
15198081 3441060 15198651 3442620
15157383 3458820 15159549 3459900
15159777 3593220 15160005 3593820
15154989 3469380 15156585 3470460
15157155 3380580 15157725 3381180
15161715 3499140 15162285 3500220
15157041 3595620 15157383 3596220
15159207 3581220 15160233 3581820
15241971 3532260 15256677 3562620
15151683 3581700 15152481 3582300
15150315 3501060 15152481 3502140
15170151 3387300 15170493 3387900
15164223 3583620 15164565 3584220
15154647 3456420 15155103 3457020
15158295 3541860 15159321 3542460
15155331 3490500 15156927 3491580
15155559 3527940 15156357 3528540
15171861 3526980 15173457 3528060
15166503 3466500 15166845 3467100
15159207 3370980 15160233 3371580
15168327 3502980 15168897 3503580
15153165 3561540 15154761 3562620
15183603 3358500 15184059 3359100
15154647 3352740 15155901 3353340
15198081 3513060 15198651 3514620
15155331 3372900 15156357 3373500
15156927 3460740 15157269 3461340
15150087 3502980 15152253 3504060
15159435 3389220 15160233 3389820
15152481 3394500 15152709 3395100
15163083 3450660 15163881 3451260
15148149 3356580 15149745 3357180
15171519 3399780 15172317 3400380
15153051 3584580 15154077 3585180
15157383 3492900 15158409 3493500
15164451 3378660 15165477 3379260
15172887 3483780 15173685 3484380
15168555 3550980 15170151 3552060
15159891 3434820 15160233 3435420
15157383 3359940 15158409 3360540
15164451 3531300 15165477 3531900
15153165 3478980 15154761 3480060
15152253 3567300 15152709 3567900
15151455 3455460 15152481 3456060
15150087 3506820 15152253 3507900
15175395 3388260 15176421 3388860
15146781 3420420 15149289 3421020
15171747 3498180 15172317 3498780
15151911 3531780 15152937 3532380
15153051 3376260 15154647 3377340
15146781 3406980 15149289 3407580
15169467 3478980 15170037 3479580
15153507 3581700 15154533 3582300
15150087 3407460 15150885 3408060
15167187 3377700 15167757 3378300
15157155 3405060 15158181 3405660
15149859 3430500 15152709 3431100
15155331 3376740 15156357 3377340
15154533 3594660 15158637 3595260
15157383 3347460 15159549 3348540
15153051 3351780 15153279 3352380
15154647 3474180 15155217 3474780
15150087 3545220 15152253 3546300
15155787 3587940 15156813 3588540
15169581 3459780 15195231 3460380
15157611 3395460 15158409 3396060
15154533 3394500 15154989 3395100
15164451 3572100 15165021 3572700
15152709 3392580 15154305 3393660
15150771 3392580 15151797 3393180
15149859 3386820 15150885 3387420
15170835 3400740 15171861 3401340
15148149 3594660 15149061 3595260
15152139 3379140 15153165 3379740
15155103 3357060 15157269 3358140
15156243 3525060 15156585 3525660
15196257 3489060 15198651 3489660
15158751 3596580 15159549 3597180
15158295 3537540 15159093 3538140
15198081 3376260 15198651 3377340
15155559 3575940 15156129 3576540
15168327 3378180 15169125 3378780
15151911 3471300 15152937 3471900
15153165 3511620 15154761 3512700
15164451 3600420 15165477 3601020
15169011 3505380 15169239 3505980
15166959 3500580 15167985 3501180
15198081 3369060 15198651 3370620
15173799 3387780 15174141 3388380
15170379 3388260 15171519 3388860
15198081 3393060 15198651 3394620
15157611 3605700 15158409 3606300
15146781 3561540 15150885 3562140
15164679 3416580 15165249 3417180
15196257 3482340 15198651 3483900
15164223 3522180 15164793 3522780
15155331 3585540 15156927 3586620
15157953 3540420 15159549 3541500
15175851 3475140 15197853 3475740
15149859 3395940 15150657 3396540
15163083 3434340 15164223 3434940
15155901 3366660 15156243 3367260
15195687 3598980 15197625 3600540
15156699 3358980 15157269 3359580
15159663 3596100 15160233 3596700
15169923 3508260 15170493 3508860
15153279 3397860 15154077 3398460
15157725 3562500 15159321 3563580
15170607 3497700 15171633 3498300
15151455 3562500 15152481 3563100
15183945 3478500 15192723 3480060
15157155 3532740 15157725 3533340
15146781 3422340 15149289 3422940
15152367 3461220 15152937 3461820
15169125 3519300 15170721 3520380
15156813 3533700 15157497 3534780
15158979 3368580 15160575 3369660
15152823 3364740 15153849 3365340
15163539 3458340 15164337 3458940
15198423 3437700 15198651 3439260
15157383 3420420 15157953 3421020
15161259 3465060 15162057 3465660
15152139 3463140 15153165 3463740
15161943 3392100 15162969 3392700
15151911 3389700 15153507 3390780
15167985 3358020 15168669 3359100
15162627 3512100 15163425 3512700
15153735 3498660 15154761 3499260
15175623 3382020 15190329 3383580
15160347 3358980 15161943 3360060
15183945 3569700 15192723 3571260
15160803 3366660 15161031 3367260
15171519 3496260 15172317 3496860
15152367 3577860 15153393 3578460
15146781 3431940 15149061 3432540
15167529 3499140 15169125 3500220
15164223 3538020 15165477 3538620
15198081 3442980 15198651 3444540
15153507 3580740 15154533 3581340
15153963 3380100 15154761 3380700
15157839 3514500 15159435 3515580
15168555 3365700 15170151 3366780
15155331 3484740 15156927 3485820
15177219 3499140 15177789 3499740
15156813 3578820 15157497 3579900
15183831 3360420 15184059 3361020
15162627 3578820 15164223 3579900
15154875 3479940 15155445 3480540
15158409 3446820 15158865 3447420
15190899 3532740 15198651 3533340
15155445 3367620 15157041 3368700
15154875 3403140 15156471 3404220
15176079 3499140 15176649 3500220
15198423 3572100 15198651 3573660
15151911 3512580 15152481 3513180
15151683 3393540 15152481 3394140
15152823 3374340 15154419 3375420
15196257 3479460 15198651 3480060
15154875 3397860 15155901 3398460
15162741 3581700 15164337 3582780
15151911 3466500 15152481 3467100
15176079 3391620 15198081 3392220
15173115 3398340 15196941 3398940
15160575 3425700 15161145 3426300
15152139 3488580 15153165 3489180
15154875 3557220 15155901 3557820
15190899 3526020 15198651 3526620
15153165 3396420 15154761 3397500
15198081 3349860 15198651 3351420
15164451 3511140 15165477 3511740
15169467 3391620 15170835 3392220
15153279 3368580 15153849 3369180
15161943 3594180 15162285 3594780
15164223 3494340 15165249 3494940
15148149 3536580 15150429 3537180
15146781 3572100 15148263 3572700
15440445 3443460 15464271 3444060
15183375 3562020 15185427 3562620
15174825 3397380 15198651 3397980
15146781 3540900 15148263 3541500
15173343 3486660 15173913 3487260
15166845 3550980 15168441 3552060
15183375 3514980 15185427 3515580
15171405 3403620 15172089 3404220
15164907 3406980 15166617 3407580
15183945 3416100 15192723 3417660
15196029 3377220 15197967 3377820
15190899 3386820 15198651 3387420
15198423 3450180 15198651 3451740
15172089 3529860 15173685 3530940
15171747 3391620 15172317 3392220
15152595 3505380 15153165 3505980
15158751 3532260 15159549 3532860
15170835 3358500 15178245 3359100
15156471 3604260 15157041 3604860
15161715 3459780 15162057 3460380
15157383 3530820 15159549 3531900
15156471 3597540 15157269 3598140
15155787 3391620 15156129 3392220
15161715 3495300 15162285 3496380
15154647 3390180 15155217 3390780
15151455 3498180 15152253 3498780
15164223 3373380 15164793 3373980
15175395 3390660 15175965 3391740
15155103 3478500 15155673 3479100
15152139 3570660 15153165 3571260
15175965 3527460 15183375 3528060
15459483 3410820 15460281 3411420
15162399 3532740 15162969 3533340
15192609 3373860 15198195 3374460
15159435 3537540 15160005 3538140
15156471 3572580 15157269 3573180
15155103 3481860 15156699 3482940
15164223 3502980 15164565 3503580
15160005 3574020 15161601 3575100
15157839 3490020 15160233 3490620
15154875 3607620 15155445 3608700
15174711 3381060 15175167 3381660
15162741 3426660 15163425 3427260
15168441 3533700 15169125 3534300
15161487 3479460 15163425 3480060
15150999 3478500 15151569 3479100
15158523 3394980 15159093 3395580
15162171 3604260 15162741 3604860
15183831 3583140 15184059 3583740
15155673 3505860 15157269 3506940
15157383 3403140 15157953 3403740
15183945 3561060 15192723 3561660
15162855 3437220 15163425 3437820
15173343 3528420 15173913 3529020
15156471 3416100 15157041 3416700
15171063 3478500 15178473 3479100
15169011 3406500 15170607 3407100
15159435 3542820 15160233 3543420
15160119 3397860 15164793 3398460
15162627 3586980 15163311 3587580
15152823 3502500 15155331 3503100
15165135 3584580 15166617 3586140
15160575 3577860 15161601 3578460
15146781 3523620 15148719 3524220
15150429 3564420 15150885 3565020
15156471 3471780 15157497 3472380
15195687 3435780 15197625 3437340
15190671 3493380 15198081 3494940
15298401 3347940 15334995 3378300
15161943 3531300 15162513 3531900
15153279 3501060 15153849 3501660
15161943 3573060 15162399 3573660
15153165 3359940 15154761 3361020
15198423 3605700 15198651 3607260
15227493 3562980 15242085 3593340
15183945 3488100 15192723 3489660
15164793 3586500 15166617 3587100
15150315 3390180 15151113 3390780
15147693 3421380 15147921 3421980
15164907 3474180 15166617 3474780
15148149 3515940 15150201 3516540
15241971 3440100 15256677 3470460
15165705 3373860 15166389 3374460
15158067 3489060 15158637 3489660
15156699 3535620 15158295 3536700
15154875 3360900 15156129 3361500
15167301 3474180 15168897 3475260
15165135 3408900 15166617 3409500
15154875 3356100 15155445 3356700
15157611 3426180 15159207 3427260
15170379 3349860 15177789 3350460
15169923 3405060 15172203 3405660
15162057 3386340 15162285 3386940
15154875 3602820 15155445 3603420
15157839 3453060 15158409 3454140
15146781 3466980 15147807 3467580
15190899 3449220 15198651 3449820
15154077 3430980 15154305 3431580
15149403 3393060 15149973 3393660
15466095 3443460 15466893 3444060
15147579 3390660 15148149 3391260
15174939 3559140 15176649 3559740
15241971 3609060 15271269 3609660
15152595 3402660 15152937 3403260
15165135 3529380 15165705 3529980
15296691 3609060 15298515 3609660
15149859 3419940 15150201 3420540
15161715 3521220 15162285 3522300
15161259 3382020 15161829 3382620
15163767 3382980 15164337 3384060
15183945 3406500 15192723 3408060
15161829 3462180 15162285 3462780
15161487 3548100 15162057 3548700
15170151 3425220 15170493 3425820
15183831 3384420 15184059 3385020
15154761 3535620 15156357 3536700
15157839 3584580 15158409 3585180
15198423 3509700 15198651 3511260
15161259 3362820 15162285 3363420
15170607 3513540 15171177 3514140
15154191 3524580 15154761 3525180
15164907 3550980 15166617 3551580
15157839 3415620 15165249 3416220
15440445 3436740 15464271 3437340
15166503 3503460 15167871 3504060
15162627 3547620 15163311 3548220
15183489 3427620 15184059 3428220
15160575 3502980 15161373 3503580
15157383 3551460 15157953 3552060
15146781 3491460 15148263 3492060
15455037 3573060 15458799 3573660
15146781 3483300 15150543 3483900
15166503 3535620 15167073 3536220
15176307 3521700 15176877 3522300
15173343 3394500 15173913 3395100
15195459 3359940 15197397 3360540
15152595 3380100 15153165 3380700
15198081 3359460 15198651 3361020
15146781 3507780 15148263 3508380
15167187 3479940 15167757 3480540
15149061 3587460 15149859 3588060
15172431 3372420 15198081 3373020
15162855 3438660 15163197 3439260
15160575 3496260 15161145 3496860
15170607 3526980 15171177 3527580
15155673 3525540 15156129 3526140
15165135 3361860 15166617 3362460
15198081 3591780 15198651 3593340
15198195 3516420 15198651 3517020
15149859 3533220 15150201 3533820
15198081 3401220 15198651 3402300
15198195 3385860 15198651 3386460
15160575 3385860 15161145 3386460
15183945 3587940 15192723 3589500
15190899 3508740 15198651 3509340
15155559 3380100 15156129 3380700
15227493 3593700 15242085 3608700
15160347 3388740 15161943 3389820
15154533 3465540 15156813 3466140
15154191 3364260 15154761 3364860
15161943 3578340 15162513 3578940
15157155 3552900 15157725 3553500
15155901 3418020 15156357 3418620
15147807 3461700 15148377 3462300
15157155 3396420 15157497 3397020
15196485 3468420 15198423 3469020
15146781 3549540 15148833 3550140
15156927 3377220 15157497 3377820
15155787 3461700 15156585 3462300
15155787 3518340 15156357 3518940
15194319 3502020 15198081 3502620
15190899 3503940 15198651 3504540
15169239 3450180 15183945 3450780
15152367 3367620 15152937 3368700
15170379 3518340 15170949 3518940
15183945 3483300 15192723 3484860
15156699 3504900 15157269 3505500
15147579 3552900 15148149 3553500
15151911 3406500 15152481 3407100
15155331 3534660 15155901 3535260
15152481 3409860 15152709 3410460
15152253 3356100 15152709 3356700
15172545 3526020 15173229 3526620
15161943 3576900 15162285 3577500
15171063 3425700 15178473 3426300
15152595 3521220 15154761 3522300
15183603 3380580 15185427 3381180
15167871 3459780 15168441 3460380
15159435 3568260 15161373 3568860
15167643 3354180 15196941 3354780
15183831 3559140 15184059 3559740
15165135 3608580 15166617 3609180
15151341 3405540 15152025 3406140
15183945 3349860 15192723 3350460
15195573 3363780 15197511 3364380
15190899 3504900 15198651 3505500
15183375 3492900 15184059 3493500
15165135 3568260 15166617 3568860
15165135 3364740 15166617 3366300
15163995 3487140 15164565 3487740
15154647 3555780 15155217 3556860
15165135 3598020 15166617 3599580
15198081 3575460 15198651 3577020
15192039 3388740 15197625 3389340
15170379 3540420 15170949 3541020
15163881 3508260 15167643 3508860
15146781 3568740 15147009 3569340
15156357 3410820 15156585 3411420
15336021 3410820 15440559 3411420
15165135 3556740 15166617 3558300
15198423 3600900 15198651 3602460
15159435 3384900 15160005 3385500
15167415 3371940 15167643 3372540
15157611 3432420 15159321 3433020
15157155 3474180 15159093 3474780
15166503 3478980 15168441 3479580
15153621 3352740 15153849 3353340
15160461 3403140 15164565 3403740
15174255 3388740 15174825 3389340
15188391 3574020 15197625 3574620
15167529 3381540 15167985 3382140
15156015 3352260 15156585 3352860
15159435 3598020 15160461 3598620
15162399 3459300 15162627 3459900
15146781 3487620 15148263 3488220
15167757 3374820 15168213 3375420
15167871 3463140 15182577 3463740
15171063 3550980 15196713 3551580
15150543 3603780 15151227 3604380
15198423 3583620 15198651 3585180
15188391 3509700 15195801 3510300
15155559 3453060 15156129 3454140
15170835 3526020 15171177 3526620
15159777 3602820 15161373 3603900
15165135 3406020 15166617 3406620
15157155 3399300 15157725 3399900
15466095 3436740 15466893 3437340
15467463 3443460 15468261 3444060
15168783 3490980 15169809 3491580
15148149 3580740 15150201 3581340
15198423 3505860 15198651 3506460
15198081 3569220 15198651 3569820
15169695 3445860 15177105 3446460
15148491 3438660 15149061 3439260
15159321 3528900 15159777 3529500
15175965 3540420 15197967 3541020
15227493 3409380 15242085 3439740
15166503 3581700 15166959 3582300
15154305 3461700 15154989 3462300
15173457 3403140 15197283 3403740
15159435 3426180 15160461 3426780
15158751 3405540 15159093 3406140
15183831 3425700 15184059 3426300
15161943 3565380 15162513 3565980
15327585 3609060 15334995 3609660
15183717 3414180 15185427 3414780
15147693 3587940 15148377 3588540
15173799 3428100 15174027 3428700
15170949 3376740 15178359 3377340
15198081 3577380 15198651 3578940
15163767 3599940 15164337 3600540
15196257 3484260 15198651 3484860
15154419 3393540 15156813 3394140
15146781 3454500 15150543 3455100
15156927 3495300 15157269 3495900
15146781 3555780 15150885 3556380
15161373 3538500 15161601 3539100
15165135 3388740 15166617 3389340
15159435 3533700 15159663 3534300
15166503 3374340 15166959 3374940
15198081 3361380 15198651 3362940
15183603 3560100 15184059 3560700
15152481 3432900 15154077 3433980
15164907 3595140 15166617 3595740
15183603 3603300 15184059 3603900
15163995 3353220 15164679 3353820
15166503 3545220 15166845 3545820
15167415 3379140 15167643 3379740
15156927 3360900 15157497 3361500
15241971 3378660 15256677 3409020
15198309 3580740 15198651 3581340
15183945 3544740 15192723 3546300
15153621 3477540 15154647 3478140
15150315 3402660 15150657 3403260
15176307 3393540 15191013 3394140
15176079 3519780 15183489 3520380
15171063 3506340 15171633 3506940
15198309 3550020 15198651 3550620
15157041 3489060 15157497 3489660
15165135 3455940 15166617 3456540
15148149 3470340 15149175 3470940
15174255 3540900 15174597 3541500
15198309 3355140 15198651 3355740
15159207 3492900 15159777 3493500
15149859 3484260 15150201 3484860
15197967 3409860 15198651 3410460
15164907 3555780 15166617 3556380
15198309 3557700 15198651 3558300
15195573 3358020 15197511 3358620
15156015 3494340 15157041 3494940
15171405 3387300 15172089 3387900
15166503 3354180 15167073 3354780
15164907 3369540 15166617 3370140
15163083 3502020 15163425 3502620
15148149 3496260 15150201 3496860
15195003 3458820 15196941 3459420
15158523 3442980 15165933 3443580
15160119 3482820 15160461 3483420
15198195 3384900 15198651 3385500
15165135 3593220 15166617 3593820
15153963 3541860 15154989 3542460
15152595 3349380 15152937 3349980
15156471 3512580 15157497 3513180
15193863 3542340 15197625 3542940
15175053 3598500 15182463 3599100
15161943 3536100 15162285 3536700
15149631 3438660 15150201 3439260
15463815 3410820 15466209 3411420
15166503 3390660 15167187 3391260
15156699 3575940 15157269 3576540
15164907 3447300 15166617 3447900
15153051 3412260 15153621 3412860
15198423 3432900 15198651 3434460
15167187 3486660 15169125 3487260
15146781 3566340 15150543 3566940
15163995 3533700 15164337 3534300
15195345 3604740 15197283 3605340
15195573 3427140 15197511 3427740
15154419 3516420 15154989 3517020
15150087 3556740 15151113 3557340
15455037 3410820 15458799 3411420
15155331 3480900 15155673 3481500
15183717 3443940 15184059 3444540
15194775 3399300 15198537 3399900
15151683 3464580 15153621 3465180
15168669 3517380 15169239 3518460
15164907 3454020 15166617 3454620
15182235 3384420 15183261 3385020
15148149 3588900 15149175 3589500
15149859 3384900 15150201 3385500
15175965 3609060 15183375 3609660
15148149 3492420 15150201 3493020
15197967 3522180 15198651 3522780
15148149 3490500 15150201 3491100
15198195 3383940 15198651 3384540
15162855 3486180 15163425 3486780
15150429 3387780 15150657 3388380
15183717 3468900 15184059 3469500
15238437 3609060 15240375 3609660
15164907 3577860 15165249 3578460
15188391 3583620 15195801 3584220
15164907 3389700 15166617 3390300
15166503 3449220 15168441 3449820
15183375 3448740 15184059 3449340
15161829 3477060 15162171 3477660
15163995 3580740 15164679 3581340
15195459 3589380 15197397 3589980
15156699 3584580 15157269 3585180
15155787 3412740 15156357 3413340
15198195 3404100 15198651 3404700
15165135 3596100 15166617 3596700
15160803 3468420 15161829 3469020
15164907 3383940 15166617 3384540
15194091 3490500 15197853 3491100
15164793 3551940 15166617 3552540
15164907 3533700 15166617 3534300
15168555 3575940 15197853 3576540
15148149 3514020 15150201 3514620
15175623 3520740 15183033 3521340
15175053 3387780 15175281 3388380
15146781 3514980 15148719 3515580
15169695 3587940 15177105 3588540
15164907 3580740 15166617 3581340
15149859 3529380 15150201 3529980
15198195 3405060 15198651 3405660
15157839 3462660 15158067 3463260
15152139 3474180 15152709 3474780
15154191 3548580 15154761 3549180
15227493 3347940 15242085 3378300
15183831 3446820 15184059 3447420
15169695 3565860 15177105 3566460
15149859 3599460 15151797 3600060
15467463 3436740 15468261 3437340
15459255 3573060 15460053 3573660
15149061 3494340 15149289 3494940
15161373 3446820 15161715 3447420
15188391 3606660 15195801 3607260
15464499 3573060 15466209 3573660
15152595 3455940 15152937 3456540
15166503 3552900 15167073 3553980
15165021 3578820 15165249 3579420
15186795 3582660 15197853 3583260
15148149 3526500 15150201 3527100
15159435 3436260 15160005 3436860
15170151 3505380 15170721 3505980
15198423 3428100 15198651 3429660
15188847 3486660 15196257 3487260
15159207 3498660 15159549 3499260
15164679 3386820 15165249 3387420
15165135 3393540 15166617 3394140
15189759 3365700 15197169 3366300
15166503 3392580 15167073 3393180
15198081 3474660 15198651 3476220
15198423 3596100 15198651 3597660
15161715 3514020 15162285 3514620
15165135 3445380 15166617 3446940
15163767 3470340 15164793 3470940
15168783 3567780 15169125 3568380
15183945 3477540 15185427 3478140
