G1:
15227493 3409380 15336135 3440220
15227493 3562980 15336135 3593820
15192609 3355620 15198651 3358140
15192609 3588900 15198651 3590460
15160347 3590820 15162741 3591420
15227493 3501540 15336135 3532380
15150087 3360900 15152253 3363900
15192609 3595620 15198651 3598140
15171519 3418980 15182577 3419580
15171291 3527940 15196941 3528540
15192609 3586020 15198651 3588540
15192609 3600420 15198651 3602940
15192609 3542820 15198651 3545340
15171291 3367620 15196941 3368220
15170379 3368580 15196029 3369180
15152595 3596580 15154305 3597180
15192609 3444900 15198651 3446460
15192609 3605220 15198651 3607740
15183945 3462180 15192723 3464700
15227493 3347940 15336135 3378780
15192609 3499620 15198651 3502140
15170493 3377220 15196143 3377820
15192609 3470820 15198651 3473340
15170151 3434820 15195801 3435420
15146781 3592740 15148263 3595740
15192609 3490020 15198651 3492540
15192609 3566820 15198651 3569340
15192609 3509220 15198651 3511740
15192609 3547620 15198651 3550140
15166959 3392580 15169125 3395580
15192609 3466020 15198651 3468540
15174255 3510660 15176421 3513660
15192609 3403620 15198651 3406140
15166503 3538500 15169353 3540060
15192609 3451620 15198651 3454140
15167985 3544740 15182691 3545340
15161373 3428100 15163197 3428700
15157383 3568260 15159549 3571260
15173457 3528900 15175281 3529500
15192609 3459300 15198651 3460860
15192609 3418020 15198651 3420540
15162171 3360900 15164337 3363900
15192609 3454500 15198651 3456060
15192609 3358500 15198651 3360060
15169923 3474180 15170607 3474780
15153507 3412260 15154191 3412860
15183945 3553380 15192723 3555900
15192609 3384420 15198651 3386940
15146781 3495780 15148263 3498780
15192609 3550500 15198651 3552060
15148149 3374820 15149973 3375420
15146781 3528420 15148263 3531420
15192609 3560100 15198651 3561660
15183945 3537060 15192723 3538620
15192609 3516900 15198651 3518460
15146781 3586980 15148263 3589980
15183945 3524580 15192723 3527100
15192609 3521700 15198651 3523260
15192609 3512100 15198651 3513660
15162171 3497220 15164337 3500220
15192609 3363300 15198651 3364860
15192609 3473700 15198651 3475260
15169923 3468900 15171063 3469500
15150087 3513540 15152253 3516540
15192609 3492900 15198651 3494460
15192609 3420900 15198651 3422460
15192609 3387300 15198651 3388860
15146781 3515940 15148263 3518940
15192609 3348900 15198651 3350460
15146781 3467940 15148263 3470940
15183945 3495780 15192723 3498300
15153963 3552900 15156813 3554460
15183945 3582180 15192723 3584700
15146781 3488100 15148263 3491100
15156813 3496740 15158637 3497340
15146781 3471780 15148263 3474780
15195687 3592260 15198537 3593820
15183945 3428580 15192723 3431100
15170151 3467940 15171291 3468540
15150429 3487140 15152253 3487740
15148149 3357540 15149973 3358140
15164223 3468900 15166389 3469500
15169239 3408900 15171405 3411900
15150543 3387780 15152253 3388380
15183945 3572580 15192723 3575100
15195687 3576900 15198537 3578460
15195687 3437700 15198537 3439260
15183945 3505380 15192723 3507900
15195687 3428100 15198537 3429660
15195687 3552900 15198537 3554460
15195687 3583620 15198537 3585180
15183945 3538980 15192723 3541500
15148149 3514500 15149973 3515100
15148149 3526980 15149973 3527580
15150087 3481860 15152253 3484860
15183945 3447780 15192723 3450300
15151683 3543300 15153621 3543900
15166503 3357060 15169125 3357660
15159207 3541860 15161373 3542460
15146781 3358500 15150201 3359100
15195687 3432900 15198537 3434460
15148149 3479940 15149973 3480540
15164223 3367140 15169809 3367740
15183945 3409380 15192723 3411900
15166503 3500100 15169809 3500700
15148149 3502020 15149973 3502620
15183945 3592740 15192723 3595260
15158523 3416580 15163197 3417180
15148149 3579780 15149973 3580380
15148149 3521700 15149973 3522300
15183945 3534180 15192723 3536700
15146781 3365220 15148263 3368220
15146781 3532260 15148263 3535260
15171519 3407940 15197169 3408540
15183945 3438180 15192723 3440700
15146781 3390180 15148605 3390780
15156357 3516420 15158181 3517020
15183945 3399780 15192723 3402300
15148149 3352740 15149973 3353340
15146781 3552420 15148605 3553020
15146781 3370980 15148263 3373980
15162171 3513540 15164337 3516540
15153963 3441540 15155901 3442620
15146781 3577380 15148263 3579420
15192609 3350820 15198195 3352380
15334881 3608580 15468375 3609660
15150087 3576900 15152253 3579900
15183945 3426660 15192723 3428220
15162171 3592260 15164337 3595260
15192609 3603300 15198651 3604860
15183945 3412260 15192723 3413820
15183945 3394980 15192723 3397500
15171519 3571140 15197169 3571740
15183945 3578340 15192723 3580860
15192609 3558180 15198651 3559740
15171291 3478980 15196941 3479580
15146781 3573540 15148263 3575580
15192609 3502500 15198651 3504060
15165135 3563460 15167073 3564060
15191583 3514500 15198651 3515100
15183945 3575460 15192723 3577020
15192609 3391140 15198651 3392700
15183945 3431460 15192723 3433020
15183945 3373860 15192723 3375420
15150087 3580740 15152253 3583740
15192609 3381540 15196371 3383100
15146781 3504420 15148263 3506460
15146781 3492900 15148263 3494940
15146781 3569700 15148263 3571740
15146781 3537060 15148263 3539100
15146781 3464100 15148263 3466140
15191583 3519300 15198651 3519900
15192609 3545700 15198651 3547260
15146781 3476580 15148263 3478620
15176991 3522660 15184059 3523260
15176991 3587940 15184059 3588540
15176991 3503460 15184059 3504060
15192609 3442020 15198195 3443580
15151227 3539940 15155445 3540540
15176991 3567780 15184059 3568380
15192609 3360420 15198195 3361980
15334881 3441540 15468375 3443580
15146781 3553380 15150543 3554940
15176991 3565860 15184059 3566460
15192609 3475620 15198195 3477180
15192609 3457380 15198651 3458940
15183945 3393060 15192723 3394620
15162171 3396420 15164337 3399420
15146781 3509220 15148263 3511260
15192609 3608100 15198651 3609660
15176991 3445860 15184059 3446460
15146781 3375780 15148263 3377820
15192609 3598500 15198651 3600060
15152595 3458820 15154305 3459420
15176991 3494820 15184059 3495420
15183603 3562980 15192723 3563580
15192609 3485220 15198651 3486780
15176991 3511140 15184059 3511740
15192609 3531300 15198651 3532860
15152823 3531780 15154533 3532380
15192609 3563940 15198651 3565500
15165135 3386820 15167073 3387420
15146781 3347940 15148263 3349980
15166959 3459780 15167985 3460380
15178359 3360420 15183945 3361980
15146781 3482340 15148263 3483420
15161031 3382980 15161829 3383580
15183603 3423780 15192723 3424380
15192609 3365220 15198195 3366780
15156015 3443940 15156471 3444540
15164451 3578820 15165135 3579900
15183603 3591780 15192723 3592380
15192609 3468900 15198651 3470460
15166845 3492420 15167529 3493500
15168327 3490980 15168897 3491580
15192609 3483300 15196371 3484860
15150771 3564420 15152481 3565020
15146781 3583140 15148263 3584220
15168099 3447780 15172773 3448380
15159663 3483780 15161829 3486780
15165135 3504900 15167073 3505500
15183603 3557220 15192723 3557820
15165135 3527940 15167073 3528540
15183603 3590820 15192723 3591420
15192609 3389220 15198195 3390780
15165591 3466980 15166731 3467580
15162171 3355140 15164337 3358140
15192609 3541860 15198651 3542460
15149859 3490020 15152481 3490620
15146781 3485220 15148263 3486300
15157383 3364260 15157953 3364860
15171519 3392580 15172317 3393180
15162399 3531300 15164565 3531900
15166503 3369540 15167415 3370140
15146781 3522660 15148263 3523740
15156699 3376740 15157383 3377340
15168783 3557700 15170037 3558300
15153963 3481860 15155217 3482940
15152139 3589860 15154077 3590460
15157155 3513540 15157953 3514140
15165135 3508740 15167073 3509340
15157155 3508260 15159093 3508860
15160119 3525540 15162285 3526140
15157155 3428580 15157953 3429180
15154419 3582660 15157041 3583260
15150087 3532740 15152253 3535740
15150087 3467460 15152253 3470460
15192609 3480420 15198651 3481980
15159207 3551940 15160461 3552540
15160347 3373380 15161031 3374460
15158067 3371460 15162741 3372060
15171291 3522180 15173457 3522780
15183603 3504420 15192723 3505020
15174255 3530820 15176421 3533820
15160575 3368100 15161487 3368700
15147807 3432900 15149973 3435900
15167871 3397380 15168669 3397980
15152139 3496740 15152937 3497340
15164451 3570660 15165135 3571260
15163311 3570180 15163995 3570780
15183603 3370980 15192723 3371580
15166047 3487140 15168213 3487740
15183603 3530340 15192723 3530940
15170151 3511620 15171063 3512220
15155103 3589380 15157269 3592380
15153051 3570660 15155673 3571260
15157155 3505860 15158181 3506940
15166503 3488100 15168669 3488700
15165135 3584100 15167301 3584700
15163881 3463620 15165021 3464220
15170835 3540420 15171633 3541020
15147807 3382980 15149973 3385980
15146781 3597540 15148263 3599580
15151227 3593220 15152253 3594300
15160461 3358020 15161601 3358620
15167643 3512100 15168441 3512700
15149631 3428580 15150429 3429180
15150771 3602820 15152481 3603420
15176991 3454500 15184059 3455100
15192609 3488100 15196371 3489660
15157041 3580740 15158181 3581340
15159435 3354180 15160461 3355260
15168327 3462660 15168897 3463260
15176991 3531300 15184059 3531900
15192609 3416100 15198651 3417660
15152595 3525060 15154305 3525660
15155331 3606660 15156357 3607740
15165135 3502020 15167073 3502620
15161259 3378660 15163197 3379260
15165135 3387780 15167073 3388380
15155331 3466980 15160005 3467580
15153963 3432900 15155217 3433980
15164907 3534180 15167073 3534780
15159435 3347940 15160917 3348540
15173799 3535140 15175737 3535740
15166503 3376260 15167415 3376860
15155787 3366180 15160461 3366780
15146781 3359460 15148263 3361500
15169011 3485700 15170265 3486780
15165135 3403140 15167073 3403740
15157383 3360900 15159549 3363900
15151227 3471300 15152025 3471900
15161715 3536580 15164565 3537180
15167415 3466500 15168555 3467100
15192609 3371940 15198195 3373500
15152367 3553860 15153393 3554940
15334881 3443940 15468375 3444540
15160347 3566340 15161145 3566940
15171633 3582660 15172317 3583260
15159435 3520260 15160233 3520860
15183603 3379620 15192723 3380220
15148491 3439140 15150201 3439740
15165135 3467940 15165819 3468540
15153735 3565860 15155901 3566460
15150999 3456900 15151797 3457500
15167415 3386340 15170037 3386940
15167643 3555780 15169809 3556380
15169581 3461220 15176991 3461820
15146781 3512100 15148263 3513180
15154419 3410820 15155217 3411420
15163311 3479460 15165477 3480060
15154419 3426180 15155445 3427260
15165135 3477060 15167073 3477660
15165135 3541380 15167073 3541980
15150087 3410820 15152253 3413820
15160119 3490020 15160917 3490620
15167643 3351300 15172317 3351900
15165135 3384900 15167073 3385500
15169923 3478980 15170721 3479580
15171747 3480900 15173913 3483900
15156813 3484740 15157953 3485340
15159891 3595620 15161829 3596220
15173457 3393540 15174597 3394140
15166503 3537540 15171177 3538140
15147807 3421380 15149973 3424380
15150087 3441540 15151113 3442620
15165135 3497220 15167073 3497820
15157383 3601860 15159093 3602460
15174027 3492420 15176193 3495420
15170037 3550980 15171177 3551580
15160347 3377220 15161031 3378300
15155787 3473220 15157725 3473820
15169011 3507780 15171177 3508380
15146781 3350820 15148263 3351900
15164451 3475620 15165135 3476220
15192609 3402660 15198651 3403260
15149859 3543300 15150201 3544380
15159435 3558180 15161601 3558780
15156813 3571620 15157953 3572220
15154419 3378660 15155673 3379260
15162627 3567780 15163197 3568380
15159663 3352740 15161601 3353340
15192609 3565860 15198651 3566460
15165135 3558180 15167301 3558780
15172431 3511620 15173457 3512700
15162627 3454020 15163425 3454620
15155331 3501540 15157497 3502140
15161031 3580740 15163197 3581340
15170493 3562500 15171633 3563100
15192609 3354660 15198651 3355260
15157155 3575940 15159321 3576540
15172659 3538500 15174597 3539100
15163767 3410820 15164337 3411420
15165135 3456900 15167073 3457500
15153051 3584100 15155217 3584700
15176763 3388740 15177561 3389820
15152139 3530820 15154077 3531420
15175965 3537060 15177105 3537660
15150771 3517380 15152481 3517980
15165135 3451140 15167073 3451740
15157383 3576900 15159549 3579900
15162399 3383460 15163197 3384060
15156243 3468900 15158181 3469500
15171291 3490020 15173457 3490620
15171063 3380100 15171861 3381180
15158979 3424260 15159549 3424860
15150087 3377220 15152253 3380220
15169011 3499140 15171177 3499740
15171975 3365220 15183033 3365820
15172545 3503940 15173685 3504540
15150087 3351300 15152253 3354300
15146781 3369060 15148263 3370140
15167187 3522660 15168441 3523260
15159435 3523140 15162057 3523740
15146781 3525540 15148263 3526620
15165363 3458340 15166161 3458940
15149631 3390180 15150429 3390780
15149859 3456420 15150657 3457020
15155331 3557700 15157269 3558300
15162171 3372420 15164337 3375420
15165135 3380100 15167073 3380700
15160119 3548580 15162285 3549180
15166959 3489540 15167757 3490140
15150087 3595140 15152253 3598140
15146781 3354660 15148263 3355740
15157611 3563460 15160005 3564060
15150087 3473220 15151569 3473820
15165135 3559140 15169809 3559740
15192609 3465060 15198651 3465660
15164223 3589380 15165021 3589980
15160119 3467940 15162285 3468540
15162399 3549060 15163083 3549660
15166503 3348420 15167415 3349020
15158979 3449700 15161145 3450300
15163083 3599940 15163881 3600540
15162399 3407460 15163425 3408060
15154647 3389220 15155901 3389820
15148719 3548100 15149973 3549180
15170037 3361380 15171177 3361980
15166503 3446340 15168669 3446940
15162399 3545220 15163197 3545820
15161943 3410820 15162855 3411420
15192609 3450660 15198651 3451260
15153051 3491460 15154761 3492060
15165135 3485700 15167073 3486300
15173115 3387300 15173913 3387900
15163767 3472260 15164451 3473340
15153735 3406980 15158409 3407580
15158751 3440580 15160005 3441660
15161943 3544260 15165249 3544860
15170607 3517380 15171861 3518460
15150087 3568260 15152253 3571260
15161031 3476580 15161943 3477180
15152367 3435300 15153621 3435900
15162171 3493380 15164337 3496380
15166503 3548100 15167757 3548700
15162171 3524580 15164337 3525180
15163197 3547620 15164337 3548220
15168327 3535620 15169239 3536700
15162855 3502500 15164793 3503100
15152139 3462660 15154761 3463260
15152823 3495780 15154761 3496380
15161031 3385860 15162285 3386460
15152139 3370500 15153393 3371100
15165135 3528900 15167073 3529500
15150087 3415620 15152253 3418620
15160347 3576420 15161145 3577020
15150543 3548100 15152709 3548700
15166503 3496260 15168669 3496860
15156243 3470340 15157041 3470940
15165135 3413700 15167073 3414300
15161715 3444420 15165249 3445020
15157383 3382980 15159549 3385980
15166047 3594660 15166731 3595260
15158523 3349860 15160689 3350460
15148263 3429060 15149061 3429660
15160803 3496740 15161601 3497340
15165135 3358020 15167073 3358620
15167187 3349860 15167985 3350460
15155103 3369540 15157269 3372540
15171747 3475140 15173913 3478140
15155787 3430020 15160461 3430620
15166503 3430020 15171177 3430620
15166503 3370500 15168669 3371100
15154647 3545700 15156357 3546300
15163083 3575460 15163767 3576060
15170151 3515940 15170835 3516540
15152595 3424740 15153393 3425340
15156015 3391620 15156585 3392220
15152595 3384900 15154761 3387900
15150087 3524100 15152253 3527100
15165135 3360900 15167073 3361500
15161943 3487140 15164109 3487740
15167415 3396420 15167985 3397020
15159207 3431460 15161373 3432060
15156471 3594180 15158409 3594780
15160119 3586980 15162741 3587580
15157155 3503940 15159321 3504540
15168783 3405540 15170949 3406140
15171747 3430020 15172545 3431100
15158523 3547140 15159777 3548220
15150315 3365700 15152481 3368700
15159435 3458340 15160233 3458940
15155787 3377220 15156357 3377820
15161487 3448260 15163653 3448860
15162171 3388740 15163881 3389340
15168327 3402660 15170265 3403260
15161259 3387780 15162057 3388380
15166503 3510660 15169125 3511260
15156927 3380100 15158181 3380700
15147807 3386820 15149973 3389820
15166503 3443460 15171177 3444060
15180753 3352740 15184059 3353340
15162627 3568740 15163653 3569340
15167643 3554340 15168555 3554940
15150087 3560100 15151341 3560700
15152367 3480420 15154305 3481020
15153051 3428100 15155217 3428700
15167985 3398820 15170151 3399420
15155331 3504900 15156813 3505500
15148947 3600900 15149973 3601980
15156813 3490500 15157953 3491100
15153963 3574980 15156129 3575580
15162513 3556740 15162855 3557820
15152367 3533700 15153165 3534300
15160119 3519300 15161829 3519900
15150087 3562500 15151113 3563580
15176535 3440580 15177561 3441660
15151455 3408900 15152709 3409500
15171519 3389220 15173685 3389820
15161943 3446820 15164565 3447420
15159435 3478020 15160233 3478620
15154875 3596100 15155901 3597180
15150543 3523140 15152025 3523740
15153051 3502020 15154761 3502620
15147807 3563460 15149973 3566460
15164223 3529860 15165249 3530940
15167871 3521220 15168555 3521820
15152139 3529380 15153393 3529980
15171519 3515460 15172317 3516060
15161031 3527940 15163197 3528540
15150087 3451140 15151113 3452220
15156699 3581700 15157497 3582300
15153507 3526020 15154305 3526620
15167415 3531780 15170037 3532380
15153507 3605700 15154761 3606300
15152139 3441540 15153393 3442620
15149859 3604740 15151797 3605340
15158979 3603780 15161601 3604380
15168555 3513060 15171177 3513660
15151911 3497700 15154077 3498300
15162171 3519300 15164337 3522300
15154875 3575940 15155673 3576540
15156699 3442500 15157953 3443580
15172887 3525060 15174825 3525660
15161943 3563460 15162969 3564540
15160119 3503460 15161031 3504060
15163539 3526980 15164337 3527580
15161601 3488100 15162741 3488700
15156471 3373380 15157269 3373980
15157041 3398820 15158181 3399420
15171519 3488580 15172317 3489180
15161943 3457380 15162741 3457980
15149175 3509220 15149973 3509820
15153507 3418500 15154533 3419100
15164223 3435300 15168897 3435900
15166503 3482820 15171177 3483420
15157155 3460740 15157953 3461340
15155331 3402180 15159549 3402780
15166503 3372420 15171177 3373020
15164223 3406020 15165249 3407100
15153735 3483300 15155901 3483900
15165363 3490980 15167529 3491580
15161259 3566820 15162057 3567420
15159207 3400740 15161829 3401340
15150543 3444420 15151569 3445500
15157155 3547140 15157953 3548220
15169011 3476100 15171177 3476700
15164109 3585540 15165249 3586140
15156699 3521220 15157953 3521820
15152139 3538500 15154077 3539100
15149859 3561060 15151797 3561660
15166503 3468420 15167757 3469020
15152367 3457380 15154533 3457980
15171519 3484260 15182577 3484860
15151455 3551940 15152709 3553020
15152367 3406500 15153165 3407100
15155103 3373380 15155901 3373980
15166503 3383940 15169125 3384540
15150429 3544260 15151569 3544860
15157383 3461700 15158409 3462300
15152595 3356100 15153621 3356700
15163881 3507780 15165021 3508380
15172203 3420900 15174369 3421500
15154875 3500580 15155673 3501180
15175965 3538500 15177105 3539100
15157611 3381540 15158637 3382140
15173799 3394500 15174597 3395100
15160119 3437700 15162285 3438300
15162171 3390180 15164109 3390780
15159207 3562500 15161145 3563100
15152367 3514500 15153165 3515100
15173799 3508740 15176421 3509340
15160575 3480420 15162741 3481020
15167415 3587460 15168213 3588540
15161487 3445380 15162285 3446460
15171519 3394500 15172317 3395100
15166503 3365700 15168669 3366300
15153735 3516420 15154533 3517020
15161943 3459780 15162741 3460380
15156927 3561060 15157725 3561660
15156699 3534660 15158865 3535260
15163539 3492420 15164337 3493020
15170151 3453060 15171063 3453660
15163311 3460740 15164337 3461340
15164223 3389220 15166845 3389820
15165135 3566820 15167301 3567420
15154875 3549540 15157497 3550140
15170151 3370500 15171177 3371100
15153507 3494340 15154305 3494940
15152367 3603780 15153393 3604860
15161487 3440580 15162285 3441660
15176535 3499140 15177333 3500220
15160347 3600900 15161145 3601500
15168783 3459780 15169695 3460380
15167187 3448260 15167985 3449340
15168327 3497220 15169125 3497820
15158523 3378660 15160689 3379260
15177219 3362820 15178245 3363900
15155103 3471300 15159321 3471900
15161031 3347460 15161829 3348540
15150543 3500580 15152025 3501180
15156015 3575940 15156813 3576540
15154419 3399780 15157953 3400380
15149403 3536100 15153621 3536700
15169011 3567300 15169809 3568380
15161715 3455940 15165249 3456540
15150087 3453060 15151341 3454140
15163083 3464580 15165249 3465180
15162057 3505860 15162855 3506940
15162399 3552900 15164565 3553500
15156927 3407940 15159093 3408540
15169011 3384900 15170265 3385980
15171747 3372420 15172545 3373500
15156471 3525060 15157269 3525660
15148149 3500100 15149061 3501180
15161943 3394020 15164565 3394620
15163311 3512580 15165249 3513180
15153279 3440580 15155445 3441180
15159435 3493380 15160233 3493980
15158067 3566820 15158865 3567420
15169467 3400260 15171861 3400860
15171747 3404100 15172545 3405180
15169011 3362820 15170265 3363900
15166503 3363780 15168669 3364380
15161487 3406020 15162855 3406620
15168327 3388740 15169125 3389340
15152823 3581700 15153621 3582300
15156243 3388740 15157269 3389340
15160575 3446820 15161487 3447420
15153735 3487140 15157269 3487740
15171291 3382020 15175053 3382620
15153963 3579780 15154761 3580380
15169239 3427140 15170151 3427740
15158067 3589380 15158865 3589980
15161943 3596100 15162741 3597180
15151911 3414660 15154989 3415260
15153735 3419460 15154533 3420540
15158295 3359460 15160461 3360060
15157383 3582660 15158181 3583740
15150087 3607620 15150429 3608700
15152823 3582660 15153621 3583260
15161829 3358980 15162855 3360060
15161601 3572100 15162741 3573180
15161601 3604740 15165021 3605340
15150999 3455940 15151797 3456540
15156243 3600420 15157497 3601020
15166503 3458820 15167415 3459420
15171519 3357540 15182577 3358140
15166503 3580740 15167415 3581340
15152367 3520260 15153165 3520860
15170835 3387780 15171633 3388380
15153279 3402180 15154761 3402780
15166731 3545220 15167529 3546300
15163311 3483780 15164109 3484380
15149859 3466020 15150657 3466620
15170151 3573540 15171063 3574140
15148035 3431460 15150429 3432060
15160119 3569220 15161373 3570300
15159435 3540420 15160461 3541500
15154875 3453060 15155673 3454140
15171291 3542820 15172773 3543420
15174939 3489540 15175851 3490140
15170835 3474180 15171633 3474780
15164451 3486660 15165249 3487740
15157155 3584580 15157953 3585180
15152595 3373860 15153621 3374460
15172431 3514500 15173457 3515580
15169923 3464580 15170721 3465660
15150087 3498180 15150885 3499260
15172659 3369540 15173457 3370620
15175623 3386820 15176421 3387420
15154419 3364740 15155217 3365820
15161829 3540420 15162855 3541500
15158295 3558660 15159093 3559740
15157155 3566340 15157953 3567420
15164223 3599940 15165021 3600540
15161487 3460740 15162741 3461340
15171975 3423300 15172773 3424380
15153507 3591300 15154305 3591900
15163539 3534180 15164337 3534780
15155787 3588420 15156585 3589020
15170607 3477060 15171405 3477660
15170607 3385860 15174141 3386460
15150087 3501060 15150429 3502140
15160575 3418020 15163653 3418620
15150315 3557700 15154989 3558300
15169011 3503940 15169809 3505020
15160803 3482820 15161601 3483420
15151455 3478500 15152253 3479100
15153507 3475140 15154305 3475740
15151683 3426180 15152481 3426780
15153051 3383940 15154533 3384540
15157155 3351300 15157953 3352380
15154647 3511620 15155673 3512700
15164223 3480900 15165021 3481500
15156471 3425700 15160689 3426300
15163311 3587460 15164109 3588540
15153051 3587460 15153849 3588060
15150087 3383940 15152481 3384540
15157155 3453060 15157953 3454140
15149403 3472260 15150657 3472860
15154419 3403140 15154989 3403740
15164451 3454500 15165477 3455100
15169467 3440580 15170265 3441660
15151683 3572100 15152481 3572700
15153963 3544260 15157497 3544860
15147807 3606660 15148605 3607740
15161715 3382020 15165249 3382620
15168555 3451140 15169353 3452220
15154647 3361860 15155445 3362940
15156585 3481860 15157497 3482940
15161259 3576900 15162057 3577500
15155103 3562500 15155445 3563580
15164223 3568260 15164565 3569340
15170721 3376260 15185427 3376860
15168783 3349380 15169809 3350460
15160347 3583620 15161373 3584220
15161943 3368580 15162285 3369660
15161715 3490500 15165249 3491100
15150543 3461220 15152481 3461820
15155559 3359940 15157497 3360540
15156243 3595140 15157041 3595740
15168555 3512100 15169581 3512700
15155103 3587460 15155901 3588060
15151455 3472260 15152253 3472860
15156927 3598020 15157725 3599100
15173115 3519300 15174141 3520380
15161259 3425220 15162057 3426300
15154419 3547140 15155217 3548220
15157383 3454980 15158181 3456060
15172431 3464580 15173229 3465660
15156699 3510660 15157725 3511740
15153735 3484260 15155673 3484860
15159435 3575940 15160233 3576540
15157155 3602820 15157953 3603420
15159321 3555780 15160347 3556860
15173343 3396420 15174141 3397500
15154647 3521220 15155445 3521820
15153507 3490020 15154305 3490620
15166959 3354180 15167757 3355260
15154647 3567300 15154989 3568380
15156699 3457860 15157497 3458940
15163539 3596100 15164337 3596700
15161259 3507780 15162513 3508380
15154647 3503940 15155445 3504540
15156243 3603780 15158181 3604380
15154191 3392580 15155217 3393660
15146781 3451140 15148719 3452220
15156699 3435300 15158181 3435900
15161943 3403620 15164565 3404220
15151911 3382500 15153165 3383100
15172887 3591300 15173685 3592380
15167415 3578820 15168213 3579900
15152139 3419460 15153165 3420540
15151227 3407460 15153165 3408060
15152367 3465060 15155217 3465660
15148263 3445380 15148605 3446460
15175167 3475140 15175965 3476220
15171975 3536580 15173913 3537180
15154647 3348420 15154989 3349500
15152367 3481380 15153165 3481980
15149631 3500100 15149973 3501180
15152823 3565380 15153621 3565980
15151911 3598500 15154305 3599100
15154647 3490500 15155445 3491100
15157839 3473700 15159777 3474300
15161259 3370020 15162741 3370620
15169011 3528900 15170037 3529980
15150087 3512580 15152025 3513180
15170379 3503940 15171177 3505020
15162171 3485700 15162969 3486780
15156243 3412740 15157041 3413820
15169239 3438660 15169581 3439740
15149859 3551940 15150885 3553020
15158751 3475140 15162969 3475740
15161715 3408900 15165249 3409500
15163311 3371460 15165249 3372060
15152139 3489060 15155673 3489660
15156699 3433860 15157497 3434940
15148491 3453060 15149517 3454140
15146781 3395460 15149973 3396540
15168327 3550980 15168669 3552060
15161715 3605700 15165249 3606300
15152595 3369540 15154533 3370140
15153279 3510180 15155217 3510780
15169011 3587460 15169809 3588540
15150771 3527460 15151797 3528060
15159321 3604740 15160233 3605820
15153051 3353700 15153849 3354300
15166731 3397380 15167529 3398460
15168327 3421380 15169353 3422460
15154419 3357060 15155217 3358140
15162627 3542820 15164565 3543420
15159207 3592260 15160005 3593340
15158979 3554820 15162513 3555420
15168327 3449220 15169125 3450300
15158751 3397380 15159549 3398460
15159435 3487620 15160233 3488700
15149859 3488580 15150201 3489660
15157611 3515460 15161829 3516060
15168327 3391620 15169581 3392220
15150543 3385860 15151341 3386460
15157839 3388740 15160461 3389340
15163995 3555780 15164337 3556860
15166503 3445380 15169125 3445980
15158523 3573540 15160461 3574140
15153735 3501060 15154533 3501660
15160803 3550980 15162741 3551580
15162627 3350340 15163425 3351420
15146781 3459780 15149973 3460860
15152139 3600900 15153165 3601980
15161943 3578820 15162741 3579900
15154647 3367140 15156129 3367740
15155103 3548580 15158637 3549180
15154419 3375300 15155217 3376380
15170607 3505380 15172545 3505980
15151911 3403140 15154077 3403740
15153051 3541380 15154305 3541980
15153279 3548100 15153621 3549180
15158067 3564900 15160005 3565500
15150087 3384900 15152025 3385500
15180525 3453540 15184059 3454140
15160347 3481860 15162285 3482460
15157611 3464100 15160005 3464700
15156699 3354180 15157497 3355260
15159663 3399300 15160917 3399900
15168555 3579300 15169581 3579900
15161487 3601860 15162285 3602940
15167187 3530820 15171405 3531420
15150087 3505860 15150429 3506940
15156243 3530340 15160461 3530940
15158979 3453060 15159777 3454140
15180525 3461220 15184059 3461820
15163311 3518340 15165249 3518940
15149859 3401220 15152709 3401820
15149631 3594180 15149973 3595260
15170835 3384420 15175053 3385020
15159891 3384900 15160917 3385500
15154647 3390660 15157497 3391260
15149859 3589380 15150201 3590460
15148149 3591300 15150201 3591900
15170835 3485700 15171861 3486780
15168555 3381060 15169581 3382140
15163539 3404580 15166845 3405180
15157155 3559620 15157497 3560700
15156243 3363780 15157041 3364860
15163311 3426180 15164109 3427260
15156471 3410820 15157725 3411420
15154647 3459780 15154989 3460860
15156927 3606180 15160461 3606780
15152367 3430980 15152709 3432060
15171747 3513060 15172773 3513660
15163995 3350820 15167529 3351420
15164451 3407460 15165477 3408060
15168783 3454020 15170265 3454620
15163539 3511620 15165249 3512220
15152139 3371460 15153165 3372540
15164907 3377700 15167301 3378300
15152253 3433860 15153165 3434940
15154191 3554820 15154989 3555900
15152367 3560580 15153165 3561660
15154647 3585540 15155445 3586620
15155559 3387300 15157497 3387900
15170835 3495780 15172317 3496380
15168783 3389700 15169809 3390300
15163311 3365700 15165249 3366300
15154191 3607620 15154989 3608700
15163311 3522660 15165705 3523260
15171291 3395460 15172317 3396060
15153051 3602820 15154989 3603420
15166503 3475140 15171177 3475740
15152139 3448260 15153165 3448860
15161031 3356100 15162057 3356700
15148491 3533700 15149973 3534300
15174939 3382980 15175737 3384060
15160575 3432900 15162627 3433500
15167871 3416100 15170949 3416700
15169467 3501540 15171405 3502140
15153051 3508260 15154533 3508860
15159321 3351300 15160233 3352380
15161715 3439620 15165249 3440220
15163311 3532740 15165249 3533340
15170151 3353220 15170949 3354300
15171519 3399300 15173001 3399900
15148491 3477060 15149973 3477660
15150315 3550020 15152937 3550620
15151227 3376260 15153165 3376860
15167415 3543300 15168213 3544380
15161487 3561540 15162741 3562140
15169239 3348420 15170265 3349020
15151911 3450180 15152709 3451260
15156927 3355620 15158409 3356220
15195231 3448260 15198651 3448860
15159435 3407940 15162057 3408540
15159891 3496260 15160689 3497340
15146781 3430020 15149973 3431100
15151911 3429060 15153165 3429660
15153051 3517380 15154989 3517980
15152367 3351300 15153165 3352380
15161259 3383940 15162057 3385020
15149403 3443940 15150429 3444540
15148149 3491460 15149061 3492540
15157611 3423300 15158409 3424380
15167415 3463620 15168213 3464700
15150771 3393540 15151797 3394140
15152823 3452100 15153849 3452700
15169923 3421380 15170721 3422460
15166959 3552900 15167757 3553980
15171177 3390660 15172089 3391740
15154191 3476100 15156813 3476700
15148149 3584580 15150999 3585180
15166731 3574980 15167529 3576060
15167415 3469380 15168213 3470460
15166959 3535620 15167757 3536700
15156015 3453060 15156813 3454140
15166503 3506820 15171177 3507420
15160803 3526980 15162741 3527580
15168099 3514500 15168897 3515580
15167187 3604740 15167985 3605820
15152367 3585540 15153279 3586620
15148149 3582180 15149973 3582780
15172431 3588900 15183489 3589500
15162627 3430020 15163881 3430620
15166959 3471300 15167757 3472380
15160575 3395460 15161373 3396540
15146781 3507300 15150201 3507900
15150315 3504420 15152709 3505020
15160575 3363780 15161373 3364860
15166503 3361860 15166845 3362460
15146781 3402660 15149973 3403260
15151455 3436740 15152481 3437340
15150315 3549060 15151341 3549660
15155787 3384900 15156585 3385980
15177447 3456900 15178245 3457980
15166959 3417540 15167757 3418620
15146781 3556740 15147693 3557820
15159891 3468900 15160917 3469500
15161259 3398340 15162057 3399420
15156471 3596100 15157383 3597180
15152139 3558660 15156813 3559260
15174711 3420420 15175509 3421500
15159093 3421380 15164679 3421980
15146781 3567300 15152367 3567900
15171291 3492900 15173571 3493500
15146781 3425220 15149973 3425820
15151911 3395940 15158409 3396540
15163767 3395460 15165249 3396060
15167415 3382500 15168441 3383100
15146781 3391140 15150201 3391740
15159891 3537540 15160689 3538620
15152139 3607620 15153165 3608220
15161601 3509220 15164793 3509820
15172431 3596580 15183489 3597180
15168099 3541380 15168897 3542460
15164451 3596100 15165249 3597180
15169467 3552900 15170265 3553980
15167643 3412740 15168441 3413820
15151911 3555780 15152709 3556860
15146781 3513540 15148605 3514140
15167415 3408900 15168213 3409980
15160575 3517860 15162855 3518460
15172203 3472740 15183261 3473340
15175167 3412740 15175965 3413820
15148491 3480900 15150201 3481500
15148149 3378180 15149973 3378780
15161031 3495300 15161829 3496380
15157383 3438660 15158409 3439260
15151683 3454020 15152823 3455100
15159321 3427140 15160233 3428220
15167415 3410820 15168213 3411900
15146781 3590340 15148605 3590940
15167187 3450180 15167985 3451260
15164451 3500100 15165249 3501180
15180639 3422820 15184059 3423420
15170379 3582660 15171177 3583740
15166731 3521220 15167529 3522300
15154647 3569220 15155445 3570300
15165705 3374820 15167529 3375420
15167187 3564420 15167985 3565500
15146781 3559620 15148719 3560700
15152823 3367620 15153621 3368700
15149403 3527940 15150201 3529020
15167643 3403620 15169353 3404220
15163083 3470340 15163881 3471420
15175167 3416580 15175965 3417660
15153963 3473220 15154761 3474300
15149403 3368580 15150201 3369660
15162855 3419460 15163653 3420540
15149175 3494340 15149973 3495420
15158067 3556740 15158865 3557820
15157383 3440580 15158181 3441660
15182007 3455460 15184059 3456060
15164223 3399780 15167529 3400380
15171975 3487140 15183033 3487740
15149859 3398340 15151569 3398940
15153051 3502980 15153849 3504060
15156243 3424260 15157041 3425340
15156585 3375300 15157497 3376380
15169923 3480900 15170721 3481980
15150771 3502020 15151569 3503100
15149403 3586500 15150201 3587580
15170379 3425220 15171177 3426300
15180753 3529380 15184059 3529980
15146781 3405540 15149061 3406140
15150999 3606660 15151797 3607740
15154077 3551460 15157497 3552060
15167301 3387780 15170721 3388380
15164223 3382980 15165021 3384060
15157383 3488580 15158181 3489660
15146781 3475140 15149973 3475740
15146781 3443460 15148719 3444540
15169467 3495300 15170265 3496380
15162399 3491460 15163197 3492540
15149175 3598980 15149973 3600060
15161943 3511620 15162741 3512700
15150315 3348420 15151113 3349500
15158979 3412740 15164565 3413340
15156699 3450180 15157497 3451260
15149859 3574020 15150657 3575100
15163767 3565380 15164565 3566460
15146781 3407460 15150201 3408060
15170949 3401220 15172089 3402300
15162171 3461700 15162969 3462780
15172545 3507300 15183603 3507900
15163767 3384900 15164565 3385980
15173115 3424740 15182349 3425340
15146781 3581220 15149973 3581820
15159891 3393060 15162855 3393660
15167871 3575940 15168669 3577020
15157155 3493380 15158865 3493980
15146781 3419460 15148377 3420540
15171975 3441540 15172773 3442620
15153507 3446340 15160005 3446940
15185313 3380580 15196371 3381180
15156471 3461700 15157269 3462780
15150087 3599940 15150885 3601020
15158865 3390660 15160005 3391740
15150999 3546180 15151797 3547260
15150087 3396420 15150885 3397500
15157155 3495300 15157953 3496380
15158979 3411780 15164565 3412380
15152595 3500100 15153393 3501180
15195231 3447300 15198651 3447900
15162399 3588420 15163197 3589500
15154077 3421860 15155445 3422460
15161943 3443460 15165249 3444060
15159435 3498180 15160233 3499260
15146781 3427140 15149973 3428220
15148947 3487620 15149745 3488700
15164451 3482820 15165249 3483900
15150771 3555780 15151569 3556860
15163311 3541380 15164109 3542460
15171519 3406500 15182577 3407100
15148605 3545220 15150201 3546300
15156243 3349380 15157041 3350460
15152823 3357060 15153621 3358140
15146781 3462660 15148719 3463740
15154875 3527940 15155673 3529020
15171519 3602340 15182577 3602940
15151455 3574020 15152253 3575100
15161943 3423300 15165249 3423900
15172659 3541860 15183717 3542460
15154647 3351300 15155787 3352380
15146781 3356100 15152367 3356700
15150771 3542340 15151569 3543420
15146781 3436740 15149973 3437820
15158979 3550500 15160233 3551100
15168555 3523140 15171861 3523740
15183945 3433380 15192723 3433980
15171291 3556260 15182349 3556860
15167415 3562500 15168213 3563580
15164451 3445380 15165249 3446460
15154191 3524100 15159777 3524700
15156243 3417540 15157041 3418620
15148263 3417540 15149061 3418620
15195231 3507780 15198651 3508380
15171291 3496740 15182349 3497340
15146781 3524580 15149973 3525180
15159435 3501060 15162741 3501660
15156813 3585540 15162399 3586140
15149859 3404100 15150999 3405180
15171519 3506340 15182577 3506940
15161943 3436740 15165249 3437340
15171291 3575460 15182349 3576060
15149859 3381060 15150657 3382140
15170037 3364260 15181095 3364860
15159207 3476100 15160917 3476700
15168669 3524100 15172089 3524700
15146781 3415620 15148719 3416700
15148719 3408900 15149517 3409980
15172203 3574500 15183261 3575100
15171975 3497700 15183033 3498300
15148149 3520260 15150201 3520860
15146781 3603780 15150201 3604380
15146781 3484260 15149973 3484860
15172545 3499140 15174141 3500220
15146781 3414180 15149973 3414780
15171519 3545700 15182577 3546300
15180753 3403620 15184059 3404220
15195687 3554820 15198651 3555420
15148947 3569220 15149745 3570300
15146781 3596100 15149973 3596700
15152367 3518820 15157953 3519420
15156813 3604740 15157953 3605820
15172203 3411300 15183261 3411900
15157155 3392580 15158865 3393180
15166389 3421860 15167757 3422460
15170151 3373860 15181209 3374460
15150315 3478020 15151113 3479100
15185313 3414180 15196371 3414780
15183945 3533220 15192723 3533820
15183945 3581220 15192723 3581820
15148149 3478980 15149973 3479580
15152367 3506340 15154761 3506940
15167415 3525540 15169125 3526140
15151455 3457860 15152253 3458940
15146781 3605700 15150201 3606300
15150999 3422340 15152709 3422940
15165135 3433860 15173913 3434460
15146895 3568260 15147693 3569340
15150087 3464580 15151797 3465180
15151911 3349380 15152709 3350460
15170151 3439140 15181209 3439740
15167415 3361860 15168669 3362460
15165135 3428100 15173913 3428700
15165135 3557220 15168213 3557820
15173799 3537540 15175737 3538140
15146781 3457860 15147921 3458940
15170607 3519300 15172545 3520380
15156015 3358500 15159093 3359100
15171519 3415140 15182577 3415740
15172203 3500580 15183261 3501180
15196827 3515460 15198651 3516060
15180639 3490020 15184059 3490620
15148149 3361860 15149973 3362460
15157725 3436260 15159549 3436860
15157725 3608580 15159777 3609180
15169011 3540900 15170721 3541500
15150429 3447300 15151569 3448380
15172887 3408900 15175281 3409500
15183945 3370020 15192723 3370620
15146781 3600900 15148377 3601980
15148149 3508260 15151569 3508860
15173799 3509700 15188505 3510300
15168441 3534180 15174027 3534780
15165363 3603300 15183717 3603900
15152139 3492900 15155331 3493500
15152367 3381540 15155445 3382140
15148149 3572100 15150429 3572700
15172659 3595620 15183717 3596220
15192609 3347940 15198651 3348540
15157155 3405540 15158865 3406140
15146781 3441540 15148719 3442620
15148491 3529860 15150201 3530460
15156699 3393540 15158409 3394140
15164793 3368100 15167073 3368700
15148491 3493380 15150201 3493980
15158523 3490500 15159777 3491100
15166731 3532740 15168441 3533340
15155787 3533220 15158865 3533820
15165135 3577860 15173913 3578460
15158979 3404580 15161373 3405180
15163995 3431460 15182349 3432060
15157155 3357060 15158865 3357660
15158751 3428580 15160005 3429180
15154647 3522180 15155901 3522780
15180981 3551460 15184059 3552060
15161487 3574500 15163197 3575100
15158751 3348900 15160461 3349500
15170379 3403140 15172089 3403740
15166503 3484740 15167757 3485340
15173343 3400740 15182577 3401340
15160461 3465540 15162399 3466620
15147693 3466980 15149517 3467580
15195687 3426180 15198651 3426780
15151683 3590820 15153165 3591420
15181095 3483300 15184059 3483900
15463473 3437220 15465411 3437820
15195687 3411780 15198651 3412380
15192609 3353700 15198651 3354300
15180867 3515940 15184059 3516540
15148149 3541860 15150201 3542460
15195687 3431940 15198651 3432540
15146781 3363780 15148605 3364380
15153963 3573540 15156357 3574140
15173457 3401700 15180867 3402300
15181095 3362340 15184059 3362940
15185313 3477540 15196371 3478140
15166503 3452100 15168213 3452700
15160803 3392100 15162057 3392700
15168099 3359940 15170037 3360540
15181095 3501540 15184059 3502140
15165363 3378660 15183717 3379260
15164223 3597540 15182577 3598140
15150771 3446340 15152481 3446940
15151797 3511620 15153279 3512220
15172089 3559140 15175053 3559740
15169923 3586980 15180981 3587580
15181095 3523620 15184059 3524220
15176763 3533220 15178473 3533820
15149859 3592260 15151797 3592860
15146781 3455940 15147921 3457020
15158979 3535620 15162285 3536220
15156585 3378660 15157725 3379260
15162855 3440580 15165249 3441180
15181095 3441060 15184059 3441660
15156699 3478500 15158409 3479100
15151683 3599460 15152937 3600060
15172659 3356580 15183717 3357180
15161259 3562500 15162969 3563100
15148149 3519300 15149973 3519900
15181095 3481380 15184059 3481980
15153963 3526980 15155103 3527580
15146781 3438660 15147921 3439740
15150315 3359460 15153279 3360060
15166731 3493860 15172317 3494460
15163995 3545220 15165249 3545820
15156015 3437700 15157497 3438300
15166503 3402180 15167757 3402780
15185313 3482340 15196371 3482940
15158751 3444420 15161145 3445020
15153963 3425220 15155217 3425820
15181095 3477540 15184059 3478140
15154647 3486180 15156357 3486780
15154419 3580740 15155673 3581340
15167985 3519300 15169239 3519900
15156471 3465060 15157725 3465660
15168783 3492420 15169923 3493020
15181095 3465060 15184059 3465660
15166503 3371460 15167643 3372060
15161145 3474180 15162285 3474780
15153849 3423780 15154989 3424380
15155559 3368580 15156813 3369180
15172203 3432420 15183261 3433020
15164109 3590340 15165249 3590940
15168213 3520260 15170493 3520860
15148605 3511140 15150429 3511740
15195459 3591300 15198651 3591900
15171291 3576420 15182349 3577020
15163311 3453060 15165021 3453660
15148149 3539460 15149973 3540060
15146781 3453060 15147921 3454140
15158523 3590820 15160005 3591420
15153621 3534180 15155445 3534780
15160347 3375780 15161829 3376380
15151683 3432900 15152595 3433500
15166503 3478020 15167643 3478620
15146781 3410820 15148719 3411900
15161487 3463620 15163197 3464220
15169011 3355620 15183717 3356220
15156243 3472260 15157497 3472860
15146781 3412740 15148719 3413820
15153963 3413220 15155673 3413820
15151683 3392580 15152823 3393180
15192609 3456420 15198195 3457020
15174255 3404580 15183489 3405180
15182919 3383460 15184059 3384060
15167985 3376260 15170493 3376860
15153507 3366180 15154989 3366780
15167415 3467460 15169125 3468060
15171519 3398340 15173229 3398940
15157839 3370500 15160233 3371100
15151227 3521220 15152709 3521820
15164223 3358980 15166617 3359580
15154533 3466020 15156813 3466620
15157725 3448740 15159093 3449340
15172659 3600420 15183717 3601020
15164109 3564420 15165249 3565020
15148149 3486660 15149973 3487260
15183945 3577380 15192723 3577980
15161031 3547620 15162741 3548220
15165135 3569220 15173913 3569820
15150429 3414660 15151569 3415260
15151797 3373380 15152481 3373980
15151683 3440100 15153165 3440700
15171747 3370980 15182805 3371580
15174027 3410340 15183261 3410940
15172887 3351780 15183945 3352380
15153735 3368100 15155445 3368700
15160689 3546660 15166275 3547260
15155331 3526020 15156813 3526620
15182235 3418020 15184059 3418620
15165135 3372900 15166389 3373500
15156357 3403140 15157497 3403740
15181095 3486180 15184059 3486780
15166503 3549060 15167643 3549660
15178131 3498660 15183717 3499260
15148719 3518340 15150429 3518940
15152823 3349380 15154533 3349980
15154191 3529860 15155673 3530460
15168099 3565860 15169467 3566460
15182691 3469860 15184059 3470460
15173001 3548580 15184059 3549180
15181095 3517860 15184059 3518460
15182463 3460260 15184059 3460860
15147807 3406500 15149517 3407100
15168327 3369060 15170037 3369660
15165363 3593700 15183717 3594300
15160461 3516900 15162855 3517500
15185313 3487140 15196371 3487740
15181095 3470820 15184059 3471420
15146781 3454980 15149289 3455580
15195687 3430980 15198651 3431580
15172659 3518340 15174597 3518940
15174255 3428100 15177219 3428700
15197283 3461700 15198651 3462300
15161145 3402660 15162285 3403260
15171519 3563940 15182577 3564540
15159435 3434340 15163197 3434940
15158979 3439620 15160689 3440220
15192609 3383460 15196371 3384060
15146781 3585540 15148605 3586140
15156927 3419460 15158637 3420060
15151227 3587940 15152709 3588540
15159663 3528900 15162057 3529500
15185313 3415140 15196371 3415740
15164223 3465540 15166617 3466140
15152139 3477060 15153393 3477660
15181551 3489060 15184059 3489660
15161601 3351780 15162513 3352380
15174825 3397860 15184059 3398460
15182691 3608100 15184059 3608700
15151797 3354660 15153279 3355260
15158523 3492420 15159777 3493020
15167415 3473220 15168669 3473820
15152367 3569700 15153621 3570300
15182349 3598500 15184059 3599100
15154533 3561060 15155673 3561660
15197283 3483780 15198651 3484380
15166503 3499140 15167643 3499740
15173571 3598500 15174825 3599100
15165819 3582180 15166959 3582780
15195687 3440580 15198651 3441180
15182919 3382500 15184059 3383100
15151455 3437700 15153849 3438300
15166503 3501060 15167757 3501660
15197511 3539460 15198651 3540060
15178587 3502020 15179841 3502620
15163995 3526020 15165249 3526620
15154875 3480420 15156357 3481020
15151455 3374820 15152937 3375420
15155331 3502980 15156813 3503580
15182919 3502500 15184059 3503100
15182919 3520740 15184059 3521340
15191355 3520260 15196941 3520860
15161031 3477540 15162171 3478140
15164223 3401220 15166617 3401820
15160347 3533220 15161601 3533820
15159207 3593700 15160005 3594300
15159435 3365220 15160917 3365820
15149403 3399780 15150885 3400380
15164907 3390180 15166845 3390780
15154191 3454500 15155445 3455100
15158979 3462180 15160461 3462780
15173343 3526980 15174597 3527580
15177903 3462180 15179043 3462780
15156471 3427140 15157953 3427740
15163767 3573060 15165249 3573660
15157839 3551460 15159093 3552060
15153963 3564900 15155217 3565500
15197283 3380100 15198651 3380700
15154191 3538980 15155445 3539580
15176763 3521700 15182349 3522300
15163767 3503940 15165249 3504540
15146781 3548100 15148149 3548700
15176307 3606180 15183717 3606780
15164223 3489540 15166617 3490140
15170037 3526500 15171177 3527100
15182235 3476580 15184059 3477180
15156243 3587460 15157497 3588060
15163995 3422340 15165249 3422940
15154191 3578820 15155445 3579420
15154647 3350340 15155901 3350940
15159663 3382020 15160917 3382620
15155559 3563460 15156813 3564060
15166503 3427140 15167757 3427740
15154191 3537540 15155445 3538140
15159093 3469860 15160461 3470460
15166503 3461700 15167643 3462300
15156243 3456900 15158637 3457500
15156243 3536580 15158637 3537180
15148605 3523620 15149973 3524220
15163767 3441540 15165249 3442140
15164223 3417540 15166617 3418140
15153735 3560100 15155217 3560700
15146781 3461700 15147921 3462300
15197511 3534660 15198651 3535260
15153849 3388260 15155217 3388860
15160917 3367140 15162285 3367740
15157839 3403140 15159093 3403740
15197511 3382020 15198651 3382620
15162627 3537540 15165021 3538140
15170379 3366180 15172773 3366780
15163767 3583140 15165477 3583740
15148149 3575940 15149517 3576540
15153735 3572580 15155103 3573180
15175167 3502500 15176649 3503100
15162171 3559140 15164565 3559740
15167985 3374340 15169353 3374940
15169467 3563940 15171291 3564540
15146781 3550020 15147921 3550620
15169923 3586020 15180981 3586620
15167871 3481860 15169125 3482460
15159207 3549540 15160917 3550140
15154533 3598020 15154989 3598620
15176079 3385860 15177333 3386460
15160803 3510180 15162285 3510780
15156699 3527940 15159093 3528540
15152823 3555300 15153621 3555900
15160803 3470820 15162285 3471420
15156699 3509700 15158181 3510300
15158979 3410820 15161373 3411420
15148263 3461700 15149517 3462300
15182235 3516900 15184059 3517500
15146781 3558660 15149289 3559260
15197055 3562500 15198651 3563100
15163995 3432900 15165249 3433500
15163995 3591300 15165249 3591900
15168555 3527460 15170949 3528060
15195687 3579780 15198651 3580380
15148947 3419460 15150201 3420060
15158751 3599460 15160233 3600060
15182235 3599460 15184059 3600060
15192609 3362340 15198195 3362940
15167187 3419940 15168441 3420540
15151227 3522180 15152709 3522780
15165477 3524580 15167301 3525180
15153621 3485220 15155445 3485820
15166389 3481380 15167529 3481980
15152367 3588900 15154077 3589500
15153507 3592260 15154989 3592860
15197055 3528900 15198651 3529500
15152823 3577380 15155217 3577980
15158751 3509220 15160233 3509820
15192951 3505860 15198537 3506460
15154533 3600900 15155445 3601500
15163995 3364740 15165249 3365340
15197283 3578820 15198651 3579420
15156357 3517380 15157383 3517980
15168327 3401700 15169581 3402300
15155331 3602820 15157041 3603420
15176991 3448740 15182577 3449340
15157611 3538980 15160005 3539580
15195687 3570180 15198651 3570780
15151569 3409860 15152595 3410460
15163539 3477540 15165021 3478140
15197511 3594180 15198651 3594780
15159435 3506820 15161145 3507420
15182691 3420900 15184059 3421500
15197511 3436740 15198651 3437340
15197397 3427140 15198651 3427740
15177675 3349860 15183261 3350460
15159435 3512100 15160689 3512700
15166503 3550020 15167529 3550620
15157611 3586500 15159321 3587100
15150429 3519780 15151569 3520380
15164223 3414660 15166617 3415260
15177903 3421860 15183489 3422460
15149631 3454980 15151341 3455580
15163767 3560580 15165249 3561180
15197511 3382980 15198651 3383580
15156471 3529380 15157953 3529980
15151911 3390660 15153279 3391260
15172887 3488100 15174141 3488700
15152823 3542340 15154533 3542940
15159435 3594660 15161145 3595260
15197511 3574020 15198651 3574620
15182235 3532260 15184059 3532860
15150315 3531780 15152025 3532380
15166503 3476100 15168213 3476700
15159435 3409860 15165021 3410460
15148491 3372420 15150201 3373020
15164223 3349380 15166617 3349980
15154305 3513540 15155901 3514140
15163767 3488100 15165477 3488700
15170835 3362820 15174597 3363420
15158637 3561060 15160005 3561660
15158295 3584580 15159777 3585180
15151455 3573060 15152937 3573660
15166503 3503940 15168213 3504540
15166503 3498180 15168213 3498780
15177333 3391140 15182919 3391740
15155901 3394500 15157497 3395100
15165591 3391140 15167187 3391740
15164907 3362340 15166161 3362940
15154875 3541860 15156585 3542460
15156699 3497700 15158409 3498300
15195687 3439620 15198651 3440220
15162741 3566820 15164565 3567420
15174255 3389700 15175509 3390300
15168555 3456900 15175965 3457500
15169923 3393540 15171177 3394140
15161715 3539460 15162855 3540060
15179271 3536100 15183033 3536700
15164223 3437700 15166617 3438300
15154647 3479460 15157497 3480060
15160803 3571140 15162057 3571740
15197283 3370500 15198651 3371100
15182463 3566820 15184059 3567420
15177903 3546660 15183489 3547260
15153963 3499620 15155787 3500220
15153279 3442980 15154761 3443580
15192609 3443940 15198195 3444540
15197283 3379140 15198651 3379740
15155559 3409860 15156813 3410460
15146781 3501060 15147921 3501660
15164451 3484260 15165705 3484860
15158523 3442500 15162285 3443100
15164223 3535620 15166617 3536220
15166275 3455460 15167529 3456060
15177903 3514020 15183489 3514620
15161373 3564900 15162741 3565500
15185313 3562020 15192723 3562620
15171405 3443460 15186111 3444060
15192951 3425220 15198537 3425820
15178131 3358500 15183717 3359100
15160803 3607140 15175509 3607740
15151911 3453060 15153621 3453660
15197397 3408900 15198651 3409500
15168327 3489060 15170151 3489660
15158067 3369540 15159891 3370140
15173115 3381060 15174825 3381660
15164223 3392580 15166617 3393180
15176991 3392100 15182577 3392700
15178131 3353700 15183717 3354300
15173001 3539940 15174597 3540540
15196827 3395460 15198651 3396060
15166503 3572100 15170265 3572700
15182235 3381540 15184059 3382140
15180867 3499620 15183717 3500220
15170607 3529380 15172089 3529980
15156471 3526980 15157953 3527580
15153051 3505380 15154305 3505980
15151455 3347940 15152709 3348540
15166503 3362820 15168099 3363420
15176079 3384900 15177333 3385500
15153279 3408420 15154989 3409020
15154305 3405540 15155787 3406140
15160803 3504420 15162399 3505020
15156015 3397380 15157383 3397980
15157839 3517380 15159093 3517980
15169011 3581700 15183717 3582300
15157155 3474660 15158409 3475260
15159435 3531300 15160689 3531900
15151455 3562020 15153279 3562620
15149859 3394500 15151341 3395100
15159321 3513060 15160917 3513660
15166503 3381060 15167985 3381660
15182463 3359460 15184059 3360060
15146781 3381540 15147921 3382140
15182463 3512100 15184059 3512700
15163767 3457860 15165249 3458460
15163767 3438660 15165249 3439260
15184287 3471300 15191697 3471900
15161031 3381060 15162513 3381660
15196827 3574980 15198651 3575580
15162741 3380580 15164337 3381180
15176763 3552420 15182349 3553020
15192609 3352740 15198195 3353340
15157155 3522180 15158409 3522780
15150543 3429540 15151797 3430140
15166503 3425220 15170265 3425820
15177903 3550500 15183489 3551100
15166731 3526500 15168669 3527100
15167643 3479940 15169353 3480540
15164223 3462660 15166617 3463260
15163767 3466500 15165021 3467100
15160575 3459780 15161829 3460380
15174939 3391620 15176193 3392220
15173343 3447780 15180753 3448380
15175623 3521700 15176421 3522300
15178473 3490980 15184059 3491580
15173571 3392580 15174711 3393180
15173799 3366660 15188505 3367260
15178359 3547620 15183945 3548220
15196827 3398340 15198651 3398940
15166503 3505860 15169353 3506460
15192609 3376260 15198195 3376860
15182235 3471780 15184059 3472380
15161487 3577860 15164337 3578460
15192609 3494820 15198195 3495420
15172203 3532260 15173343 3532860
15176991 3492420 15191697 3493020
15176079 3514980 15183489 3515580
15155787 3579780 15157041 3580380
15182235 3493860 15184059 3494460
15196827 3400260 15198651 3400860
15157611 3500100 15158865 3500700
15168099 3407940 15170037 3408540
15183147 3466020 15184059 3466620
15169809 3487140 15171405 3487740
15153963 3445380 15159549 3445980
15159663 3543300 15160917 3543900
15168555 3471300 15169809 3471900
15161487 3600900 15164337 3601500
15156015 3404100 15157269 3404700
15168897 3509700 15172659 3510300
15159435 3472260 15162057 3473340
15152367 3398340 15155217 3398940
15153507 3468420 15154989 3469020
15197739 3582660 15198651 3583260
15155673 3431460 15157269 3432060
15167415 3460740 15167985 3461340
15178245 3468900 15183831 3469500
15158295 3574500 15159549 3575100
15164223 3517380 15166617 3517980
15197283 3463620 15198651 3464220
15174483 3534180 15175737 3534780
15182463 3605220 15184059 3605820
15163767 3550980 15165021 3551580
15164223 3540420 15166617 3541020
15154875 3556740 15156129 3557340
15178359 3425700 15183945 3426300
15156699 3415620 15157953 3416220
15166503 3442500 15169353 3443100
15164223 3586980 15167073 3587580
15169239 3446820 15183945 3447420
15167757 3586020 15169353 3586620
15161145 3458340 15163653 3458940
15161487 3399780 15163425 3400380
15152823 3416100 15156585 3416700
15182463 3416100 15184059 3416700
15154191 3404580 15155445 3405180
15167643 3518340 15170493 3518940
15160461 3379620 15163311 3380220
15177903 3437220 15183489 3437820
15157155 3432900 15160005 3433500
15175851 3524580 15183261 3525180
15177903 3562020 15183489 3562620
15182691 3607140 15183717 3607740
15159207 3356100 15160461 3356700
15168327 3478980 15169125 3479580
15173343 3485220 15174597 3485820
15192951 3572100 15198537 3572700
15152367 3594660 15153165 3595260
15196827 3535620 15198651 3536220
15163083 3473700 15165933 3474300
15183945 3585060 15192723 3585660
15169011 3549540 15183717 3550140
15150087 3485700 15152253 3486780
15163995 3554820 15165249 3555420
15151227 3479940 15151455 3480540
15158067 3514020 15161829 3514620
15196827 3413700 15198651 3414300
15153279 3568740 15154533 3569340
15153165 3450180 15155103 3450780
15182235 3402660 15184059 3403260
15151227 3400260 15154077 3400860
15160575 3451140 15163425 3451740
15166503 3514500 15167985 3515100
15154533 3463620 15156129 3464220
15177789 3452580 15183375 3453180
15158979 3454500 15160233 3455100
15153165 3422820 15153393 3423420
15154647 3420420 15157497 3421020
15195687 3573060 15198537 3573660
15178245 3573540 15183831 3574140
15181095 3560580 15188505 3561180
15156699 3540900 15157953 3541500
15158067 3479460 15159777 3480060
15196827 3529860 15198651 3530460
15169695 3374820 15177105 3375420
15162171 3376260 15165021 3376860
15164451 3574980 15165249 3575580
15159321 3572100 15160005 3573180
15197055 3525060 15198651 3525660
15171519 3397380 15172545 3397980
15154419 3382980 15157269 3383580
15171975 3412740 15174825 3413340
15152823 3563460 15154761 3564540
15161031 3469380 15162855 3469980
15197511 3435780 15198651 3436380
15148605 3394500 15149517 3395100
15182463 3518820 15184059 3519420
15146781 3546660 15150543 3547260
15182235 3414180 15183831 3414780
15176763 3579300 15182349 3579900
15158865 3496260 15159549 3496860
15158865 3582180 15162627 3582780
15156813 3537540 15158409 3538140
15165135 3397860 15166275 3398460
15173115 3404580 15173913 3405180
15169011 3546660 15170037 3547260
15161145 3429540 15162057 3430140
15158067 3598500 15160575 3599100
15166503 3440580 15168099 3441180
15182463 3604260 15184059 3604860
15162171 3534660 15163311 3535260
15164565 3373860 15165477 3374460
15179043 3535140 15182805 3535740
15161373 3589380 15162285 3589980
15170835 3557220 15178245 3557820
15197055 3369540 15198651 3370140
15156585 3532260 15158181 3532860
15166503 3479940 15167301 3480540
15182463 3564900 15184059 3565500
15157155 3413700 15164565 3414300
15166959 3507780 15168099 3508380
15161259 3354180 15163197 3354780
15183375 3474660 15184059 3475260
15164451 3461220 15165249 3461820
15166503 3591300 15170265 3591900
15171291 3382980 15173913 3384060
15173571 3529860 15174597 3530460
15180867 3405540 15183717 3406140
15185313 3437220 15192723 3437820
15151227 3425220 15152481 3425820
15164109 3434340 15165021 3434940
15153051 3391620 15155901 3392220
15185313 3398820 15192723 3399420
15168897 3472260 15169581 3473340
15196827 3410820 15198651 3411420
15158865 3491460 15160803 3492060
15169011 3589380 15170037 3589980
15175509 3526020 15175737 3526620
15159207 3461220 15160005 3461820
15154533 3472260 15155445 3472860
15197853 3377220 15198651 3377820
15161259 3568260 15162057 3568860
15195345 3401220 15198195 3401820
15167643 3380100 15170493 3380700
15167643 3502500 15169581 3503100
15166503 3474180 15167415 3474780
15197055 3414660 15198651 3415260
15157155 3475620 15157953 3476220
15158067 3452100 15160917 3452700
15197739 3498180 15198651 3498780
15182691 3543780 15183717 3544380
15165135 3567780 15168897 3568380
15152025 3402180 15152937 3402780
15182691 3350820 15183717 3351420
15169923 3539460 15172773 3540060
15161031 3478500 15161715 3479100
15175965 3394980 15183375 3395580
15164451 3550020 15165249 3550620
15149061 3470340 15149973 3470940
15183147 3384420 15183945 3385020
15197739 3575940 15198651 3576540
15153621 3394500 15154647 3395100
15149631 3471300 15150429 3471900
15171519 3531300 15172545 3531900
15182235 3354660 15184059 3355260
15157269 3408900 15160119 3409500
15167415 3373380 15167643 3373980
15154305 3593700 15156243 3594300
15164679 3459780 15165249 3460380
15182463 3473700 15184059 3474300
15160575 3362820 15161373 3363420
15152595 3527940 15153735 3528540
15161031 3531300 15162057 3531900
15183147 3459300 15184059 3459900
15158979 3521700 15159777 3522300
15166503 3454020 15167415 3454620
15150543 3373860 15151341 3374460
15159321 3495300 15160233 3495900
15174711 3539940 15175509 3540540
15152823 3455940 15154761 3457020
15152139 3438660 15154761 3439740
15195915 3396420 15197853 3397020
15150543 3420900 15152481 3421500
15155559 3554820 15157497 3555420
15154305 3478500 15155217 3479100
15197853 3536580 15198651 3537180
15158979 3597060 15160005 3597660
15150771 3428100 15152253 3428700
15177219 3387780 15177675 3388380
15183147 3482340 15184059 3482940
15166503 3495300 15167301 3495900
15169467 3458820 15176877 3459420
15148719 3438180 15149745 3438780
15166161 3551460 15166959 3552060
15173571 3540900 15174369 3541500
15154533 3376740 15155445 3377340
15150429 3457380 15150657 3457980
15163311 3538500 15165249 3539100
15466095 3573060 15468375 3573660
15182691 3558180 15183717 3558780
15169125 3452580 15169581 3453180
15168897 3470340 15169809 3470940
15149859 3458340 15150657 3458940
15163881 3551940 15164907 3552540
15157611 3552900 15161373 3553500
15153963 3448260 15154419 3448860
15183147 3480420 15184059 3481020
15183147 3475620 15184059 3476220
15183945 3556260 15192723 3556860
15175851 3601380 15183261 3601980
15155331 3494820 15156129 3495420
15164223 3582180 15165249 3582780
15163767 3459780 15164223 3460380
15153051 3430020 15154989 3430620
15160461 3403620 15161373 3404220
15157725 3394980 15158637 3395580
15154305 3422820 15155331 3423420
15169695 3491460 15171633 3492060
15164679 3526980 15165249 3527580
15151911 3476100 15152823 3476700
15152139 3358500 15154989 3359100
15154875 3418020 15156015 3418620
15162399 3489540 15162855 3490140
15158979 3580740 15160005 3581340
15151911 3459780 15152709 3460380
15159207 3507780 15160005 3508380
15174711 3520740 15175737 3521340
15153507 3509220 15154305 3509820
15158409 3545700 15159549 3546300
15156927 3514500 15157953 3515100
15161715 3449220 15164337 3450300
15154647 3470340 15155445 3470940
15183261 3609060 15184059 3609660
15163083 3387780 15164223 3388380
15157155 3555780 15157953 3556380
15148263 3556740 15150201 3557340
15183147 3417060 15184059 3417660
15158751 3596100 15159777 3596700
15174027 3387780 15175167 3388380
15154191 3477060 15154989 3477660
15154419 3458340 15155331 3458940
15163767 3450660 15164565 3451260
15168783 3533220 15169581 3533820
15148605 3400740 15149517 3401340
15158979 3455940 15159777 3456540
15166503 3509700 15167529 3510300
15156129 3436740 15157269 3437340
15169239 3484260 15170037 3484860
15158523 3399780 15159549 3400380
15159207 3589860 15160005 3590460
15197853 3394500 15198651 3395100
15179271 3462180 15183033 3462780
15150315 3435780 15151455 3436380
15172431 3533220 15173571 3533820
15178473 3467940 15184059 3468540
15154191 3514500 15154989 3515100
15159435 3459300 15160233 3459900
15197739 3412740 15198651 3413340
15166503 3513540 15167301 3514140
15158295 3368580 15159093 3369180
15164451 3510660 15165249 3511260
15152367 3466500 15153849 3467100
15152367 3427140 15153165 3427740
15169125 3377220 15169581 3377820
15148947 3359460 15149973 3360060
15175167 3567300 15175623 3567900
15179499 3399780 15183261 3400380
15182691 3380580 15183717 3381180
15150315 3509700 15152481 3510780
15172203 3400260 15173229 3400860
15167187 3457380 15167643 3457980
15160347 3396900 15161373 3397500
15158751 3466020 15159093 3466620
15170607 3535620 15171633 3536220
15167871 3485220 15168669 3485820
15157611 3373380 15159207 3374460
15169695 3497700 15170721 3498300
15166503 3555780 15167301 3556380
15165135 3415620 15166617 3417180
15149175 3598020 15149517 3598620
15166503 3515460 15167985 3516060
15153849 3496740 15154761 3497340
15153963 3436740 15155901 3437340
15163653 3608580 15165249 3609180
15160575 3361860 15161601 3362460
15178815 3604740 15180525 3605340
15160347 3454980 15161601 3455580
15164223 3576900 15165249 3577500
15154419 3452100 15155445 3452700
15149403 3351780 15149859 3352380
15152139 3537540 15152937 3538140
15157611 3412740 15158409 3413340
15150429 3403140 15151113 3403740
15156927 3592740 15157725 3593340
15154647 3354180 15155445 3354780
15155787 3584580 15156813 3585180
15154533 3435300 15155445 3435900
15196713 3375300 15198651 3375900
15197853 3526980 15198651 3527580
15161145 3391140 15162057 3391740
15164223 3478500 15165249 3479100
15151341 3406500 15152025 3407100
15150429 3459300 15150885 3459900
15146781 3379620 15148719 3380220
15157383 3553860 15157839 3554460
15151569 3394500 15152595 3395100
15160575 3573060 15161031 3573660
15154419 3400740 15155217 3401340
15157155 3365220 15158637 3365820
15164223 3523620 15165705 3524220
15181779 3485220 15183717 3485820
15166503 3364740 15167985 3365340
15152253 3399300 15153051 3399900
15168099 3459300 15168669 3459900
15154191 3543300 15154989 3543900
15176079 3519300 15177105 3519900
15152367 3472740 15153165 3473340
15166503 3518340 15167301 3518940
15150087 3432420 15151227 3433020
15155787 3374340 15156927 3374940
15170037 3358500 15170949 3359100
15174255 3503940 15176421 3505020
15155787 3507780 15156813 3508380
15158181 3526020 15159093 3526620
15164109 3501540 15165021 3502140
15156927 3491940 15157497 3492540
15159093 3450660 15159549 3451260
15161943 3438660 15162969 3439260
15163311 3561540 15165249 3562140
15157155 3572580 15157953 3573180
15164223 3601860 15165249 3602460
15158523 3480420 15159093 3481020
15164565 3580740 15165021 3581340
15157611 3463140 15158067 3463740
15157611 3353220 15158865 3353820
15152139 3591780 15153165 3592380
15152139 3463620 15153165 3464220
15161487 3573540 15162399 3574140
15167643 3477060 15169125 3477660
15195687 3424260 15198537 3424860
15152367 3574980 15153393 3575580
15146781 3399780 15148719 3400380
15168441 3574980 15169353 3575580
15151113 3603780 15151455 3604380
15158523 3465060 15159207 3465660
15166503 3407940 15167529 3408540
15167415 3516420 15168441 3517020
15148947 3375780 15149973 3376380
15156927 3389700 15157725 3390300
15148605 3393060 15149517 3393660
15157383 3485700 15158637 3486300
15171291 3500580 15171633 3501180
15197853 3540420 15198651 3541020
15162285 3394980 15162627 3395580
15160461 3608100 15160917 3608700
15163995 3354180 15165021 3354780
15151455 3498660 15152481 3499260
15460167 3410820 15463929 3411420
15163767 3416580 15164223 3417180
15159435 3532260 15160461 3532860
15160233 3387780 15160689 3388380
15158295 3489540 15159321 3490140
15174027 3395460 15175053 3396060
15196143 3555780 15198651 3556380
15153393 3488100 15153849 3488700
15157839 3498660 15159321 3499260
15170493 3570660 15170721 3571260
15170151 3547620 15171177 3548220
15172773 3521220 15173913 3521820
15157155 3483780 15157953 3484380
15153051 3478980 15153279 3479580
15159435 3587940 15160461 3588540
15153621 3364260 15154305 3364860
15157839 3550020 15158181 3550620
15166275 3373860 15166731 3374460
15150543 3389700 15151569 3390300
15160575 3355140 15161601 3355740
15149859 3426180 15151113 3426780
15149061 3467940 15149745 3468540
15159435 3502500 15160917 3503100
15152595 3423780 15152937 3424380
15160233 3385860 15160689 3386460
15154989 3581700 15155331 3582300
15169923 3525060 15171063 3525660
15170151 3479940 15170493 3480540
15171519 3512100 15172089 3512700
15155787 3352740 15157041 3353340
15162171 3377220 15164337 3378300
15149175 3462660 15150201 3463260
15153279 3551940 15153963 3552540
15161487 3543300 15162513 3543900
15151797 3473700 15152481 3474300
15164565 3353220 15165021 3353820
15163197 3589860 15163653 3590460
15154647 3380100 15155673 3380700
15163995 3458820 15165021 3459420
15154647 3360420 15155445 3361020
15157155 3504900 15158181 3505500
15161601 3598980 15162285 3600060
15159891 3457380 15160689 3457980
15175623 3488580 15176193 3489180
15160119 3526980 15160689 3527580
15170607 3494820 15170949 3495420
15196485 3580740 15198423 3581340
15154875 3595140 15156129 3595740
15168099 3377220 15168555 3377820
15164223 3476580 15165021 3477180
15158409 3450180 15158865 3450780
15150999 3466500 15152025 3467100
15156927 3367620 15157953 3368220
15164679 3359940 15165249 3360540
15155103 3455460 15156129 3456060
15152367 3393540 15153393 3394140
15164907 3519780 15165477 3520380
15183375 3385380 15185427 3385980
15158523 3468900 15159549 3469500
15151455 3397380 15152481 3397980
15155103 3605700 15156129 3606300
15150315 3405540 15151455 3406140
15169239 3473700 15169809 3474300
15156243 3386340 15156699 3386940
15167985 3406500 15169125 3407100
15171633 3548580 15172089 3549180
15158295 3367620 15159321 3368220
15153507 3389220 15153735 3389820
15169011 3371460 15169809 3372060
15152595 3352740 15153735 3353340
15152367 3494820 15153393 3495420
15172659 3515940 15173685 3516540
15158295 3520260 15159321 3520860
15170151 3367140 15171177 3367740
15196941 3381060 15198651 3381660
15154647 3498660 15155901 3499260
15157839 3486660 15158865 3487260
15169923 3390180 15171063 3390780
15164679 3571620 15165477 3572220
15148947 3377220 15149517 3377820
15154647 3515460 15155445 3516060
15158295 3372420 15159321 3373020
15164223 3598980 15165249 3599580
15155787 3568260 15156813 3568860
15153051 3379140 15154077 3379740
15150087 3382500 15150657 3383100
15160803 3588420 15161829 3589020
15172887 3523620 15173913 3524220
15149175 3373860 15149745 3374460
15146781 3362820 15148263 3363420
15165591 3598500 15166389 3599100
15151227 3434820 15151455 3435420
15153051 3380100 15154077 3380700
15152823 3595620 15153849 3596220
15170151 3478020 15170721 3478620
15170379 3502500 15171633 3503100
15161943 3541860 15162969 3542460
15174711 3388740 15175737 3389340
15161031 3524100 15162057 3524700
15167187 3401220 15167529 3401820
15174027 3569220 15174483 3569820
15157383 3417060 15157953 3417660
15153051 3515460 15154077 3516060
15161943 3583620 15162969 3584220
15176535 3535620 15178701 3536700
15150999 3409860 15151341 3410460
15152595 3420900 15153735 3421500
15172203 3388260 15173229 3388860
15159663 3367140 15160461 3367740
15164223 3505860 15165249 3506460
15171975 3387300 15173001 3387900
15156243 3565380 15157269 3565980
15183945 3498660 15192723 3499260
15176307 3493860 15176877 3494460
15173115 3526020 15174141 3526620
15163995 3471300 15165021 3471900
15173799 3517380 15174597 3517980
15152139 3447300 15159549 3447900
15168099 3584100 15182805 3584700
15171519 3396420 15172773 3397020
15152367 3512580 15153849 3513180
15163653 3429060 15165249 3429660
15164223 3369060 15165249 3369660
15167415 3358980 15168441 3359580
15163311 3486180 15164109 3486780
15153051 3532740 15153621 3533340
15166503 3447300 15167529 3447900
15158067 3565860 15158637 3566460
15151455 3605700 15152481 3606300
15157155 3542340 15157725 3542940
15170151 3394500 15171405 3395100
15162171 3384900 15162741 3385500
15146781 3540420 15148263 3541020
15148263 3381540 15148833 3382140
15173115 3501540 15173913 3502140
15161259 3560100 15161829 3560700
15159435 3600420 15160233 3601020
15183831 3389220 15184059 3389820
15152823 3365220 15153849 3365820
15161031 3489540 15162057 3490140
15148947 3498180 15149517 3499260
15151227 3380580 15152481 3381180
15151911 3405540 15152937 3406140
15183603 3371940 15184059 3372540
15466095 3410820 15468375 3411420
15161829 3529860 15162285 3530460
15153279 3556740 15154077 3557340
15156015 3380580 15156813 3381180
15172203 3523140 15172773 3523740
15170607 3572100 15171177 3572700
15156471 3460740 15157041 3461340
15154875 3461700 15155901 3462300
15161943 3532740 15162513 3533340
15154077 3431460 15154305 3432060
15153735 3528900 15154305 3529500
15158523 3504900 15159549 3505500
15162399 3533700 15163197 3534300
15159663 3571140 15160233 3571740
15152595 3474180 15153165 3474780
15164907 3492900 15165705 3493500
15157383 3439620 15158181 3440220
15153621 3529860 15153849 3530460
15164223 3528900 15164565 3529500
15156471 3406020 15157041 3406620
15162855 3392100 15163083 3392700
15156699 3539940 15157269 3540540
15170835 3412260 15171633 3412860
15163767 3549060 15164337 3549660
15159663 3383940 15160689 3384540
15164679 3498180 15165249 3498780
15164223 3386820 15164793 3387420
15158523 3483300 15159093 3483900
15158751 3505860 15159777 3506460
15466779 3436740 15467007 3437340
15182463 3386340 15183489 3386940
15155787 3434820 15156243 3435420
15194547 3423300 15198651 3423900
15176535 3559140 15183945 3559740
15162855 3480900 15163425 3481500
15157839 3420420 15158637 3421020
15154647 3363300 15155445 3363900
15161487 3538500 15162057 3539100
15165135 3355140 15166617 3356700
15154305 3374340 15154989 3374940
15153735 3469380 15154761 3469980
15164679 3600900 15165249 3601500
15157155 3564420 15157725 3565020
15166959 3512100 15167529 3512700
15271155 3609060 15296805 3609660
15157041 3512100 15157497 3512700
15458685 3573060 15459369 3573660
15183375 3390180 15185427 3390780
15165135 3542340 15166617 3543900
15149061 3589380 15149289 3589980
15154533 3356100 15154989 3356700
15159435 3376260 15160005 3376860
15156015 3360900 15157041 3361500
15150429 3564900 15150657 3565500
15157611 3545700 15158181 3546300
15151455 3465540 15152025 3466140
15149517 3503460 15150201 3504060
15149859 3349860 15150657 3350460
15196371 3556740 15198651 3557340
15152595 3575940 15154761 3577020
15162855 3586500 15163995 3587100
15149403 3559620 15149973 3560220
15156357 3514500 15156585 3515100
15183375 3456420 15185427 3457020
15468147 3436740 15468375 3437340
15173457 3390660 15174027 3391740
15183375 3519780 15185427 3520380
15168783 3461220 15169353 3461820
15183375 3569700 15184059 3570300
15161031 3491940 15162057 3492540
15146781 3555300 15150543 3555900
15165021 3553860 15165249 3554460
15165135 3411780 15166617 3413340
15227493 3470820 15242085 3501180
15162627 3435300 15163311 3435900
15164223 3469860 15166161 3470460
15150315 3425220 15150885 3425820
15167643 3508740 15168669 3509340
15183603 3444900 15184059 3445500
15151683 3528420 15152253 3529020
15298401 3609060 15327699 3609660
15159663 3482820 15160233 3483420
15159891 3504900 15160461 3505500
15156471 3498660 15157041 3499260
15166503 3385860 15166845 3386460
15149175 3370980 15149745 3371580
15183375 3488100 15184059 3488700
15196371 3374340 15198651 3374940
15183945 3378660 15192723 3379260
15152823 3445380 15153393 3446460
15166047 3532260 15166617 3532860
15166047 3553380 15166617 3553980
15168669 3487140 15169353 3487740
15148491 3469380 15149517 3469980
15166503 3571140 15170265 3571740
15156927 3494340 15157497 3494940
15146781 3396900 15148719 3398460
15162171 3478980 15163197 3479580
15194319 3409860 15198081 3410460
15151683 3431940 15152253 3432540
15159891 3357060 15160461 3357660
15159891 3536580 15160347 3537180
15161259 3502980 15161601 3503580
15152367 3360420 15152937 3361020
15165135 3396900 15166161 3397500
15164109 3572100 15164565 3572700
15165135 3419460 15166617 3420060
15159435 3534180 15159663 3534780
15198423 3496260 15198651 3496860
15197967 3430020 15198651 3430620
15159435 3602820 15159891 3603420
15157383 3391620 15158751 3392220
15159663 3577860 15160689 3578460
15159435 3525060 15160005 3525660
15153735 3549060 15154305 3550140
15183375 3392100 15184059 3392700
15164223 3391620 15165249 3392220
15154305 3535620 15154875 3536220
15198195 3406980 15198651 3407580
15173799 3489060 15174369 3489660
15171747 3526980 15171975 3527580
15157155 3499620 15157383 3500220
15458685 3410820 15459483 3411420
15176307 3520260 15176877 3520860
15169011 3522180 15169353 3522780
15440445 3410820 15455151 3411420
15156699 3416580 15157269 3417180
15151683 3566340 15153621 3566940
15155103 3506340 15155787 3506940
15170151 3381060 15170721 3382140
15166503 3393540 15166845 3394140
15157155 3421380 15157725 3422460
15183375 3419940 15184059 3420540
15164109 3557700 15164565 3558300
15152367 3478020 15152937 3478620
15298401 3470820 15334995 3501180
15198423 3351300 15198651 3352860
15167187 3414660 15167985 3415260
15198423 3399300 15198651 3399900
15149859 3496740 15150201 3497340
15158979 3381060 15159663 3381660
15153051 3482820 15153621 3483420
15157269 3459300 15157497 3459900
15198195 3378180 15198651 3378780
15146781 3450180 15150543 3450780
15198195 3482820 15198651 3483420
15153051 3411300 15153621 3411900
15152367 3502500 15152937 3503100
15162627 3474180 15162855 3474780
15183831 3451620 15184059 3452220
15176079 3393060 15183489 3393660
15161487 3498180 15162057 3498780
15198195 3581700 15198651 3582300
15165135 3562500 15166617 3563100
15165135 3352260 15166617 3352860
15168783 3542820 15169353 3543420
15183603 3363300 15184059 3363900
15164907 3424260 15165249 3424860
15164223 3474660 15166161 3475260
15165135 3516420 15166617 3517020
15154647 3603780 15155217 3604380
15198195 3497220 15198651 3497820
15240261 3609060 15242085 3609660
15149061 3550020 15149517 3550620
15165819 3599460 15180525 3600060
15165135 3448260 15166617 3449820
15165135 3472260 15166617 3472860
15227493 3609060 15238551 3609660
15152823 3471300 15154191 3471900
15459939 3573060 15464613 3573660
15152139 3499620 15152481 3500220
15148491 3517380 15149517 3517980
15164679 3593220 15165249 3593820
15155673 3525060 15156357 3525660
15165135 3494340 15166617 3494940
15170607 3559140 15171177 3559740
15175623 3387780 15176649 3388380
15166503 3589380 15167073 3589980
15183375 3568740 15185427 3569340
15146781 3608100 15148719 3608700
15150315 3606660 15150885 3607260
15165135 3450180 15166617 3450780
15146781 3503460 15148719 3504060
15197967 3488580 15198651 3489180
15183831 3450660 15184059 3451260
15157155 3411780 15157497 3412380
15183375 3436260 15184059 3436860
15158979 3393540 15159549 3394140
15183717 3391140 15184059 3391740
15153051 3580740 15153621 3581340
15150771 3553860 15151797 3554460
15166503 3608580 15181209 3609180
15440445 3573060 15455151 3573660
15166503 3519300 15167073 3519900
15183375 3372900 15184059 3373500
15163767 3359940 15164337 3360540
15159663 3435780 15160005 3436380
15164907 3420420 15165249 3421020
15150087 3575940 15152025 3576540
15198309 3368580 15198651 3369180
15149859 3392100 15150885 3392700
15159321 3526980 15159777 3527580
15146781 3440580 15150543 3441180
15183603 3347940 15184059 3348540
15158979 3537540 15159549 3538140
15197967 3462660 15198651 3463260
15148491 3594180 15149061 3594780
15159891 3607140 15160233 3607740
15150771 3433860 15151341 3434460
15169809 3377220 15170265 3377820
15198081 3506820 15198651 3507420
15152367 3470340 15152709 3470940
15157839 3590340 15158409 3590940
15183603 3458340 15184059 3458940
15166503 3520260 15167073 3520860
15149061 3516420 15149517 3517020
15165135 3536580 15166617 3537180
15194889 3524100 15198651 3524700
15183375 3348900 15184059 3349500
15163995 3420420 15164337 3421020
15183603 3589860 15184059 3590460
15183945 3508260 15192723 3508860
15150543 3605700 15150885 3606300
15166503 3460740 15167073 3461340
15160803 3440100 15161145 3440700
15175965 3540900 15183375 3541500
15157839 3487620 15158067 3488220
