G5:
15152595 3548100 15153393 3549180
15153279 3552900 15154077 3553980
15148605 3547140 15150201 3548220
15183945 3529380 15192723 3529980
15164907 3434340 15183261 3434940
15167643 3468420 15169353 3469020
15163995 3394500 15165249 3395100
15163083 3543300 15164565 3543900
15162399 3568260 15163653 3568860
15148149 3351780 15149517 3352380
15167415 3394020 15182121 3394620
15158751 3444900 15161145 3445500
15160233 3555780 15162057 3556860
15163767 3367620 15165249 3368220
15155559 3566340 15157269 3566940
15149859 3587940 15151341 3588540
15164223 3407940 15166617 3408540
15150543 3594180 15151797 3594780
15164223 3597060 15166617 3597660
15150543 3349860 15152025 3350460
15151683 3452100 15152937 3452700
15152139 3559140 15153849 3559740
15169011 3586500 15183717 3587100
15178131 3456900 15192837 3457500
15166503 3368580 15169353 3369180
15163767 3360420 15178473 3361020
15171063 3572100 15185769 3572700
15148149 3501540 15149517 3502140
15170151 3552900 15184857 3553500
15151683 3607140 15155445 3607740
15183375 3462660 15198081 3463260
15173571 3530340 15180981 3530940
15165135 3588900 15172545 3589500
15149859 3408420 15152709 3409020
15166503 3356100 15181209 3356700
15163767 3591780 15165021 3592380
15169695 3448260 15184401 3448860
15152823 3387780 15153963 3388860
15168099 3350820 15182805 3351420
15164223 3520740 15165477 3521340
15149859 3551460 15153621 3552060
15162855 3351780 15170265 3352380
15158523 3524580 15162285 3525180
15176991 3418500 15191697 3419100
15182463 3577380 15184059 3577980
15149859 3505380 15152709 3505980
15182463 3491940 15184059 3492540
15166503 3419460 15181209 3420060
15165135 3461220 15168897 3461820
15160575 3349860 15164337 3350460
15165135 3512580 15173913 3513180
15176991 3538500 15191697 3539100
15168441 3466500 15183147 3467100
15158295 3438660 15162057 3439260
15161487 3574020 15165249 3574620
15170493 3531300 15171633 3531900
15168099 3556740 15169125 3557820
15165135 3464580 15166617 3465180
15157839 3440100 15158637 3440700
15154191 3590340 15156129 3590940
15155901 3416580 15156813 3417180
15166503 3534660 15169353 3535260
15172203 3591780 15173001 3592380
15150315 3607140 15151113 3607740
15171747 3380100 15186453 3380700
15164109 3590820 15167871 3591420
15154305 3370500 15156243 3371100
15162171 3602820 15164337 3603900
15167415 3490980 15167985 3491580
15156813 3401220 15160575 3401820
15162627 3483300 15163881 3483900
15181095 3544260 15195801 3544860
15150315 3388260 15152253 3388860
15166503 3405060 15169353 3405660
15153051 3600900 15154647 3601980
15167415 3541380 15168213 3541980
15182691 3510180 15183717 3510780
15182691 3408420 15183717 3409020
15157155 3388740 15157953 3389340
15157839 3543300 15159777 3543900
15158181 3382020 15159093 3382620
15162627 3454500 15164565 3455100
15160917 3570180 15162057 3570780
15156699 3570660 15157497 3571260
15158979 3551460 15159549 3552060
15156129 3418980 15157041 3419580
15158067 3404580 15159093 3405180
15159891 3433380 15160233 3433980
15185541 3557700 15192951 3558300
15153279 3490500 15154533 3491100
15152139 3545220 15154761 3546300
15149175 3445860 15152937 3446460
15175167 3408900 15175623 3409500
15165135 3403620 15167073 3404220
15148149 3509220 15149175 3509820
15183147 3409380 15184059 3409980
15175509 3526500 15182919 3527100
15153279 3418980 15154419 3419580
15163881 3552420 15167643 3553020
15180411 3476580 15182349 3477180
15150087 3418500 15150885 3419100
15154647 3377700 15157497 3378300
15148491 3525060 15149517 3525660
15166959 3456900 15167529 3457500
15161031 3458820 15162057 3459420
15166959 3528900 15169125 3529980
15155559 3441060 15157497 3441660
15150771 3459300 15151911 3459900
15171519 3357060 15186225 3357660
15162741 3539460 15164337 3540540
15152139 3597060 15153165 3597660
15150771 3572100 15151797 3572700
15157383 3587460 15159549 3588540
15173343 3522180 15174141 3522780
15166503 3463620 15167529 3464220
15167187 3524100 15168783 3525180
15153279 3494820 15154533 3495420
15166731 3482340 15181437 3482940
15169809 3390180 15170037 3390780
15164223 3497220 15165249 3497820
15180867 3591780 15183717 3592380
15165135 3418020 15167073 3418620
15163083 3383940 15165021 3384540
15157383 3545220 15158865 3545820
15159207 3586500 15159777 3587100
15170607 3541380 15171633 3541980
15150315 3518340 15152481 3519420
15158979 3448740 15159435 3449340
15169695 3558660 15170721 3559740
15169011 3525540 15169809 3526140
15169695 3375780 15170151 3376380
15167871 3514500 15168213 3515100
15150429 3442500 15151113 3443580
15149973 3522180 15150657 3522780
15169923 3557700 15171063 3558300
15149859 3380100 15152709 3380700
15155103 3510660 15156129 3511260
15166503 3457860 15167187 3458940
15156357 3517860 15157269 3518460
15168669 3507780 15169125 3508380
15163083 3588900 15164109 3589500
15157155 3372900 15160917 3373500
15182691 3562980 15183717 3563580
15161715 3471780 15162741 3472380
15166959 3491940 15167985 3492540
15167415 3399780 15167985 3400380
15171633 3510660 15173229 3511740
15155217 3497220 15156813 3498300
15153051 3429060 15154647 3430140
15169695 3490500 15171291 3491580
15160119 3508740 15161715 3509820
15157839 3483780 15159777 3484380
15160803 3433860 15161943 3434460
15170607 3376740 15171063 3377340
15171519 3397860 15172545 3398460
15152595 3503940 15154761 3505020
15174825 3457380 15176763 3457980
15164223 3514500 15165249 3515100
15167415 3388740 15168441 3389340
15171747 3540420 15173685 3541500
15160461 3578820 15162057 3579900
15163083 3491940 15164337 3492540
15169923 3407940 15170949 3408540
15152823 3361860 15154761 3362940
15158979 3470340 15160005 3470940
15163083 3447780 15164223 3448380
15152937 3378180 15154533 3379260
15167187 3375300 15167643 3375900
15158751 3595620 15159549 3596220
15158523 3365700 15159093 3366300
15161259 3484740 15162285 3485340
15160347 3601380 15161373 3601980
15171975 3384900 15172431 3385500
15157155 3562500 15157839 3563580
15157953 3352260 15162057 3352860
15170037 3427140 15195687 3427740
15157839 3495300 15159435 3496380
15148149 3360420 15151911 3361020
15155103 3576900 15157269 3577980
15153051 3413220 15154077 3413820
15162171 3504900 15164337 3505980
15154647 3540420 15155331 3541500
15152367 3572100 15154305 3572700
15169239 3362340 15170265 3362940
15153051 3371460 15154647 3372540
15165135 3583620 15173913 3584220
15151455 3477060 15152253 3477660
15164223 3593220 15164793 3593820
15154875 3523140 15157041 3524220
15154875 3567300 15157041 3568380
15153051 3427140 15154647 3428220
15154191 3591300 15155217 3591900
15157953 3478020 15159549 3478620
15150087 3364740 15152253 3365820
15155331 3379140 15156927 3380220
15150087 3475140 15152253 3476220
15159663 3474180 15161259 3475260
15153165 3354180 15154761 3355260
15173115 3404100 15173685 3404700
15164223 3524580 15164565 3525180
15152367 3365700 15153393 3366300
15167643 3548100 15168783 3548700
15158523 3425220 15159549 3425820
15169467 3472260 15171633 3473340
15159435 3430500 15160461 3431100
15157383 3519300 15159549 3520380
15151455 3544260 15152481 3544860
15159891 3560580 15162057 3561660
15164223 3455460 15165021 3456060
15170607 3510180 15170949 3510780
15167643 3489540 15169125 3490140
15154875 3598020 15157041 3599100
15153165 3467460 15154761 3468540
15152595 3526980 15154077 3527580
15159663 3522180 15161829 3523260
15161031 3566340 15162057 3566940
15167529 3373380 15169125 3374460
15150087 3463620 15152253 3464700
15154191 3508740 15155787 3509820
15169239 3403620 15170379 3404220
15157383 3467460 15159549 3468540
15151227 3378180 15152253 3378780
15155217 3433860 15156813 3434940
15196257 3414180 15198651 3415740
15166959 3387780 15167415 3388380
15164451 3390660 15165249 3391260
15159207 3400260 15162969 3400860
15169011 3485220 15169809 3485820
15169239 3382980 15171405 3384060
15174255 3507780 15176421 3508860
15169125 3535620 15170721 3536700
15159435 3477060 15161943 3477660
15174255 3525540 15175395 3526140
15174027 3514500 15176193 3515580
15160347 3366180 15161373 3366780
15181095 3437700 15195801 3438300
15174483 3539940 15174825 3540540
15174027 3385860 15176193 3386940
15160119 3473220 15161259 3473820
15162171 3370980 15163197 3371580
15152595 3522180 15154761 3523260
15173457 3492900 15173913 3493500
15152595 3409860 15154761 3410940
15161943 3359940 15162513 3360540
15159321 3512580 15163425 3513180
15159663 3453060 15161829 3454140
15169011 3516420 15198309 3517020
15157383 3501060 15159549 3502140
15157155 3475140 15158865 3475740
15174483 3541380 15175053 3541980
15151341 3603780 15152481 3604380
15152823 3461700 15154419 3462780
15155103 3400740 15156129 3401340
15155331 3361860 15156927 3362940
15166959 3398820 15168099 3399420
15158979 3516420 15160575 3517500
15162741 3474180 15164337 3475260
15155787 3430500 15156129 3431100
15152139 3542820 15153165 3543420
15151455 3539460 15152481 3540060
15153051 3590820 15154077 3591420
15153051 3407460 15153393 3408060
15298401 3409380 15334995 3439740
15154875 3459780 15157041 3460860
15150087 3480900 15152253 3481980
15158295 3455940 15159093 3456540
15152595 3468900 15153621 3469500
15155103 3583620 15157269 3584700
15150087 3419460 15152253 3420540
15158067 3583140 15158637 3583740
15155331 3381060 15156927 3382140
15152709 3538020 15153165 3538620
15156699 3588900 15157725 3589500
15157155 3462660 15157953 3463260
15171063 3506820 15172659 3507900
15155103 3388260 15156129 3388860
15155217 3502020 15156813 3503100
15158979 3395460 15160575 3396540
15164223 3556740 15165249 3557340
15162741 3523140 15164337 3524220
15169695 3473700 15170493 3474300
15162171 3364740 15164109 3365820
15150087 3358020 15152253 3359100
15157155 3546660 15157953 3547260
15153735 3602340 15154761 3602940
15167643 3376260 15168099 3376860
15153735 3529860 15154305 3530460
15155331 3515460 15156357 3516060
15154419 3349860 15155445 3350460
15153507 3536580 15154533 3537180
15176535 3502020 15178701 3503100
15162057 3375300 15163653 3376380
15159891 3435780 15162057 3436860
15175851 3473220 15197853 3473820
15158979 3577860 15159777 3578460
15159891 3582660 15160917 3583260
15156015 3509700 15156813 3510300
15164223 3529380 15165249 3529980
15154875 3355140 15157041 3356220
15163083 3508740 15163881 3509340
15158523 3456900 15159321 3457500
15170151 3571140 15170607 3571740
15171405 3501060 15171747 3501660
15167415 3480900 15169011 3481980
15152823 3483300 15153849 3483900
15157041 3480900 15157725 3481980
15169581 3520740 15169809 3521340
15166503 3455940 15195801 3456540
15166503 3570180 15195801 3570780
15159891 3497220 15162057 3498300
15162171 3467460 15164337 3468540
15171747 3521220 15172773 3521820
15161943 3462660 15162969 3463260
15161487 3348900 15183489 3349500
15155103 3531780 15156699 3532860
15160803 3586020 15161373 3586620
15159663 3460260 15160689 3460860
15152937 3382980 15154533 3384060
15155673 3405060 15157269 3406140
15157725 3591300 15159321 3592380
15155331 3426180 15156927 3427260
15162399 3550500 15163425 3551100
15150087 3428100 15150885 3428700
15155217 3422340 15156813 3423420
15158523 3581220 15159321 3581820
15176307 3532260 15176877 3532860
15155331 3578820 15156927 3579900
15169239 3542340 15171405 3543420
15172659 3392580 15173685 3393180
15150087 3499140 15152253 3500220
15149859 3426660 15152709 3427260
15157839 3566820 15158181 3567420
15158067 3381060 15159093 3381660
15154989 3406020 15155217 3406620
15183945 3520740 15192723 3522300
15157383 3374340 15158409 3374940
15148491 3418980 15149517 3419580
15157725 3553860 15165135 3554460
15161259 3395460 15162057 3396060
15163653 3503460 15164337 3504060
15159891 3592260 15161487 3593340
15168099 3491460 15169125 3492060
15151683 3495300 15152481 3495900
15149859 3354180 15150429 3354780
15148149 3592740 15151911 3593340
15155331 3538500 15156927 3539580
15151455 3519780 15152481 3520380
15171519 3543300 15172089 3543900
15171747 3489540 15172317 3490140
15159435 3386820 15162057 3387900
15152595 3470340 15154761 3471420
15163767 3555300 15164907 3555900
15157953 3487620 15159549 3488700
15155103 3428100 15157269 3429180
15172317 3534660 15173913 3535740
15146781 3350340 15148263 3350940
15160119 3370500 15160689 3371100
15167529 3494340 15169125 3495420
15162171 3557700 15162741 3558780
15152367 3601860 15152937 3602460
15158067 3549540 15158409 3550140
15157839 3528900 15159435 3529980
15167415 3397860 15168441 3398460
15162171 3481860 15164337 3482940
15155331 3601860 15156927 3602940
15157155 3556260 15157725 3556860
15152595 3567300 15154761 3568380
15153051 3472260 15154647 3473340
15158181 3465540 15158865 3466620
15173343 3478020 15173913 3478620
15162741 3488580 15164337 3489660
15173343 3536100 15173913 3536700
15154875 3366180 15155901 3366780
15153051 3583620 15153621 3584220
15153735 3534660 15154761 3535260
15169011 3497220 15198309 3497820
15153507 3499140 15155787 3499740
15171291 3477060 15171861 3478140
15157383 3457860 15159549 3458940
15171405 3479940 15197055 3480540
15149859 3436260 15150429 3436860
15165135 3574980 15166617 3576540
15167871 3349860 15168213 3350460
15157155 3528420 15157725 3529020
15146781 3569220 15148263 3569820
15183945 3559140 15192723 3560700
15151911 3577860 15152481 3578460
15162741 3406020 15164337 3407100
15152595 3430500 15153165 3431100
15167187 3518340 15167757 3518940
15163083 3595620 15164109 3596220
15153735 3539460 15154761 3540060
15149403 3424740 15149973 3425340
15152139 3457860 15152709 3458940
15174939 3524580 15175965 3525180
15148149 3537060 15150429 3537660
15160803 3384900 15161601 3385500
15173799 3440580 15176649 3441180
15150885 3584580 15152481 3585660
15153963 3487620 15154761 3488220
15166503 3532260 15172089 3532860
15164907 3420900 15172317 3421500
15173343 3397380 15174939 3398460
15167529 3371460 15169125 3372540
15153735 3466500 15154533 3467100
15166275 3383460 15166845 3384060
15165135 3564420 15166617 3565980
15153051 3367140 15153735 3367740
15160119 3487620 15161715 3488700
15148947 3465540 15149973 3466140
15169809 3492420 15171405 3493500
15161601 3478500 15162285 3479100
15151455 3461700 15152253 3462300
15160119 3571140 15160917 3571740
15164451 3492900 15165021 3493500
15168099 3469380 15197397 3469980
15162513 3432900 15164109 3433980
15153735 3595620 15154761 3596220
15169239 3374820 15169809 3375420
15169239 3451140 15183945 3451740
15157155 3456420 15157725 3457020
15150885 3472260 15151569 3472860
15150087 3586500 15153849 3587100
15146781 3378660 15149061 3379260
15148149 3376740 15151911 3377340
15161943 3391620 15162969 3392220
15155103 3555780 15156699 3556860
15157839 3574980 15158637 3575580
15148263 3438180 15148833 3438780
15174597 3392580 15176193 3393660
15152139 3541860 15154077 3542460
15148491 3497220 15152253 3497820
15159435 3588900 15161373 3589500
15161943 3506820 15162969 3507420
15162627 3537060 15164565 3537660
15154647 3373380 15155217 3373980
15172089 3405060 15173685 3406140
15161943 3429540 15162513 3430140
15173799 3444420 15197625 3445020
15166731 3520740 15167301 3521340
15159663 3379140 15160689 3379740
15166503 3486660 15166959 3487260
15155331 3569220 15159093 3569820
15151569 3436260 15153507 3436860
15170379 3520260 15170949 3520860
15173799 3486660 15174369 3487260
15156015 3463620 15157155 3464220
15154647 3473700 15156585 3474300
15156015 3539940 15156813 3540540
15156927 3599460 15158865 3600060
15154647 3478980 15158409 3479580
15157041 3488580 15157497 3489180
15151227 3384420 15152253 3385020
15164907 3366180 15165705 3366780
15298401 3378660 15334995 3409020
15166503 3426180 15195801 3426780
15154989 3528900 15156585 3529980
15171975 3390660 15173571 3391740
15166047 3493860 15166845 3494460
15151455 3375300 15152481 3375900
15168555 3358020 15170151 3359100
15155103 3375300 15156699 3376380
15167871 3566340 15197169 3566940
15198081 3366180 15198651 3367740
15148491 3590340 15149289 3590940
15173343 3369540 15197169 3370140
15170607 3546660 15178017 3547260
15150087 3456900 15151113 3457500
15162399 3517380 15162855 3517980
15158067 3509700 15159093 3510300
15164223 3506340 15167985 3506940
15160803 3608100 15182805 3608700
15150315 3356580 15157725 3357180
15176307 3513060 15184059 3513660
15161487 3380100 15165249 3380700
15173799 3382980 15174597 3383580
15156471 3514500 15157041 3515100
15161031 3575940 15161601 3576540
15153051 3513060 15153621 3513660
15146781 3400260 15150885 3400860
15146781 3575940 15148263 3576540
15169695 3494820 15170721 3495420
15173799 3476100 15174369 3476700
15169011 3533700 15170037 3534300
15151683 3516420 15152481 3517020
15158409 3388260 15158865 3388860
15166503 3547140 15170265 3547740
15155331 3503940 15155787 3504540
15159435 3500100 15163197 3500700
15160575 3360900 15162285 3361500
15170835 3528420 15171633 3529020
15151911 3549060 15152481 3550140
15153165 3351300 15154761 3352380
15176307 3392100 15177105 3392700
15167871 3496740 15168897 3497340
15146781 3392580 15150885 3393180
15162741 3469380 15164337 3470460
15146781 3362340 15150543 3362940
15162399 3381060 15163995 3382140
15165135 3538500 15166617 3539100
15151113 3432420 15151569 3433020
15166503 3467460 15166845 3468060
15148149 3540900 15152823 3541500
15171063 3513540 15172203 3514140
15158523 3356580 15162285 3357180
15173457 3529380 15180867 3529980
15150087 3529860 15150657 3530460
15155559 3511620 15157155 3512700
15154875 3423780 15155901 3424380
15149175 3542340 15150201 3542940
15176079 3488580 15198081 3489180
15157611 3454500 15158409 3455100
15161487 3571620 15162057 3572220
15157611 3598020 15158181 3598620
15172545 3509700 15173001 3510300
15146781 3393540 15150885 3394140
15167643 3354660 15182349 3355260
15161259 3369540 15165021 3370140
15164109 3457380 15164793 3457980
15156015 3604260 15156585 3604860
15298401 3501540 15334995 3531900
15152367 3404100 15156129 3404700
15154647 3358980 15155445 3359580
15160575 3489540 15161145 3490140
15167415 3472260 15169011 3473340
15180639 3447300 15195345 3447900
15157611 3490980 15158751 3491580
15165135 3482820 15166617 3484380
15158751 3486660 15164337 3487260
15167415 3473700 15169353 3474300
15181095 3599940 15195801 3600540
15155103 3495300 15157041 3495900
15163995 3500100 15164565 3501180
15176079 3493380 15190785 3494940
15189075 3517380 15198309 3517980
15160461 3393540 15162057 3394620
15148149 3527940 15149175 3528540
15161259 3539460 15161829 3540060
15192609 3393060 15198195 3393660
15153735 3597060 15154761 3597660
15164793 3502980 15166617 3503580
15165135 3438660 15166617 3440220
15151227 3454980 15151797 3455580
15148149 3599940 15150201 3600540
15159891 3409380 15167301 3409980
15178245 3453060 15192951 3453660
15156585 3564420 15157269 3565020
15166503 3358980 15167073 3359580
15154191 3525060 15155787 3526140
15161145 3580260 15164907 3580860
15151911 3555300 15152937 3555900
15169011 3552420 15169581 3553020
15161259 3475620 15163197 3476220
15149061 3588900 15149859 3589500
15155331 3491460 15157269 3492060
15174597 3420900 15174825 3421500
15149631 3507780 15155217 3508380
15152823 3484260 15153849 3484860
15160575 3518340 15161145 3518940
15181095 3598020 15195801 3599580
15165135 3375300 15166617 3375900
15166503 3453060 15170265 3453660
15198081 3519780 15198651 3521340
15169125 3513540 15170721 3514620
15173913 3390660 15175509 3391740
15171405 3487620 15172089 3488220
15152823 3573060 15153393 3573660
15156243 3483780 15157269 3484380
15151911 3391140 15152481 3391740
15298401 3562980 15334995 3593340
15161943 3510660 15163881 3511260
15167871 3515460 15171633 3516060
15148149 3492900 15150201 3493500
15164907 3376260 15166617 3376860
15155217 3492420 15156813 3493500
15166503 3435780 15195801 3437340
15148491 3484740 15150429 3485340
15152367 3399780 15153051 3400380
15155103 3550020 15156129 3550620
15152709 3454020 15154305 3455100
15146781 3434340 15152367 3434940
15151455 3413700 15152025 3414300
15158181 3526500 15161943 3527100
15148149 3502980 15150201 3503580
15169011 3498660 15169581 3499260
15162171 3549060 15162513 3549660
15168555 3590820 15169125 3591420
15183375 3421860 15184059 3422460
15160347 3587940 15162285 3588540
15172659 3523140 15198309 3523740
15156585 3376740 15156813 3377340
15157383 3533700 15159549 3534780
15154647 3527940 15154989 3528540
15162855 3532740 15163425 3533340
15298401 3593700 15334995 3608700
15152367 3479940 15154305 3480540
15175623 3534180 15183033 3534780
15163083 3527940 15163425 3528540
15152139 3431940 15155901 3432540
15161829 3461700 15162285 3462300
15150771 3479940 15151341 3480540
15159435 3378180 15160005 3378780
15164223 3466020 15167985 3466620
15154647 3506340 15155217 3506940
15165135 3606660 15173913 3607260
15161943 3598500 15165705 3599100
15148149 3373380 15151911 3373980
15164907 3599940 15166617 3600540
15171519 3529860 15172203 3530460
15166503 3430980 15195801 3432540
15169239 3446340 15198537 3446940
15169125 3505380 15170265 3505980
15160803 3542340 15162741 3542940
15160803 3382020 15161373 3382620
15161715 3479940 15162741 3480540
15148149 3467940 15149175 3468540
15170037 3399300 15171633 3400380
15158295 3594180 15162057 3594780
15152139 3417540 15155901 3418140
15149859 3421860 15151797 3422460
15146781 3577860 15150543 3578460
15164223 3540900 15164793 3541500
15176307 3386820 15191013 3387420
15158067 3604260 15158637 3604860
15160119 3493380 15162057 3493980
15165591 3501540 15169353 3502140
15152595 3391620 15153165 3392220
15164907 3491460 15166617 3492060
15182121 3375300 15196827 3375900
15149061 3586980 15149517 3587580
15157383 3396420 15158409 3397020
15157155 3499140 15157383 3499740
15151911 3478980 15152481 3479580
15152139 3421380 15154077 3421980
15158751 3422820 15166161 3423420
15175623 3388740 15176193 3389340
15146781 3470820 15150885 3471420
15158979 3502980 15159549 3503580
15159891 3392580 15160917 3393180
15164679 3397380 15165249 3398460
15162627 3439140 15163197 3439740
15151683 3399780 15152139 3400380
15154419 3514980 15154989 3515580
15152595 3422340 15155103 3422940
15155331 3470340 15155901 3470940
15171291 3402660 15182349 3403260
15169011 3440580 15169581 3441180
15154419 3581700 15155103 3582300
15166161 3397860 15166845 3398460
15159207 3562980 15166617 3563580
15148947 3431940 15149517 3432540
15150429 3409860 15151113 3410460
15167529 3478020 15169125 3479100
15158295 3464580 15162057 3465180
15169011 3398340 15170037 3398940
15160347 3598020 15160575 3598620
15153621 3527940 15153849 3528540
15169125 3500580 15169809 3501180
15156813 3485220 15160575 3485820
15148149 3358980 15148377 3359580
15164907 3537540 15166617 3538140
15198195 3373380 15198651 3373980
15163083 3460740 15163425 3461340
15153849 3402660 15161259 3403260
15168555 3465540 15197853 3466140
15154419 3464580 15156357 3465180
15172659 3441540 15198309 3442140
15166047 3469860 15167073 3470460
15183945 3487140 15185427 3487740
15159435 3599940 15163197 3600540
15158523 3565860 15159549 3566460
15153051 3396420 15153279 3397020
15167187 3488580 15167757 3489180
15177447 3428100 15184857 3428700
15167301 3580740 15196599 3581340
15146781 3449700 15157839 3450300
15169011 3388740 15173685 3389340
15171063 3521700 15171633 3522300
15150999 3348900 15154761 3349500
15150771 3454020 15151113 3454620
15156243 3527940 15156813 3528540
15165135 3518340 15166617 3518940
15165135 3600900 15166617 3601500
15168669 3537060 15169353 3537660
15158523 3358980 15160461 3359580
15151455 3465060 15152481 3465660
15176307 3537540 15191013 3538140
15169011 3589860 15183717 3590460
15158181 3552420 15158637 3553020
15159891 3390660 15160917 3391260
15156243 3513540 15157269 3514140
15146781 3521220 15150543 3521820
15165363 3395940 15172773 3396540
15150315 3478980 15150885 3479580
15159663 3455940 15161829 3457020
15168555 3508740 15172317 3509340
15181095 3561540 15195801 3562140
15169011 3560100 15183717 3560700
15157155 3416580 15157725 3417180
15170835 3498660 15178245 3499260
15146781 3580260 15157839 3580860
15162855 3571140 15165249 3571740
15152139 3353220 15157725 3353820
15166503 3540420 15166845 3541020
15159891 3471300 15160917 3471900
15159435 3410340 15174141 3410940
15160575 3446340 15164337 3446940
15157611 3389700 15165021 3390300
15158979 3602820 15159549 3603420
15183831 3351780 15184059 3352380
15158409 3406500 15162171 3407100
15150429 3389700 15150657 3390300
15164907 3507780 15166617 3508380
15156813 3397860 15157383 3398460
15169011 3458340 15183717 3458940
15156471 3442020 15171177 3442620
15198081 3571620 15198651 3573180
15154191 3455460 15155217 3456060
15153507 3375300 15154533 3375900
15150543 3564900 15151113 3565500
15155331 3360420 15159093 3361020
15169695 3445380 15195345 3445980
15160119 3576420 15160461 3577020
15167643 3377700 15168669 3378300
15164109 3558180 15164565 3558780
15167757 3550020 15175167 3550620
15152367 3599940 15152937 3600540
15154191 3501540 15154761 3502140
15159435 3559620 15163197 3560220
15156927 3438180 15157497 3438780
15165135 3478020 15166617 3478620
15298401 3532260 15334995 3562620
15159435 3576900 15160005 3577500
15167415 3540420 15169353 3541020
15157155 3504420 15160917 3505020
15154647 3489540 15158409 3490140
15165135 3479940 15166617 3480540
15146781 3462180 15150543 3462780
15153735 3414180 15161145 3414780
15150543 3387300 15151113 3387900
15146781 3382020 15152367 3382620
15149859 3582180 15153621 3582780
15152139 3520740 15155901 3521340
15153735 3368580 15155673 3369180
15168099 3464100 15182805 3464700
15164223 3392100 15171633 3392700
15197967 3372420 15198651 3373020
15164223 3485220 15167985 3485820
15162627 3494820 15162855 3495420
15148149 3369540 15151911 3370140
15176763 3515460 15191469 3516060
15165135 3430020 15166617 3430620
15159093 3426660 15162855 3427260
15166503 3595140 15195801 3595740
15165135 3603780 15166617 3604380
15177447 3388740 15192153 3389340
15156471 3469380 15160233 3469980
15148149 3473700 15151911 3474300
15161487 3565380 15162057 3565980
15188847 3476100 15196257 3476700
15153507 3598020 15154647 3598620
15164907 3478980 15166617 3479580
15165135 3399300 15166617 3400860
15156927 3486660 15157269 3487260
15165135 3373380 15166617 3374940
15152367 3501060 15153393 3501660
15159207 3398820 15159891 3399420
15160803 3382980 15161145 3383580
15165135 3587460 15166617 3588060
15146781 3397380 15150543 3397980
15164907 3378180 15166617 3378780
15165135 3350340 15166617 3350940
15164223 3401700 15166161 3403260
15156015 3349860 15156357 3350460
15166503 3593220 15195801 3594780
15149631 3488100 15153393 3488700
15154533 3437220 15161943 3437820
15152367 3592740 15154305 3593340
15156015 3608100 15159777 3608700
15146781 3421380 15147807 3421980
15153507 3363780 15155445 3364380
15181095 3478020 15195801 3478620
15298401 3440100 15334995 3470460
15148491 3363780 15152253 3364380
15146781 3430980 15150543 3431580
15164223 3542340 15164565 3542940
15167415 3508740 15167757 3509340
15154533 3560580 15158295 3561180
15152139 3515460 15152709 3516060
15165135 3544260 15166617 3545820
15165135 3542820 15168897 3543420
15159435 3359940 15161373 3360540
15161943 3396420 15162285 3397020
15178359 3505860 15193065 3506460
15166503 3573060 15181209 3573660
15151455 3502020 15152481 3502620
15165135 3560580 15166617 3562140
15152367 3605220 15152937 3605820
15152367 3385860 15152937 3386460
15190215 3382020 15197625 3383580
15170037 3363780 15195687 3364380
15188391 3366660 15195801 3367260
15155787 3409380 15159549 3409980
15466893 3436740 15467577 3437340
15164793 3381060 15166617 3381660
15156927 3424260 15158865 3424860
15166503 3382020 15170265 3382620
15156927 3363780 15160689 3364380
15159435 3511620 15161373 3512220
15148149 3512100 15151911 3512700
15165135 3568740 15172545 3569340
15148149 3532260 15151911 3532860
15158523 3403620 15159093 3404220
15164679 3470340 15165249 3470940
15153963 3500100 15157725 3500700
15152367 3575460 15156129 3576060
15155331 3479940 15160917 3480540
15165135 3526020 15166617 3527580
15153051 3561540 15153279 3562140
15162171 3576900 15164337 3577980
15160119 3498660 15167529 3499260
15160575 3538020 15164337 3538620
15166503 3471300 15167073 3471900
15167643 3414180 15182349 3414780
15152253 3433380 15152595 3433980
15146781 3519780 15150543 3520380
15146781 3460740 15154191 3461340
15166503 3602820 15195801 3603420
15148149 3503940 15151911 3504540
15149859 3371940 15150201 3372540
15146781 3558180 15150543 3558780
15157725 3540420 15158067 3541020
15151341 3554340 15151797 3554940
15146781 3487140 15150543 3487740
15169695 3454500 15177105 3455100
15157839 3417060 15172545 3417660
15146781 3406020 15154191 3406620
15174711 3412740 15175281 3413820
15165135 3576900 15166617 3577500
15165135 3490500 15166617 3491100
15160347 3547140 15164109 3547740
15160347 3530820 15164109 3531420
15157155 3357540 15160917 3358140
15165135 3524100 15166617 3524700
15158295 3505380 15162057 3505980
15154077 3448740 15157839 3449340
15169011 3467460 15183717 3468060
15146781 3550500 15150543 3551100
15155103 3390180 15155673 3390780
15154875 3468420 15155445 3469020
15167871 3564420 15197169 3565020
15157611 3564420 15160005 3565020
15158409 3394500 15159093 3395100
15150087 3466500 15150657 3467100
15149403 3428580 15149745 3429180
15156927 3415140 15171633 3415740
15153279 3451620 15164337 3452220
15168783 3445860 15169125 3446460
15148149 3498180 15148377 3498780
15148149 3573540 15151911 3574140
15161943 3552900 15162513 3553500
15164907 3363780 15166617 3364380
15164793 3473220 15166617 3473820
15174711 3382500 15175053 3383100
15176079 3500100 15183489 3500700
15175395 3539940 15182805 3540540
15176307 3449220 15191013 3449820
15169695 3486660 15173457 3487260
15148149 3466500 15149175 3467100
15161373 3589860 15163311 3590460
15166503 3388740 15166845 3389340
15179727 3502020 15194433 3502620
15155787 3585060 15157725 3585660
15151683 3525060 15152025 3525660
15164109 3586020 15167871 3586620
15150999 3562980 15154761 3563580
15160119 3605700 15160461 3606300
15161943 3528900 15162285 3529500
15146781 3411780 15154191 3412380
15156471 3431940 15163881 3432540
15169011 3378180 15198309 3378780
15157155 3507780 15157725 3508380
15161943 3383460 15162513 3384060
15146781 3403140 15150543 3403740
15464157 3436740 15466209 3437340
15153507 3480900 15155445 3481500
15168783 3474660 15183489 3475260
15173343 3531780 15173913 3532380
15148149 3571140 15151911 3571740
15149859 3590820 15151797 3591420
15179271 3542340 15193977 3542940
15183831 3454980 15198537 3455580
15166503 3546180 15167073 3546780
15146781 3417060 15150543 3417660
15150087 3562020 15150885 3562620
15150087 3509700 15150429 3510300
15195459 3379140 15197397 3379740
15165135 3510660 15166617 3512220
15183603 3353700 15184059 3354300
15150429 3394980 15157839 3395580
15162399 3578340 15177105 3578940
15152139 3574020 15154077 3574620
15176193 3418500 15176535 3419100
15148491 3585540 15150429 3586140
15166503 3379140 15167529 3379740
15164907 3427140 15166617 3427740
15148149 3596580 15151911 3597180
15157611 3532740 15161373 3533340
15150543 3523620 15154305 3524220
15159321 3514500 15159777 3515100
