G6:
15159891 3432900 15160689 3433500
15167415 3492420 15168441 3493020
15155331 3562500 15157269 3563580
15169239 3404100 15171405 3405180
15163083 3589380 15164109 3589980
15157383 3544260 15159549 3545340
15157383 3511620 15159549 3512700
15152937 3426180 15154533 3427260
15153165 3362820 15154761 3363900
15167871 3460740 15197169 3461340
15167415 3389220 15168441 3389820
15157383 3494340 15159549 3495420
15155103 3475140 15157269 3476220
15168555 3360900 15170151 3361980
15161487 3352740 15162627 3353340
15151911 3483300 15152937 3483900
15167643 3403140 15169581 3403740
15167985 3484740 15197283 3485340
15158979 3517380 15159549 3517980
15169923 3407460 15170949 3408060
15155445 3578340 15156129 3578940
15153279 3406980 15153849 3407580
15153963 3554340 15165021 3554940
15162741 3489540 15164337 3490620
15171063 3507780 15171633 3508380
15155331 3537540 15156927 3538620
15151455 3444420 15158865 3445020
15153279 3407940 15157041 3408540
15151911 3480420 15152481 3481020
15157155 3539940 15162741 3540540
15158979 3405060 15160575 3406140
15159207 3488580 15160233 3489180
15154647 3504900 15155445 3505500
15160689 3524100 15161145 3524700
15152367 3494340 15153621 3494940
15160347 3430020 15161943 3431100
15157155 3366660 15160917 3367260
15169011 3383940 15198309 3384540
15156585 3556260 15157269 3556860
15158523 3574980 15159093 3575580
15162399 3351780 15162969 3352380
15163311 3550500 15178017 3551100
15156699 3497220 15158637 3497820
15155559 3546180 15162969 3546780
15167301 3376260 15167757 3376860
15152139 3474660 15154077 3475260
15150999 3441540 15151569 3442620
15154191 3494340 15156129 3494940
15168783 3502980 15198081 3503580
15152139 3481860 15154077 3482460
15183945 3357540 15192723 3359100
15165135 3529860 15166617 3531420
15169011 3546180 15198309 3546780
15154305 3478020 15158067 3478620
15170607 3490020 15171405 3490620
15151227 3359940 15151797 3360540
15168555 3467940 15169239 3468540
15154191 3430980 15155787 3432060
15158523 3470340 15159093 3470940
15156927 3348420 15164337 3349980
15150087 3538500 15152253 3539580
15146781 3527940 15148263 3528540
15152139 3412740 15155901 3413340
15165135 3366660 15173913 3367260
15164793 3555300 15179499 3555900
15152367 3584580 15153165 3585180
15165135 3513540 15166617 3515100
15165135 3376740 15167073 3377340
15152253 3601860 15152481 3602460
15159891 3589380 15161487 3590460
15164223 3503460 15166617 3504060
15165135 3547140 15166617 3548700
15163083 3502980 15163653 3503580
15156813 3586020 15160917 3586620
15148491 3504900 15150429 3505500
15155331 3571140 15156927 3572220
15151455 3459780 15152025 3460380
15164907 3466500 15166617 3467100
15154647 3541380 15155217 3541980
15159093 3481380 15166503 3481980
15165135 3573060 15166617 3574620
15156471 3441540 15163881 3442140
15157839 3454020 15158409 3454620
15154647 3597060 15158409 3597660
15148149 3499140 15150201 3499740
15162171 3579780 15162741 3580380
15148149 3589860 15149175 3590460
15154647 3372420 15158409 3373020
15174483 3526980 15176079 3528060
15176307 3513540 15191013 3514140
15170607 3386820 15174369 3387420
15152367 3603300 15159777 3603900
15149745 3587460 15149973 3588060
15154647 3528900 15155103 3529500
15157839 3584100 15165249 3584700
15155787 3470340 15156357 3470940
15159891 3392100 15160917 3392700
15161943 3458820 15162627 3459420
15154647 3507300 15156585 3507900
15163539 3433860 15164109 3434460
15160575 3575940 15161145 3576540
15158067 3452580 15161829 3453180
15169923 3398340 15170151 3398940
15153507 3532740 15155445 3533340
15156927 3418980 15171633 3419580
15159663 3508740 15160233 3509340
15198081 3517860 15198651 3519420
15169239 3450660 15183945 3451260
15150087 3420420 15153849 3421020
15153735 3538980 15154305 3539580
15149859 3468420 15153621 3469020
15162741 3476100 15164337 3477180
15176079 3522180 15198081 3522780
15165135 3431940 15166617 3433500
15167415 3455460 15182121 3456060
15150543 3588420 15154305 3589020
15155787 3417540 15156357 3418140
15161943 3576420 15165705 3577020
15167985 3376740 15168213 3377340
15173799 3465060 15181209 3465660
15161943 3386820 15164337 3387420
15158523 3424740 15173229 3425340
15165135 3467460 15166617 3469020
15168099 3479460 15182805 3480060
15156927 3459780 15160689 3460380
15167643 3502020 15175053 3502620
15162855 3391620 15163083 3392220
15151683 3452580 15153621 3453180
15156699 3492420 15158637 3493020
15154305 3374820 15161715 3375420
15161943 3387780 15162513 3388380
15176307 3526020 15191013 3526620
15159435 3406980 15165021 3407580
15168327 3551940 15197625 3552540
15165135 3422340 15166617 3423900
15167529 3374340 15167757 3374940
15156585 3531780 15160347 3532380
15159891 3470820 15160917 3471420
15165135 3505860 15166617 3507420
15160347 3570180 15161031 3570780
15148149 3354660 15151911 3355260
15150999 3443460 15162057 3444060
15148491 3537540 15152253 3538140
15152367 3509700 15156129 3510300
15152367 3455460 15154305 3456060
15166503 3521220 15166845 3521820
15148149 3495780 15151911 3496380
15166503 3439620 15181209 3440220
15176307 3532740 15191013 3533340
15185199 3558660 15192609 3559260
15159321 3448740 15166731 3449340
15169011 3402180 15172773 3402780
15153963 3595140 15154989 3595740
15153279 3573060 15160689 3573660
15152367 3435780 15159777 3436380
15152253 3458820 15152709 3459420
15165135 3500100 15166617 3501660
15149859 3365700 15150429 3366300
15164793 3570180 15166617 3570780
15173115 3388260 15175509 3388860
15466893 3437220 15467577 3437820
15161259 3364260 15168669 3364860
15155901 3424260 15156357 3424860
15156927 3520740 15164337 3521340
15156471 3588420 15160233 3589020
15151227 3516900 15154989 3517500
15165135 3440580 15166617 3442140
15157155 3396900 15159093 3397500
15153963 3584580 15155901 3585180
15156813 3362340 15164223 3362940
15153507 3551460 15153849 3552060
15334881 3437220 15373755 3437820
15146781 3564900 15150543 3565500
15156927 3406020 15157497 3406620
15151911 3508740 15154305 3509340
15164907 3382980 15166617 3383580
15170721 3520740 15174825 3521340
15164223 3515940 15167985 3516540
15161487 3533220 15168897 3533820
15156813 3490980 15157497 3491580
15148149 3586500 15149175 3587100
15146781 3387780 15150543 3388380
15152709 3540900 15153279 3541500
15155559 3498180 15156585 3498780
15152139 3535140 15159549 3535740
15157155 3565380 15160917 3565980
15154533 3382500 15154989 3383100
15149859 3517860 15153621 3518460
15183603 3449700 15184059 3450300
15169239 3488100 15173001 3488700
15165363 3400740 15169125 3401340
15149859 3366660 15153621 3367260
15163995 3454020 15164565 3454620
15166959 3469860 15167529 3470460
15159435 3502020 15163197 3502620
15165591 3523620 15169353 3524220
15165363 3453540 15169125 3454140
15183603 3457860 15198309 3458460
15156471 3513060 15157497 3513660
15160119 3581220 15167529 3581820
15156699 3422340 15164109 3422940
15166503 3526980 15170265 3527580
15164907 3579780 15166617 3580380
15163995 3541860 15164565 3542460
15149859 3475140 15150201 3475740
15149403 3408900 15149973 3409500
15164223 3370020 15171633 3370620
15154647 3359460 15158409 3360060
15167643 3417540 15196941 3418140
15176079 3492900 15183489 3493500
15153279 3451140 15160689 3451740
