G1:
35008 30258 59326 30810
35008 -914 59326 -362
33138 14581 34050 22499
33138 -715 34050 7203
33138 29877 34050 30625
25010 23982 25474 30234
79872 30258 81150 30810
79872 -914 81150 -362
12288 25948 24318 30156
0 15868 12030 24108
18432 11836 22782 14028
12288 -260 24318 7980
0 -572 12030 -260
12288 15868 18174 18060
59584 30258 71614 30810
59584 -914 71614 -362
71872 30258 77758 30810
71872 -914 77758 -362
25010 -338 25474 11994
78016 30258 79294 30810
78016 -914 79294 -362
0 30156 12030 30468
12288 11836 18174 14028
18432 15868 22782 18060
