G1:
2230125 692100 2238447 692700
2230125 691140 2238447 691740
2230125 687300 2238447 687900
2230125 686340 2238447 686940
2230125 682500 2238447 683100
2230125 681540 2238447 682140
2230125 677700 2238447 678300
2230125 676740 2238447 677340
2230125 672900 2238447 673500
2230125 671940 2238447 672540
2230125 668100 2238447 668700
2200941 689700 2231379 690780
2200941 684900 2231379 685980
2200941 680100 2231379 681180
2200941 675300 2231379 676380
2230125 688260 2238447 688860
2200941 670500 2231379 671580
2230125 683460 2238447 684060
2230125 678660 2238447 679260
2230125 673860 2238447 674460
2230125 693060 2238447 693660
2230125 669060 2238447 669660
2230125 667140 2238447 667740
2237421 690180 2238447 690780
2237421 689220 2238447 689820
2237421 684420 2238447 685020
2237421 680580 2238447 681180
2237421 685380 2238447 685980
2237421 675780 2238447 676380
2237421 674820 2238447 675420
2237421 670980 2238447 671580
2237421 670020 2238447 670620
2200713 691620 2202195 692220
2200713 688740 2202195 689340
2200713 683940 2202195 684540
2200713 682980 2202195 683580
2200713 673380 2202195 673980
2200713 668580 2202195 669180
2200713 686820 2202195 687420
2200713 679140 2202195 679740
2200713 682020 2202195 682620
2200713 677220 2202195 677820
2200713 672420 2202195 673020
2200713 667620 2202195 668220
2200713 692580 2202195 693180
2200713 687780 2202195 688380
2200713 674340 2202195 674940
2200713 678180 2202195 678780
2200713 669540 2202195 670140
2237421 679620 2238447 680220
