G4:
2200941 682500 2230239 683100
2200941 677700 2230239 678300
2231265 688740 2238675 689340
2202081 690660 2216787 691260
2231265 680100 2238675 680700
2202081 676260 2216787 676860
2231265 674340 2238675 674940
2230125 690180 2237535 690780
2231265 679140 2238675 679740
2231265 671460 2238675 672060
2231265 669540 2238675 670140
2231265 675300 2238675 675900
2231265 683940 2238675 684540
2230125 685380 2237535 685980
2202081 685860 2216787 686460
2231265 670500 2238675 671100
2202081 681060 2216787 681660
2202081 671460 2216787 672060
