G2:
2200941 673380 2231379 674460
2200941 692580 2231379 693660
2200941 668580 2231379 669660
2200941 688740 2231379 689820
2202081 682020 2231379 682620
2200941 683940 2231379 685020
2202081 667620 2231379 668220
2200941 687300 2230239 687900
2200941 679140 2231379 680220
2202081 691620 2231379 692220
2202081 677220 2231379 677820
2202081 672420 2231379 673020
2200941 686340 2230239 686940
2216673 690660 2231379 691260
2216673 676260 2231379 676860
2216673 681060 2231379 681660
2216673 671460 2231379 672060
2230125 670020 2237535 670620
2230125 674820 2237535 675420
2231265 685860 2238675 686460
2231265 687780 2238675 688380
2200713 690660 2202195 691260
2231265 682980 2238675 683580
2200713 675300 2202195 675900
2200713 681060 2202195 681660
2200713 676260 2202195 676860
2200713 671460 2202195 672060
2231265 686820 2238675 687420
2231265 678180 2238675 678780
2200713 670500 2202195 671100
