G11:
20520 3238 21052 3558
20520 -182 21052 138
19800 3298 20332 3618
19800 -182 20332 138
19080 3298 19612 3618
19080 -182 19612 138
18360 3298 18892 3618
18360 -182 18892 138
17640 3298 18172 3618
17640 -182 18172 138
16920 3298 17452 3618
16920 -182 17452 138
16200 3298 16732 3618
16200 -182 16732 138
15480 3298 16012 3618
15480 -182 16012 138
14760 3298 15292 3618
14760 -182 15292 138
14040 3298 14572 3618
14040 -182 14572 138
13320 3298 13852 3618
13320 -182 13852 138
12600 3298 13132 3618
12600 -182 13132 138
11880 3298 12412 3618
11880 -182 12412 138
11160 3298 11692 3618
11160 -182 11692 138
10440 3298 10972 3618
10440 -182 10972 138
9720 3298 10252 3618
9720 -182 10252 138
9000 3298 9532 3618
9000 -182 9532 138
8280 3298 8812 3618
8280 -182 8812 138
7560 3298 8092 3618
7560 -182 8092 138
6840 3298 7372 3618
6840 -182 7372 138
6120 3298 6652 3618
6120 -182 6652 138
5400 3298 5932 3618
5400 -182 5932 138
4680 3298 5212 3618
4680 -182 5212 138
3960 3298 4492 3618
3960 -182 4492 138
3240 3298 3772 3618
3240 -182 3772 138
2520 3298 3052 3618
2520 -182 3052 138
1800 3298 2332 3618
1800 -182 2332 138
1080 3298 1612 3618
1080 -182 1612 138
360 3298 892 3618
360 -182 892 138
21240 3298 21772 3618
21240 -122 21772 198
