G4:
21600 3358 22132 3678
21600 -62 22132 258
20880 3358 21412 3678
20880 -122 21412 198
20160 3358 20692 3678
20160 -62 20692 258
19440 3358 19972 3678
19440 -62 19972 258
18720 3358 19252 3678
18720 -62 19252 258
18000 3358 18532 3678
18000 -62 18532 258
17280 3358 17812 3678
17280 -62 17812 258
16560 3358 17092 3678
16560 -62 17092 258
15840 3358 16372 3678
15840 -62 16372 258
15120 3358 15652 3678
15120 -62 15652 258
14400 3358 14932 3678
14400 -62 14932 258
13680 3358 14212 3678
13680 -62 14212 258
12960 3358 13492 3678
12960 -62 13492 258
12240 3358 12772 3678
12240 -62 12772 258
11520 3358 12052 3678
11520 -62 12052 258
10800 3358 11332 3678
10800 -62 11332 258
10080 3358 10612 3678
10080 -62 10612 258
9360 3358 9892 3678
9360 -62 9892 258
8640 3358 9172 3678
8640 -62 9172 258
7920 3358 8452 3678
7920 -62 8452 258
7200 3358 7732 3678
7200 -62 7732 258
6480 3358 7012 3678
6480 -62 7012 258
5760 3358 6292 3678
5760 -62 6292 258
5040 3358 5572 3678
5040 -62 5572 258
4320 3358 4852 3678
4320 -62 4852 258
3600 3358 4132 3678
3600 -62 4132 258
2880 3358 3412 3678
2880 -62 3412 258
2160 3358 2692 3678
2160 -62 2692 258
1440 3358 1972 3678
1440 -62 1972 258
720 3358 1252 3678
720 -62 1252 258
0 3358 532 3678
0 -62 532 258
