G9:
20520 3418 21052 3738
20520 -62 21052 258
19800 3418 20332 3738
19800 -62 20332 258
19080 3418 19612 3738
19080 -62 19612 258
18360 3418 18892 3738
18360 -62 18892 258
17640 3418 18172 3738
17640 -62 18172 258
16920 3418 17452 3738
16920 -62 17452 258
16200 3418 16732 3738
16200 -62 16732 258
15480 3418 16012 3738
15480 -62 16012 258
14760 3418 15292 3738
14760 -62 15292 258
14040 3418 14572 3738
14040 -62 14572 258
13320 3418 13852 3738
13320 -62 13852 258
12600 3418 13132 3738
12600 -62 13132 258
11880 3418 12412 3738
11880 -62 12412 258
11160 3418 11692 3738
11160 -62 11692 258
10440 3418 10972 3738
10440 -62 10972 258
9720 3418 10252 3738
9720 -62 10252 258
9000 3418 9532 3738
9000 -62 9532 258
8280 3418 8812 3738
8280 -62 8812 258
7560 3418 8092 3738
7560 -62 8092 258
6840 3418 7372 3738
6840 -62 7372 258
6120 3418 6652 3738
6120 -62 6652 258
5400 3418 5932 3738
5400 -62 5932 258
4680 3418 5212 3738
4680 -62 5212 258
3960 3418 4492 3738
3960 -62 4492 258
3240 3418 3772 3738
3240 -62 3772 258
2520 3418 3052 3738
2520 -62 3052 258
1800 3418 2332 3738
1800 -62 2332 258
1080 3418 1612 3738
1080 -62 1612 258
360 3418 892 3738
360 -62 892 258
21240 3418 21772 3738
21240 -2 21772 318
