G12:
20160 -182 20692 138
19800 3238 20332 3558
19440 -182 19972 138
19080 3238 19612 3558
18720 -182 19252 138
18360 3238 18892 3558
18000 -182 18532 138
17640 3238 18172 3558
17280 -182 17812 138
16920 3238 17452 3558
16560 -182 17092 138
16200 3238 16732 3558
15840 -182 16372 138
15480 3238 16012 3558
15120 -182 15652 138
14760 3238 15292 3558
14400 -182 14932 138
14040 3238 14572 3558
13680 -182 14212 138
13320 3238 13852 3558
12960 -182 13492 138
12600 3238 13132 3558
12240 -182 12772 138
11880 3238 12412 3558
11520 -182 12052 138
11160 3238 11692 3558
10800 -182 11332 138
10440 3238 10972 3558
10080 -182 10612 138
9720 3238 10252 3558
9360 -182 9892 138
9000 3238 9532 3558
8640 -182 9172 138
8280 3238 8812 3558
7920 -182 8452 138
7560 3238 8092 3558
7200 -182 7732 138
6840 3238 7372 3558
6480 -182 7012 138
6120 3238 6652 3558
5760 -182 6292 138
5400 3238 5932 3558
5040 -182 5572 138
4680 3238 5212 3558
4320 -182 4852 138
3960 3238 4492 3558
3600 -182 4132 138
3240 3238 3772 3558
2880 -182 3412 138
2520 3238 3052 3558
2160 -182 2692 138
1800 3238 2332 3558
1440 -182 1972 138
1080 3238 1612 3558
720 -182 1252 138
360 3238 892 3558
0 -182 532 138
21240 3238 21772 3558
21240 -182 21772 138
