G10:
20520 3298 21052 3618
20520 -122 21052 198
19800 3358 20332 3678
19800 -122 20332 198
19080 3358 19612 3678
19080 -122 19612 198
18360 3358 18892 3678
18360 -122 18892 198
17640 3358 18172 3678
17640 -122 18172 198
16920 3358 17452 3678
16920 -122 17452 198
16200 3358 16732 3678
16200 -122 16732 198
15480 3358 16012 3678
15480 -122 16012 198
14760 3358 15292 3678
14760 -122 15292 198
14040 3358 14572 3678
14040 -122 14572 198
13320 3358 13852 3678
13320 -122 13852 198
12600 3358 13132 3678
12600 -122 13132 198
11880 3358 12412 3678
11880 -122 12412 198
11160 3358 11692 3678
11160 -122 11692 198
10440 3358 10972 3678
10440 -122 10972 198
9720 3358 10252 3678
9720 -122 10252 198
9000 3358 9532 3678
9000 -122 9532 198
8280 3358 8812 3678
8280 -122 8812 198
7560 3358 8092 3678
7560 -122 8092 198
6840 3358 7372 3678
6840 -122 7372 198
6120 3358 6652 3678
6120 -122 6652 198
5400 3358 5932 3678
5400 -122 5932 198
4680 3358 5212 3678
4680 -122 5212 198
3960 3358 4492 3678
3960 -122 4492 198
3240 3358 3772 3678
3240 -122 3772 198
2520 3358 3052 3678
2520 -122 3052 198
1800 3358 2332 3678
1800 -122 2332 198
1080 3358 1612 3678
1080 -122 1612 198
360 3358 892 3678
360 -122 892 198
21240 3358 21772 3678
21240 -62 21772 258
