G7:
20520 3538 21052 3858
20520 58 21052 378
19800 3538 20332 3858
19800 58 20332 378
19080 3538 19612 3858
19080 58 19612 378
18360 3538 18892 3858
18360 58 18892 378
17640 3538 18172 3858
17640 58 18172 378
16920 3538 17452 3858
16920 58 17452 378
16200 3538 16732 3858
16200 58 16732 378
15480 3538 16012 3858
15480 58 16012 378
14760 3538 15292 3858
14760 58 15292 378
14040 3538 14572 3858
14040 58 14572 378
13320 3538 13852 3858
13320 58 13852 378
12600 3538 13132 3858
12600 58 13132 378
11880 3538 12412 3858
11880 58 12412 378
11160 3538 11692 3858
11160 58 11692 378
10440 3538 10972 3858
10440 58 10972 378
9720 3538 10252 3858
9720 58 10252 378
9000 3538 9532 3858
9000 58 9532 378
8280 3538 8812 3858
8280 58 8812 378
7560 3538 8092 3858
7560 58 8092 378
6840 3538 7372 3858
6840 58 7372 378
6120 3538 6652 3858
6120 58 6652 378
5400 3538 5932 3858
5400 58 5932 378
4680 3538 5212 3858
4680 58 5212 378
3960 3538 4492 3858
3960 58 4492 378
3240 3538 3772 3858
3240 58 3772 378
2520 3538 3052 3858
2520 58 3052 378
1800 3538 2332 3858
1800 58 2332 378
1080 3538 1612 3858
1080 58 1612 378
360 3538 892 3858
360 58 892 378
21240 3538 21772 3858
21240 118 21772 438
