G8:
20520 3478 21052 3798
20520 -2 21052 318
19800 3478 20332 3798
19800 -2 20332 318
19080 3478 19612 3798
19080 -2 19612 318
18360 3478 18892 3798
18360 -2 18892 318
17640 3478 18172 3798
17640 -2 18172 318
16920 3478 17452 3798
16920 -2 17452 318
16200 3478 16732 3798
16200 -2 16732 318
15480 3478 16012 3798
15480 -2 16012 318
14760 3478 15292 3798
14760 -2 15292 318
14040 3478 14572 3798
14040 -2 14572 318
13320 3478 13852 3798
13320 -2 13852 318
12600 3478 13132 3798
12600 -2 13132 318
11880 3478 12412 3798
11880 -2 12412 318
11160 3478 11692 3798
11160 -2 11692 318
10440 3478 10972 3798
10440 -2 10972 318
9720 3478 10252 3798
9720 -2 10252 318
9000 3478 9532 3798
9000 -2 9532 318
8280 3478 8812 3798
8280 -2 8812 318
7560 3478 8092 3798
7560 -2 8092 318
6840 3478 7372 3798
6840 -2 7372 318
6120 3478 6652 3798
6120 -2 6652 318
5400 3478 5932 3798
5400 -2 5932 318
4680 3478 5212 3798
4680 -2 5212 318
3960 3478 4492 3798
3960 -2 4492 318
3240 3478 3772 3798
3240 -2 3772 318
2520 3478 3052 3798
2520 -2 3052 318
1800 3478 2332 3798
1800 -2 2332 318
1080 3478 1612 3798
1080 -2 1612 318
360 3478 892 3798
360 -2 892 318
21240 3478 21772 3798
21240 58 21772 378
