G6:
21600 3238 22132 3558
21600 -182 22132 138
20880 3238 21412 3558
20520 118 21052 438
20160 3238 20692 3558
19800 118 20332 438
19440 3238 19972 3558
19080 118 19612 438
18720 3238 19252 3558
18360 118 18892 438
18000 3238 18532 3558
17640 118 18172 438
17280 3238 17812 3558
16920 118 17452 438
16560 3238 17092 3558
16200 118 16732 438
15840 3238 16372 3558
15480 118 16012 438
15120 3238 15652 3558
14760 118 15292 438
14400 3238 14932 3558
14040 118 14572 438
13680 3238 14212 3558
13320 118 13852 438
12960 3238 13492 3558
12600 118 13132 438
12240 3238 12772 3558
11880 118 12412 438
11520 3238 12052 3558
11160 118 11692 438
10800 3238 11332 3558
10440 118 10972 438
10080 3238 10612 3558
9720 118 10252 438
9360 3238 9892 3558
9000 118 9532 438
8640 3238 9172 3558
8280 118 8812 438
7920 3238 8452 3558
7560 118 8092 438
7200 3238 7732 3558
6840 118 7372 438
6480 3238 7012 3558
6120 118 6652 438
5760 3238 6292 3558
5400 118 5932 438
5040 3238 5572 3558
4680 118 5212 438
4320 3238 4852 3558
3960 118 4492 438
3600 3238 4132 3558
3240 118 3772 438
2880 3238 3412 3558
2520 118 3052 438
2160 3238 2692 3558
1800 118 2332 438
1440 3238 1972 3558
1080 118 1612 438
720 3238 1252 3558
360 118 892 438
0 3238 532 3558
