G5:
21600 3298 22132 3618
21600 -122 22132 198
20880 3298 21412 3618
20880 -182 21412 138
20160 3298 20692 3618
20160 -122 20692 198
19440 3298 19972 3618
19440 -122 19972 198
18720 3298 19252 3618
18720 -122 19252 198
18000 3298 18532 3618
18000 -122 18532 198
17280 3298 17812 3618
17280 -122 17812 198
16560 3298 17092 3618
16560 -122 17092 198
15840 3298 16372 3618
15840 -122 16372 198
15120 3298 15652 3618
15120 -122 15652 198
14400 3298 14932 3618
14400 -122 14932 198
13680 3298 14212 3618
13680 -122 14212 198
12960 3298 13492 3618
12960 -122 13492 198
12240 3298 12772 3618
12240 -122 12772 198
11520 3298 12052 3618
11520 -122 12052 198
10800 3298 11332 3618
10800 -122 11332 198
10080 3298 10612 3618
10080 -122 10612 198
9360 3298 9892 3618
9360 -122 9892 198
8640 3298 9172 3618
8640 -122 9172 198
7920 3298 8452 3618
7920 -122 8452 198
7200 3298 7732 3618
7200 -122 7732 198
6480 3298 7012 3618
6480 -122 7012 198
5760 3298 6292 3618
5760 -122 6292 198
5040 3298 5572 3618
5040 -122 5572 198
4320 3298 4852 3618
4320 -122 4852 198
3600 3298 4132 3618
3600 -122 4132 198
2880 3298 3412 3618
2880 -122 3412 198
2160 3298 2692 3618
2160 -122 2692 198
1440 3298 1972 3618
1440 -122 1972 198
720 3298 1252 3618
720 -122 1252 198
0 3298 532 3618
0 -122 532 198
