G3:
21600 3418 22132 3738
21600 -2 22132 318
20880 3418 21412 3738
20880 -62 21412 258
20160 3418 20692 3738
20160 -2 20692 318
19440 3418 19972 3738
19440 -2 19972 318
18720 3418 19252 3738
18720 -2 19252 318
18000 3418 18532 3738
18000 -2 18532 318
17280 3418 17812 3738
17280 -2 17812 318
16560 3418 17092 3738
16560 -2 17092 318
15840 3418 16372 3738
15840 -2 16372 318
15120 3418 15652 3738
15120 -2 15652 318
14400 3418 14932 3738
14400 -2 14932 318
13680 3418 14212 3738
13680 -2 14212 318
12960 3418 13492 3738
12960 -2 13492 318
12240 3418 12772 3738
12240 -2 12772 318
11520 3418 12052 3738
11520 -2 12052 318
10800 3418 11332 3738
10800 -2 11332 318
10080 3418 10612 3738
10080 -2 10612 318
9360 3418 9892 3738
9360 -2 9892 318
8640 3418 9172 3738
8640 -2 9172 318
7920 3418 8452 3738
7920 -2 8452 318
7200 3418 7732 3738
7200 -2 7732 318
6480 3418 7012 3738
6480 -2 7012 318
5760 3418 6292 3738
5760 -2 6292 318
5040 3418 5572 3738
5040 -2 5572 318
4320 3418 4852 3738
4320 -2 4852 318
3600 3418 4132 3738
3600 -2 4132 318
2880 3418 3412 3738
2880 -2 3412 318
2160 3418 2692 3738
2160 -2 2692 318
1440 3418 1972 3738
1440 -2 1972 318
720 3418 1252 3738
720 -2 1252 318
0 3418 532 3738
0 -2 532 318
