G2:
21600 3478 22132 3798
21600 58 22132 378
20880 3478 21412 3798
20880 -2 21412 318
20160 3478 20692 3798
20160 58 20692 378
19440 3478 19972 3798
19440 58 19972 378
18720 3478 19252 3798
18720 58 19252 378
18000 3478 18532 3798
18000 58 18532 378
17280 3478 17812 3798
17280 58 17812 378
16560 3478 17092 3798
16560 58 17092 378
15840 3478 16372 3798
15840 58 16372 378
15120 3478 15652 3798
15120 58 15652 378
14400 3478 14932 3798
14400 58 14932 378
13680 3478 14212 3798
13680 58 14212 378
12960 3478 13492 3798
12960 58 13492 378
12240 3478 12772 3798
12240 58 12772 378
11520 3478 12052 3798
11520 58 12052 378
10800 3478 11332 3798
10800 58 11332 378
10080 3478 10612 3798
10080 58 10612 378
9360 3478 9892 3798
9360 58 9892 378
8640 3478 9172 3798
8640 58 9172 378
7920 3478 8452 3798
7920 58 8452 378
7200 3478 7732 3798
7200 58 7732 378
6480 3478 7012 3798
6480 58 7012 378
5760 3478 6292 3798
5760 58 6292 378
5040 3478 5572 3798
5040 58 5572 378
4320 3478 4852 3798
4320 58 4852 378
3600 3478 4132 3798
3600 58 4132 378
2880 3478 3412 3798
2880 58 3412 378
2160 3478 2692 3798
2160 58 2692 378
1440 3478 1972 3798
1440 58 1972 378
720 3478 1252 3798
720 58 1252 378
0 3478 532 3798
0 58 532 378
12624 838 17316 2844
4816 838 9508 2844
