G1:
21600 3538 22132 3858
21600 118 22132 438
20880 3538 21412 3858
20880 118 21412 438
20160 3538 20692 3858
20160 118 20692 438
19440 3538 19972 3858
19440 118 19972 438
18720 3538 19252 3858
18720 118 19252 438
18000 3538 18532 3858
18000 118 18532 438
17280 3538 17812 3858
17280 118 17812 438
16560 3538 17092 3858
16560 118 17092 438
15840 3538 16372 3858
15840 118 16372 438
15120 3538 15652 3858
15120 118 15652 438
14400 3538 14932 3858
14400 118 14932 438
13680 3538 14212 3858
13680 118 14212 438
12960 3538 13492 3858
12960 118 13492 438
12240 3538 12772 3858
12240 118 12772 438
11520 3538 12052 3858
11520 118 12052 438
10800 3538 11332 3858
10800 118 11332 438
10080 3538 10612 3858
10080 118 10612 438
9360 3538 9892 3858
9360 118 9892 438
8640 3538 9172 3858
8640 118 9172 438
7920 3538 8452 3858
7920 118 8452 438
7200 3538 7732 3858
7200 118 7732 438
6480 3538 7012 3858
6480 118 7012 438
5760 3538 6292 3858
5760 118 6292 438
5040 3538 5572 3858
5040 118 5572 438
4320 3538 4852 3858
4320 118 4852 438
3600 3538 4132 3858
3600 118 4132 438
2880 3538 3412 3858
2880 118 3412 438
2160 3538 2692 3858
2160 118 2692 438
1440 3538 1972 3858
1440 118 1972 438
720 3538 1252 3858
720 118 1252 438
0 3538 532 3858
0 118 532 438
16528 838 21220 2844
8720 838 13412 2844
912 838 5604 2844
21600 838 22132 1704
0 1978 532 2844
0 838 532 1704
21600 1978 22132 2844
