G1:
1367829 133380 1368969 133980
1366689 137700 1367829 138300
1364409 137700 1365549 138300
1278225 138660 1279137 139740
1132419 136260 1134357 136860
979431 145380 980457 145980
1393479 142500 1394277 143100
1393251 140580 1394049 141180
1393023 132900 1393821 133500
1391655 130500 1392453 131100
1390059 133380 1390857 133980
1388691 144900 1389489 145500
237063 132420 242307 133020
1385727 143940 1386525 144540
1368855 132420 1369653 133020
162051 141540 163305 142140
230337 132900 235581 133500
1388007 135300 1388919 135900
1363839 126660 1364751 127260
978177 135780 985587 136380
978177 131940 985587 132540
233415 143460 234327 144060
833055 130500 840465 131100
1388691 142020 1389489 142620
1370223 129540 1371021 130140
1378203 131460 1379001 132060
1367031 138660 1367829 139260
1367715 142020 1368513 142620
689757 128580 691011 129180
1280391 141540 1281189 142140
1360419 125700 1361217 126300
1284951 143460 1285749 144060
911031 144420 911829 145020
839895 129540 840693 130140
541671 130500 542469 131100
1127745 141540 1128999 142140
1128429 142500 1129683 143100
1127745 139140 1128999 139740
1127745 125220 1128999 125820
1127745 130500 1128999 131100
1127745 129540 1128999 130140
978177 129540 979431 130140
839097 145380 840351 145980
978177 128580 979431 129180
837045 128100 838299 128700
457425 130020 459363 131100
1055697 127140 1057635 128220
1367829 131460 1368969 132060
90687 130020 91371 130620
161367 142980 162165 143580
908865 129540 909549 130140
909891 136740 911829 137820
1127745 132420 1129227 133020
906129 130980 908067 132060
906129 141540 908067 142620
1390857 138180 1391541 138780
1390287 135300 1391199 135900
1390971 133860 1392567 134460
1127745 135300 1129227 135900
756561 126660 759069 127260
687819 143940 692151 144540
379905 126180 387315 126780
381729 132420 382641 133020
979203 143460 980685 144060
1384701 139140 1385385 139740
233643 144420 234783 145020
232389 137220 233073 137820
1127745 133380 1129227 133980
1364295 136740 1365093 137340
1374327 144900 1375125 145500
232959 130980 234099 131580
756561 125220 761805 125820
1359507 143460 1360761 144540
381159 138180 382641 138780
80769 143940 83277 144540
230337 134820 232161 135420
978177 126180 983421 126780
311505 125220 312189 125820
828609 143940 830433 144540
1362243 128580 1363041 129180
1277313 142980 1278453 143580
978177 138180 983421 138780
538251 126660 542583 127260
1376493 132420 1377405 133020
379905 127140 382641 127740
7809 142020 16359 142620
1286091 137220 1290423 137820
1360419 135780 1361331 136380
1370451 132900 1371249 133980
906129 133380 907041 133980
7809 141060 16359 141660
984675 126180 989919 126780
1370451 137700 1371249 138780
1370451 134820 1371705 135900
1365891 128580 1366689 129180
230337 129540 237975 130140
1370907 140580 1371705 141660
1393137 131940 1394733 132540
1359507 131940 1360761 133020
610641 137220 613149 137820
1396671 127140 1399407 127740
1363155 145380 1364409 146460
1359507 136740 1360761 137820
1206291 129060 1208685 129660
836817 127140 837501 127740
7809 132420 16359 133020
1358367 133860 1359621 134940
87153 125220 87837 125820
540417 143460 542583 144060
459135 132900 460617 133980
513 144420 7923 145020
606993 128100 609729 128700
238317 141540 239229 142140
7809 138180 16359 138780
1394847 132420 1399407 133020
513 130980 7923 131580
388683 131460 391191 132060
513 136260 7923 136860
513 129060 7923 129660
462897 144420 465063 145020
540189 141060 541329 141660
380817 130980 382071 131580
240027 137700 241053 138300
1392339 138180 1393479 138780
239343 134820 240369 135420
457425 142500 459363 143580
906129 134820 908067 135900
828609 132900 830547 133980
1386981 135780 1387665 136860
978177 136740 979317 137340
679041 136740 680979 137820
1391427 125700 1392567 126300
1394163 138660 1399407 139260
1386639 125700 1387665 126300
1358367 124260 1359621 125340
832257 137220 834993 137820
1361787 136740 1362813 137340
308883 132900 314127 133500
231363 140580 231933 141180
238203 125700 238773 126300
837387 131460 841719 132060
1391199 128580 1391769 129180
1381509 132900 1382193 133500
233073 126180 233985 126780
1375695 145860 1376721 146460
1390287 143940 1391313 144540
1279137 129060 1280961 129660
828609 125220 830547 126300
1385271 140100 1386411 140700
381729 142500 382983 143100
1059003 131460 1063335 132060
1377063 128580 1378203 129180
392103 140100 393015 140700
310251 142020 315495 142620
680865 145860 682119 146460
236835 127140 237861 127740
538251 128580 542583 129180
1394847 129540 1395645 130140
529473 128100 533805 128700
760551 141540 762489 142620
606993 140580 612237 141180
906129 128100 908067 129180
984675 139620 989919 140220
239229 144420 240369 145020
386175 125220 391419 125820
1385499 125220 1386297 125820
1205265 130500 1206405 131100
1287687 143460 1288941 144540
1366575 142020 1367259 142620
1378659 132900 1379457 133500
840237 133380 841719 133980
828609 142020 832941 142620
1383675 142020 1384473 142620
906129 136740 908067 137820
1210395 143460 1211079 144540
1364181 140100 1368513 140700
1369083 136740 1370337 137820
160227 132900 161025 133500
679041 131460 683373 132060
978177 139620 983421 140220
979431 141540 980571 142140
1366803 145380 1367829 145980
1128657 137700 1129911 138300
234099 134340 235239 134940
1389375 138660 1390401 139260
1282215 126180 1283013 126780
1375923 125220 1376493 125820
241851 137220 243447 137820
308769 139620 309681 140220
1362243 127620 1363041 128220
1375011 131940 1375923 132540
1130139 135780 1131621 136380
980115 133380 981255 133980
158289 125700 160113 126300
160113 144420 162849 145020
1389603 145860 1390401 146460
531525 137700 532665 138300
1384359 136260 1385385 136860
88065 131460 93651 132060
11457 145380 14193 145980
906129 124740 907725 125340
828609 139620 830547 140700
1127745 140100 1129227 140700
1358367 128100 1359621 129180
1282671 142500 1283925 143580
80769 138660 82593 139260
1369083 139620 1370223 140220
1286433 135780 1287117 136860
11457 124740 14193 125340
1282671 144420 1283925 145500
1205265 134820 1206177 135420
1386411 129540 1389147 130140
1207659 143460 1208913 144540
1397583 145380 1398267 146460
685083 142500 690669 143100
683715 124260 684741 125340
910119 142980 912399 143580
236607 134820 237177 135420
978177 130980 983421 131580
679041 142980 684285 143580
236151 145380 237063 145980
1377975 135780 1379115 136380
1381167 140100 1383903 140700
1358367 130020 1359621 131100
313443 144900 314355 145500
239115 133860 239685 134460
1356657 144420 1357569 145020
457425 140580 458565 141180
679041 126180 683373 126780
1206291 132900 1207317 133500
1369995 142500 1373187 143100
758043 137700 759183 138300
1384359 126180 1385157 126780
7809 134340 16359 134940
1392339 145860 1393479 146460
91599 134340 92511 134940
686907 135300 692151 135900
1127745 128580 1129227 129180
978177 133380 979317 133980
7809 135300 16359 135900
163875 130500 164673 131100
1356087 131940 1357341 133020
91713 140100 92625 140700
1389375 129540 1390515 130140
1368399 144420 1369197 145500
1385271 133380 1386297 133980
1356087 128100 1357341 129180
978177 134340 979317 134940
90801 137700 91485 138300
1059003 142020 1063335 142620
237747 139620 238773 140220
685311 141540 690555 142140
233985 127620 236493 128220
1133787 138660 1134927 139260
1370451 131460 1371249 132060
80769 128100 82593 128700
1363155 131940 1363953 132540
1356087 124260 1357341 125340
1375467 137700 1376037 138300
1383219 135780 1384131 136380
7809 139140 16359 139740
1354833 144900 1356201 145500
237747 128100 239001 128700
238431 142500 239457 143100
231591 136260 232503 136860
1283355 124740 1288941 125340
7809 137220 16359 137820
1390971 144900 1391541 145500
80769 126660 83733 127260
828609 128100 830433 128700
307857 127140 308541 127740
1384359 130020 1385499 130620
1382763 127140 1383789 127740
1283127 125700 1288713 126300
611439 125220 614631 125820
7809 125700 16359 126300
314127 139140 315495 139740
1377975 145860 1379001 146460
1398267 142500 1398837 143100
1371363 130020 1372617 131100
457425 132420 458565 133020
1205265 138180 1208229 138780
985473 137220 991059 137820
1288599 142020 1290423 142620
7809 142980 16359 143580
756561 139140 757701 139740
1356087 130020 1357341 131100
1361331 137700 1362585 138780
80769 129060 85101 129660
1377063 130500 1378089 131100
679041 141060 681777 141660
989007 138180 991287 138780
91371 126660 91941 127260
1363839 141540 1364637 142620
1288143 126660 1288713 127260
756561 136260 757701 136860
307857 138660 308541 139260
1360875 142500 1362129 143580
1206291 124260 1207545 125340
606993 133380 612579 133980
7809 127620 16359 128220
906129 125700 907725 126300
828609 135300 831801 135900
1358595 139620 1359621 140220
1287573 145380 1288257 146460
236151 138180 237063 138780
1397697 139620 1398381 140700
1392681 141540 1393365 142620
836361 144420 837501 145020
912171 143940 913767 144540
1388121 133380 1389033 133980
1209711 135300 1212903 135900
1210737 125220 1212903 125820
1370565 128580 1371477 129180
1287003 127620 1289169 128220
1278795 130980 1279935 131580
1280505 131940 1281645 132540
1278225 145860 1279365 146460
457425 126180 461757 126780
1355973 141540 1356657 142620
1278111 136740 1279251 137340
1397355 136740 1397925 137340
838755 138180 841719 138780
7809 140100 16359 140700
1207659 145380 1208913 146460
1135155 139140 1136295 139740
1284267 138660 1285521 139740
1374327 142020 1376835 142620
1363155 129540 1363953 130140
163419 127620 165927 128220
457425 127620 465063 128220
1282899 134820 1284153 135900
92055 137220 93879 137820
679041 129060 682233 129660
1356999 141540 1358253 142620
1127745 126660 1129227 127260
1286433 141540 1287117 142620
1134243 131940 1139829 132540
829521 137700 830205 138300
1377975 139620 1379001 140220
1392795 127620 1393593 128220
1362243 141540 1363041 142620
1373643 136260 1376607 136860
1280163 144900 1280733 145500
1364067 133380 1364637 133980
1374441 137700 1375125 138300
1209939 133860 1211193 134940
234669 137700 235581 138300
685425 129060 688389 129660
1205265 124740 1206177 125340
91713 129540 92625 130140
158289 129060 159885 129660
1133673 143460 1134015 144060
1394847 139620 1395531 140220
1209939 145380 1211193 146460
158289 132420 160113 133020
906129 145860 909093 146460
1287231 138180 1290423 138780
1139715 128580 1140855 129180
988779 142980 991287 143580
1397127 143940 1397697 144540
688959 127620 692151 128220
1366917 130500 1367829 131100
1206291 142500 1207545 143580
86583 127620 92169 128220
1059003 133380 1063335 133980
688275 130980 689301 132060
1209141 130980 1209825 132060
460503 134820 463695 135420
984903 130020 985701 131100
1061169 135780 1063335 136380
1358823 141540 1360077 142620
531297 126180 532209 126780
762375 132420 764199 133020
1365663 135780 1366917 136860
388683 144420 388911 145020
1382763 129060 1383675 129660
1139943 144900 1140855 145500
1356087 133860 1357341 134940
240825 141540 241509 142620
1379001 136740 1379913 137340
1281987 141060 1284381 141660
7809 133380 16359 133980
1288941 145380 1289625 146460
758157 134340 763743 134940
235467 141540 237519 142140
1132647 139620 1133787 140220
1279821 130020 1280961 130620
381729 135780 382413 136380
1387893 125220 1388577 125820
906129 138180 907611 138780
1287687 135780 1288941 136860
1129341 138660 1130481 139260
828609 130980 830889 131580
983535 125700 983763 126300
90003 134820 91029 135420
230337 145380 231477 145980
1133673 132420 1134015 133020
529473 137220 530613 137820
985815 129060 987297 130140
981255 125220 982395 125820
987411 134820 988893 135900
1135155 129540 1136295 130140
1390971 127620 1391655 128220
237405 131460 241965 132060
906129 143460 909321 144060
1210737 140580 1212903 141180
1209711 129060 1212903 129660
1208571 124260 1209825 125340
1360875 131940 1362129 133020
1139145 141060 1140057 141660
1360875 127140 1362129 128220
230337 128580 235923 129180
613149 141060 613833 141660
683259 133860 688845 134460
909891 131460 912741 132060
758727 132900 761691 133500
311505 131460 313557 132060
610641 134340 613377 134940
910575 142020 913425 142620
1282671 139620 1283925 140700
237063 142980 237861 143580
1127745 136260 1129227 136860
1376835 144900 1377405 145500
1390173 126660 1391313 127260
828609 141060 830205 141660
1364979 129540 1365549 130140
838755 134340 841719 134940
1356657 145380 1357341 145980
1356315 136740 1357569 137820
230337 142980 231477 143580
1206291 139620 1207545 140700
379905 145860 380817 146460
1208571 132900 1209825 133980
1139487 135300 1140171 135900
1210737 137700 1212903 138300
911487 140580 912399 141180
606993 143460 609501 144060
92739 145860 93879 146460
1136181 137700 1137321 138300
310023 136260 310935 136860
1388463 142980 1389375 143580
164331 134340 165927 134940
1364865 145380 1365549 146460
80769 140580 81681 141180
1061169 144420 1063335 145020
1135041 141540 1137549 142140
1284495 145380 1285749 146460
683943 138660 684969 139740
91827 125700 92397 126300
239115 143460 239913 144060
1283811 129060 1289397 129660
1209939 126180 1211193 127260
1279365 127140 1280505 127740
838755 135300 841719 135900
1131393 143460 1132761 144060
1278681 141540 1279365 142620
761691 140100 764199 140700
1209711 142020 1212903 142620
990375 140100 991287 140700
14877 126660 16359 127260
613947 144900 614631 145500
1395531 141540 1396215 142620
761691 135300 764199 135900
1375239 132900 1376037 133500
1132647 137700 1133217 138300
1371591 144900 1372617 145500
1279479 139140 1280619 139740
909207 133860 912399 134460
1130367 129060 1131507 129660
1277313 126660 1278909 127260
990147 141060 991287 141660
685767 135780 686793 136860
1395645 143460 1396329 144540
1139943 126660 1140855 127260
307857 135300 308541 135900
237063 143940 237861 144540
988095 128580 990945 129180
682119 127140 683145 128220
1284951 134820 1286205 135900
1288941 130500 1289625 131100
1363155 125700 1363953 126300
759867 136260 760551 136860
230337 143940 232617 144540
688959 125220 692151 125820
913083 130500 913767 131100
529473 142980 530613 143580
163875 143940 164673 144540
1277313 125700 1278795 126300
92511 142020 93879 142620
679041 128100 681093 128700
606993 131940 612579 132540
158289 139140 165927 139740
1127745 134340 1128885 134940
1371819 125220 1372617 125820
759867 131460 760893 132060
1376721 143940 1377405 144540
1286433 144420 1287117 145500
685995 125700 687021 126300
314127 142980 315495 143580
1366119 133860 1366917 134460
1388805 137700 1389489 138300
389823 144420 393015 145020
1371363 131940 1372617 133020
985473 144900 991059 145500
1134585 135300 1135725 135900
14193 130020 16359 130620
81681 137220 82365 137820
314355 125700 315381 126300
158289 144900 159885 145500
1391769 135780 1392453 136860
1208571 127140 1209825 128220
389823 129060 393015 129660
1127745 127620 1129341 128220
1290081 131940 1290423 132540
1394847 131460 1399407 132060
1130367 132900 1131507 133500
390849 126180 393015 126780
1356087 140580 1357113 141180
1208571 138660 1209825 139740
1129569 130020 1130709 130620
1129797 126180 1130937 126780
1279365 126180 1280505 126780
457425 124740 465063 125340
1277313 140100 1279821 140700
1363839 127620 1364637 128220
1375239 129060 1376493 130140
531867 129540 534261 130140
1366119 127620 1366917 128220
1368627 125220 1369425 125820
540075 133380 542583 133980
613947 136260 614631 136860
80769 141540 83277 142140
1362015 139620 1363041 140220
913083 141060 913767 141660
910119 135300 912969 135900
609159 125220 610185 125820
1378431 130500 1379229 131100
988779 145860 991287 146460
1387779 126180 1388691 126780
309681 127140 310593 127740
1363383 139140 1364409 139740
80769 132900 82821 133500
1061967 140100 1063335 140700
608475 139620 609615 140220
538251 125700 541101 126300
1139373 125220 1140513 125820
90801 145380 91941 145980
164331 138180 165927 138780
1366347 125220 1367145 125820
1135155 136260 1136295 136860
1363155 135300 1363953 135900
162279 140100 165129 140700
164559 129540 165927 130140
1058775 138660 1061967 139260
239913 140100 242763 140700
1397925 143460 1398609 144540
308199 130500 310593 131100
1277541 144900 1278681 145500
1378659 129540 1379457 130140
837387 132420 840237 133020
458907 131940 459705 132540
607905 136740 608361 137340
1390059 140580 1392567 141180
158289 136260 159885 136860
1133217 144900 1134357 145500
1205265 141060 1206405 141660
379905 130500 380589 131100
835107 141060 840693 141660
1062423 139140 1063335 139740
913083 136260 913767 136860
689187 138660 690327 139260
382299 143460 383097 144060
1369425 128580 1370337 129180
688959 134340 689757 134940
1364865 143460 1365549 144060
1210167 130020 1210851 131100
163647 144900 165927 145500
913083 126660 913767 127260
531297 140580 531981 141180
238431 129060 240483 129660
912171 132420 913767 133020
163077 137220 163761 137820
607563 144420 608703 145020
831915 124740 834309 125340
909207 128100 910005 129180
1375125 128100 1376037 128700
1377519 129540 1378317 130140
230337 127140 231477 127740
159315 142500 160455 143100
230337 139620 231477 140220
1129911 125220 1131051 125820
534831 125700 537225 126300
82593 136740 83277 137340
388911 136260 389937 136860
236835 125220 237861 125820
162051 130500 162621 131100
613947 138180 614631 138780
1371135 145860 1372161 146460
1279935 137700 1281303 138300
381729 133380 382413 133980
382983 138660 383781 139260
158289 135300 159885 135900
1364067 135300 1364865 135900
606993 126180 609957 126780
612465 127140 614631 127740
1133787 126180 1134813 126780
163647 135300 165927 135900
1130367 133860 1131507 134460
1363155 136260 1363953 136860
1369425 126660 1370337 127260
308655 145860 309567 146460
1131051 139620 1132191 140220
162393 136260 165243 136860
1388235 143940 1389033 144540
1131621 138660 1132761 139260
613947 142020 614631 142620
91599 138180 93879 138780
1391769 141540 1392453 142620
385719 134820 386859 135420
613947 139140 614631 139740
1372731 128580 1373529 129180
679041 143940 683601 144540
1139487 130980 1140855 131580
1357227 140580 1358253 141180
978747 124740 979887 125340
163875 133380 165927 133980
233415 135780 235809 136380
309681 125700 310593 126300
1366347 126180 1367145 126780
828609 145380 830205 145980
687591 136260 692151 136860
1205265 125700 1206405 126300
164331 124740 165927 125340
1394847 133380 1399407 133980
1369653 140580 1370337 141180
1394847 130500 1395531 131100
1356999 139620 1358025 140220
307857 125700 308997 126300
762147 128580 764199 129180
391647 133380 393015 133980
1369083 133860 1369881 134460
613947 143940 614631 144540
988779 133380 991287 133980
1362015 124740 1362813 125340
1387779 145860 1388691 146460
80769 142980 81909 143580
1366233 131460 1367145 132060
980001 129540 981141 130140
385491 144420 386517 145020
1136751 135780 1137891 136380
686679 130020 687819 130620
1055697 141540 1057749 142140
1363155 132900 1363953 133500
1363383 138180 1364181 138780
81453 135300 82137 135900
683145 145380 683829 145980
989919 124740 991287 125340
85899 142020 88293 142620
162735 125700 165585 126300
462897 129060 465063 129660
1395531 140580 1396443 141180
906129 140580 907269 141180
840351 128580 841719 129180
307857 128100 308541 128700
761463 126180 762261 126780
80769 124740 82365 125340
680181 138180 682119 138780
1138233 130020 1139373 130620
1382079 137700 1383561 138300
828609 142980 833169 143580
1130367 131940 1131507 132540
829293 138660 829977 139260
1362243 126660 1363041 127260
1136295 142980 1137435 143580
829521 136740 830205 137340
839439 142020 841719 142620
1139373 133380 1140513 133980
1139943 136740 1140855 137340
1392795 130020 1393821 130620
978177 127620 979317 128220
1394847 128580 1395531 129180
379905 137220 381045 137820
1392225 139140 1393365 139740
1132647 134820 1133787 135420
80769 145380 83049 145980
1134471 144900 1135611 145500
1394847 134340 1399407 134940
986499 138180 987753 138780
92511 133380 93879 133980
613947 130500 614631 131100
1289967 134340 1290423 134940
1359507 145860 1360305 146460
829521 127140 830205 127740
613947 129540 614631 130140
529473 140100 530613 140700
1277541 130500 1278681 131100
912855 142980 913767 143580
1279365 136740 1280505 137340
1138575 142980 1140855 143580
990147 135300 991287 135900
1289283 142980 1290423 143580
392331 130500 393015 131100
1132077 125220 1133217 125820
236037 144420 236721 145020
314811 132420 315495 133020
840351 126660 841719 127260
11457 144420 14307 145020
1362243 130020 1363041 130620
612465 128100 614631 128700
237747 137700 239799 138300
460731 130020 462213 131100
983991 127140 985929 128220
1139373 139620 1140513 140220
613947 131460 614631 132060
1281987 129540 1282671 130140
314127 130500 315495 131100
681207 130500 683601 131100
1127745 131460 1128657 132060
1279935 135300 1282101 135900
382299 145860 383439 146460
1129683 127140 1130823 127740
529473 133860 530613 134460
613947 133380 614631 133980
92511 135300 93879 135900
1382877 132420 1384929 133020
1361787 135780 1362585 136380
80769 136260 81909 136860
1130823 137700 1131051 138300
761235 144420 762261 145020
1369539 145380 1370223 145980
688275 126180 689301 126780
756561 129540 764199 130140
990147 126660 991287 127260
1055697 132420 1063335 133020
529473 141060 530613 141660
92511 139140 93879 139740
1379799 141540 1381053 142140
756561 130500 764199 131100
1379115 128580 1379913 129180
89319 143940 93879 144540
308313 142500 308997 143100
1354833 138660 1356885 139260
1390287 142020 1391199 142620
1130937 142500 1132077 143100
1139373 134340 1140513 134940
1136751 133380 1137891 133980
611895 126180 612921 126780
230337 138660 231477 139260
242535 132420 243447 133020
989007 142020 991287 142620
1131051 130020 1132191 130620
1133331 140580 1134471 141180
89319 141060 92169 141660
1366119 129540 1366917 130140
307857 124740 308541 125340
381615 134820 382755 135420
1061967 145860 1063335 146460
908523 132420 910005 133020
92511 136260 93879 136860
1062423 126660 1063335 127260
230337 130980 231477 131580
1129569 136740 1130709 137340
1131621 131940 1132533 132540
11457 130980 14307 131580
1062423 134340 1063335 134940
1133901 130020 1134585 130620
685995 130980 687135 131580
236835 133860 237861 134460
978177 141060 979317 141660
242307 145860 243447 146460
462897 126180 465063 126780
985359 125220 986499 125820
1364751 127620 1365549 128220
390849 136740 393015 137340
91827 142980 93879 143580
836475 126180 837615 126780
908751 135780 909549 136380
161937 128100 162621 128700
988095 130980 991287 131580
1382307 128100 1383333 128700
239001 127140 240141 127740
308541 133860 309453 134460
1135155 145860 1136295 146460
762831 138180 764199 138780
1137891 138180 1138689 138780
985473 142980 987525 143580
762831 139140 764199 139740
457995 136740 458793 137340
14763 124740 16359 125340
391647 135300 393015 135900
242535 142020 243447 142620
1371363 137700 1372161 138300
1129797 128100 1130937 128700
689187 129540 690213 130140
1369425 143940 1370337 144540
840579 142980 841719 143580
1136751 140100 1137891 140700
233643 140580 234327 141180
158289 142980 159201 143580
392103 142020 393015 142620
391875 131460 393015 132060
1136751 130020 1137891 130620
686223 127140 687363 127740
1139373 138660 1140513 139260
1393365 129060 1394049 129660
242307 131460 243447 132060
381501 139620 382185 140220
1055697 139140 1057521 139740
912855 124740 913767 125340
988437 132420 991287 133020
763287 142020 764199 142620
92739 141060 93879 141660
1374441 139620 1375125 140220
160455 145380 162279 145980
1367031 127620 1367829 128220
608019 138660 609045 139260
912855 127620 913767 128220
839667 136260 841719 136860
1367031 144420 1367829 145020
242535 138180 243447 138780
1136181 134820 1137321 135420
533121 131460 534945 132060
990375 134340 991287 134940
391875 134340 393015 134940
1055697 124740 1063335 125340
1134357 125220 1135041 125820
837615 143460 837843 144060
1384815 128100 1385727 128700
242079 141060 243447 141660
387771 143940 388455 144540
1386297 138660 1386981 139740
1364751 131460 1365549 132060
235581 136740 236265 137340
983307 145380 984789 146460
158289 141540 159201 142140
912627 137220 913767 137820
383211 127140 385605 127740
682689 138660 683829 139260
607791 145380 608931 145980
530043 144420 531525 145020
906813 144420 907497 145020
840579 143940 841719 144540
160113 128100 160797 128700
1132875 142980 1133331 143580
384807 141060 385947 141660
232503 138180 233985 138780
239571 128100 240255 128700
392103 141060 393015 141660
1394505 140580 1395417 141180
379905 132900 381045 133500
1394847 135300 1399407 135900
1359735 140100 1360761 140700
912627 139140 913767 139740
158289 133860 159201 134460
687249 125220 687933 125820
1132077 126660 1132761 127260
1129455 139620 1130595 140220
1131507 140580 1132647 141180
13281 126660 14649 127260
540531 134820 541215 135420
158289 131460 160569 132060
1135155 140580 1136295 141180
689301 145380 690441 145980
1385841 134340 1386525 134940
762147 127620 764199 128220
531867 135300 533349 135900
980115 127140 981255 127740
1055697 140580 1059459 141180
1372731 135300 1373529 135900
314583 135300 315495 135900
607335 124740 608475 125340
756561 142980 764199 143580
1278795 143940 1279935 144540
1134699 133380 1135269 133980
80769 130500 82821 131100
382185 130020 383325 130620
1388235 131460 1388919 132060
242307 142980 243447 143580
1375581 140580 1376265 141180
235923 142980 236721 143580
838299 126180 839439 126780
308769 137700 309681 138300
462099 138660 465063 139260
390051 127140 393015 127740
158289 137700 159201 138300
390279 141060 391305 141660
837615 136740 839097 137340
379905 135300 381045 135900
840579 125700 841719 126300
1389831 127620 1390743 128220
1372959 133380 1373643 133980
235695 140100 236493 140700
689757 139620 690441 140220
610641 130500 612693 131100
1379913 131940 1380597 132540
838983 125220 840123 125820
308541 136740 309453 137340
391647 139140 393015 139740
1369539 124740 1370337 125340
906129 127140 907041 127740
1285635 130500 1286319 131100
1387323 141540 1388235 142140
162621 126660 165471 127260
912627 128580 913653 129180
759753 137220 760437 137820
1129113 131460 1130253 132060
1390401 136740 1391085 137340
1133559 129060 1134357 129660
1380483 143460 1381965 144060
1379229 127620 1379913 128220
1380711 144900 1382193 145500
232389 145860 233073 146460
314355 138180 315495 138780
539619 135780 540189 136380
392103 138180 393015 138780
1386981 140100 1387665 140700
312987 124260 313671 125340
158289 145860 159201 146460
1055697 128580 1063335 129180
92739 132420 93879 133020
242535 128580 243447 129180
379905 136260 381045 136860
234669 138660 235353 139260
1129113 141060 1130253 141660
1385157 138180 1385841 138780
462099 133860 465063 134460
1364751 138660 1366461 139260
1280391 125220 1281873 125820
159771 137700 160797 138300
312531 145860 313215 146460
1383675 128100 1384473 128700
1377519 124740 1380141 125340
312075 138660 313329 139260
1388919 126180 1389489 126780
1389603 128580 1390287 129180
164787 145860 165927 146460
242307 125700 243447 126300
1387095 132420 1387779 133020
1277313 133380 1278681 133980
387315 133860 388341 134460
87267 135780 88065 136380
312189 133860 312873 134460
164787 128580 165927 129180
1278567 131940 1279365 132540
314355 137220 315495 137820
1210737 128100 1212903 128700
1386297 144900 1386981 145500
80769 125700 81909 126300
1397811 137700 1398495 138300
158973 140580 160113 141180
242307 135300 243447 135900
1137891 134820 1138689 135420
239685 142020 240369 142620
242307 144900 243447 145500
308997 144900 309681 145500
1385955 141060 1386867 141660
610299 139140 611325 139740
310023 138180 310707 138780
762261 136260 762945 136860
612123 138660 613149 139260
688959 132900 689757 133980
1383447 145860 1384701 146460
1375581 139620 1376265 140220
462099 141540 465063 142140
230907 142020 232389 142620
840579 127620 841719 128220
1289853 126660 1290423 127260
530157 135300 530841 135900
164787 142980 165927 143580
160797 136260 161253 136860
1282101 130500 1282785 131100
1129797 134820 1130937 135420
1378659 126180 1380141 126780
462099 145860 465063 146460
1138119 140100 1139259 140700
1389489 136740 1390173 137340
1391769 124740 1392453 125340
1374441 138660 1375125 139260
1391769 131460 1392453 132060
462897 137220 463581 137820
836361 139620 837501 140220
391875 132420 392673 133020
1367145 135780 1367829 136380
159543 126660 160341 127260
1374441 143940 1375125 144540
759753 139140 760437 139740
1358367 145380 1359393 145980
1055697 133380 1057749 133980
158289 143940 159429 144540
1387551 134340 1388235 134940
1381167 133860 1381851 134460
1386183 128100 1386867 128700
161595 137220 162279 137820
537339 128100 537909 128700
1379115 133860 1379799 134460
1140057 142020 1140855 142620
386859 127620 389481 128220
383439 144420 384579 145020
832143 130020 832827 130620
1376493 140100 1377177 140700
1134585 134340 1135725 134940
236265 130980 236949 131580
1386297 126660 1386981 127260
239457 135780 240141 136380
612123 144420 613149 145020
1207887 135780 1208571 136380
1392339 129060 1393023 129660
1284495 126660 1287459 127260
239685 138660 240369 139260
230793 137220 231933 137820
1392795 125220 1393479 125820
608475 141540 609615 142140
384579 145860 385719 146460
238203 130020 238887 130620
989691 143940 990375 144540
1207659 132420 1208343 133020
1136751 139140 1137891 139740
310365 133860 311049 134460
1387665 142500 1388349 143100
1376721 133380 1377405 133980
1132533 130980 1133217 131580
1280391 140580 1281075 141180
1280391 134340 1282101 134940
1388805 127140 1389489 127740
831003 127140 832485 127740
159201 127620 159885 128220
1138005 124740 1139145 125340
237975 144900 238773 145500
1377405 138660 1378089 139260
1390743 145860 1391427 146460
242535 126660 243447 127260
1385955 145860 1386639 146460
832599 134820 833397 135900
535971 139620 537339 140220
1356087 142980 1357113 143580
1279479 145860 1280277 146460
1375353 134820 1376037 135420
1371363 143940 1372047 144540
1382763 144420 1383447 145020
158289 126660 159087 127260
1379913 132900 1380597 133500
759981 127620 760665 128220
88293 132900 90117 133500
1388235 140580 1388919 141180
1366803 143460 1367487 144060
311277 144420 311961 145020
235695 133860 236379 134460
1135611 138180 1135839 138780
1389489 131940 1390173 132540
679953 145380 680409 145980
1058319 139620 1060941 140220
1388577 134340 1389261 134940
463353 143460 465063 144060
310251 140580 310935 141180
1388577 139620 1389261 140220
92511 127620 93879 128220
1392795 143940 1393479 144540
1396899 142020 1397583 142620
1368627 141540 1369311 142140
908067 124740 909321 125340
1059915 143460 1060713 144540
1375923 143940 1376607 144540
235923 125220 236607 125820
239229 125220 239913 125820
1381509 130980 1382193 131580
237975 140580 238659 141180
1386981 131460 1387665 132060
1367829 143460 1368513 144060
233187 136740 233871 137340
236379 136740 237063 137340
1381509 130020 1382193 130620
983307 143460 984789 144540
1364751 133860 1365549 134460
1368969 142980 1369653 143580
1376721 141060 1377405 141660
239343 126180 240027 126780
1376379 131460 1377063 132060
1369653 141540 1370337 142140
387315 142500 389025 143100
611439 145860 612465 146460
390051 145380 393015 145980
308769 134820 309453 135420
1205835 135780 1207317 136380
911601 138660 912399 139260
1378659 134820 1379343 135420
242307 136260 243447 136860
531411 138660 532209 139740
761463 127620 761805 128220
1138119 145380 1138917 145980
311391 126180 312075 126780
756561 128100 757929 128700
1378431 127620 1379115 128220
160455 135300 161253 135900
1139715 137700 1140513 138300
535743 135780 536313 136380
1383447 130980 1384131 131580
1388007 137220 1388691 137820
242535 130500 243447 131100
1396671 141060 1397355 141660
1282899 130020 1283583 131100
1128771 144900 1130253 145500
1138005 141060 1138689 141660
1370451 144900 1371363 145500
1362015 140580 1363041 141180
1391997 127620 1392681 128220
462099 140580 465063 141180
1380255 133860 1380939 134460
310251 135300 310935 135900
1377063 127140 1378089 127740
530385 145380 531069 145980
240825 128100 241509 128700
608475 142500 609615 143100
1208457 136740 1209141 137340
1364979 141060 1366461 141660
382755 141060 384123 141660
1389717 125220 1390401 125820
607563 134820 608589 135420
1378203 138660 1378887 139260
530841 131940 531525 132540
236835 140100 237519 140700
165129 131460 165927 132060
313671 129540 314355 130140
1380027 142500 1380825 143100
908181 140580 908865 141180
1363383 130500 1364181 131100
312759 127620 313443 128220
531069 136260 531753 136860
463695 137220 464379 137820
1131963 133860 1132647 134460
310365 139620 311049 140220
910803 139620 911601 140220
1396557 145380 1397241 146460
680865 133860 681321 134460
611325 129060 612009 129660
230337 125220 233301 125820
1382193 133860 1382877 134460
240369 125220 241053 125820
1388805 124740 1389489 125340
1277883 129060 1278225 129660
1390515 132420 1391199 133020
1384701 141060 1385385 141660
1379913 135780 1380597 136380
463011 135780 463695 136380
1364865 126660 1365549 127260
389823 138660 391077 139260
1386981 145860 1387665 146460
757473 131940 758157 132540
1388577 132420 1389261 133020
835335 139620 836133 140700
1058319 145380 1060941 145980
1367145 132420 1367829 133020
684513 132420 684969 133020
388911 130020 389709 131100
162393 142980 163077 143580
836703 145860 837045 146460
313443 133860 314127 134460
238317 135780 239001 136380
682119 132900 682917 133500
538707 124260 539505 125340
1392795 134820 1393479 135420
308313 129540 308997 130140
1376265 138180 1376949 138780
314811 145860 315495 146460
1370565 143940 1371249 144540
688275 132900 688617 133500
1392795 144900 1393479 145500
680865 125220 681321 125820
238887 140580 239571 141180
1132077 132900 1132761 133500
757473 133380 758157 133980
87495 130020 88179 130620
163761 142500 164445 143100
161253 132420 161937 133020
1289853 125220 1290423 125820
85671 128580 90345 129180
1283127 129060 1283469 129660
537339 130980 538137 132060
757473 135300 758157 135900
1132419 144420 1132761 145020
91941 124740 92625 125340
84987 138180 85785 138780
1376493 139140 1377177 139740
235809 126180 236493 126780
689073 140580 689757 141180
234783 126660 235467 127260
234441 139620 235125 140220
910803 129540 911487 130140
760893 137220 761577 137820
82935 130980 83619 131580
1382877 126180 1383561 126780
233871 141540 234555 142140
1282899 127620 1283583 128220
85215 126660 86013 127260
679611 138180 679953 138780
1379229 145380 1379913 145980
89433 137220 90345 137820
1397697 141540 1398381 142140
683943 129060 684513 129660
1387893 128100 1388577 128700
1284951 132900 1285635 133500
1289055 141060 1289853 141660
1384017 138180 1384701 138780
1135725 127140 1136409 127740
233415 142500 234099 143100
1384131 134340 1384701 134940
1387551 127140 1388235 127740
1380483 124740 1381737 125340
1373757 145860 1374441 146460
380019 131940 380703 132540
1281987 127140 1282785 127740
1288827 133860 1289169 134460
690327 132420 692151 133020
831687 132900 832485 133980
911601 129060 912399 129660
1136295 124740 1137435 125340
1383675 133380 1384359 133980
309909 129540 310593 130140
1277769 143940 1278453 144540
1059915 136740 1061853 137820
684855 143940 687477 144540
1391769 142980 1392453 143580
234897 125700 235581 126300
1390743 129540 1391427 130140
1365663 132900 1366461 133500
1386981 133380 1387665 133980
987411 124260 988893 125340
610071 143460 611781 144060
239685 136740 240369 137340
1382421 131460 1383105 132060
1392567 135780 1393251 136860
158289 124740 159087 125340
1382193 125220 1382877 125820
310935 127620 311619 128220
912627 125700 913425 126300
757473 140100 758157 140700
834879 129060 836361 130140
1283469 137700 1284153 138300
1134015 130980 1134699 131580
1384701 135300 1385385 135900
1361103 134820 1361787 135420
684513 136740 685197 137340
610299 128100 612009 128700
909891 126660 910689 127260
309567 128580 311391 129180
457995 131460 458337 132060
1393593 141540 1394277 142140
1382535 130500 1383219 131100
1059231 130020 1060029 131100
1131735 134820 1132077 135420
1134243 127140 1134927 127740
237861 134820 238545 135420
688503 128580 689301 129180
1055697 136740 1057635 137820
833055 127140 833853 128220
1389489 130500 1390173 131100
1205265 131460 1206405 132060
384807 138660 386289 139740
1059231 134820 1060029 135900
685083 135300 685653 135900
379905 124740 381729 125340
612351 136260 613377 136860
683943 128100 684285 128700
1377975 140580 1378659 141180
983307 133860 984105 134940
829179 131940 829521 132540
1381509 136740 1382193 137340
312189 135300 312873 135900
380475 134340 381273 134940
1391769 132420 1392453 133020
1280391 143940 1282101 144540
162735 131460 163419 132060
682575 136740 683145 137340
1383903 137220 1384587 137820
232275 140580 232959 141180
690327 126660 691125 127260
1289169 132900 1289853 133500
235581 139140 236265 139740
1056951 142500 1057749 143580
159771 133860 161481 134460
1378431 142500 1379115 143100
1381053 131940 1381737 132540
385263 131940 386061 133020
459135 140580 460845 141180
1371933 139620 1372617 140220
1371135 126180 1371933 126780
87837 134820 88521 135420
240711 126180 241395 126780
984105 141540 984789 142140
1380369 126660 1381053 127260
1376265 134340 1376949 134940
538251 145380 539049 146460
1280847 127140 1281531 127740
162051 138180 162735 138780
1285635 138180 1286319 138780
308997 141060 309681 141660
83619 131940 84303 132540
1280391 133380 1282101 133980
390051 128100 390621 128700
313557 145860 314241 146460
761463 128580 761805 129180
607677 141540 608361 142140
1377975 141540 1378659 142140
1381395 135780 1382193 136380
1289511 131940 1289853 132540
1386183 130500 1386867 131100
388911 139620 389709 140700
681435 128100 682005 128700
236835 139140 237519 139740
1370565 139140 1371249 139740
237063 126180 237747 126780
238317 145860 239001 146460
758955 144420 759753 145500
835563 127140 835905 127740
756561 145380 758499 146460
534831 139620 535629 140700
1371591 128580 1372389 129180
160569 130500 161253 131100
1386183 142020 1386981 142620
1374441 140580 1375125 141180
1059231 127140 1060029 128220
161823 126660 162165 127260
610641 138180 611325 138780
457425 145380 459363 146460
537339 144420 538137 145500
239571 130020 240255 130620
92511 125700 93309 126300
906699 130020 907383 130620
80769 134340 81567 134940
680865 140100 681549 140700
386175 130980 388113 132060
242649 133380 243447 133980
1382877 136740 1383561 137340
1280619 142500 1281417 143100
1376607 129540 1377291 130140
1384017 125220 1384701 125820
1138005 129060 1138689 129660
535629 142020 537909 142620
1381509 126180 1382193 126780
1286433 132420 1287117 133020
1379913 134820 1380597 135420
383895 128100 385605 128700
313443 143940 314127 144540
463011 142500 463581 143100
379905 144900 382185 145500
1282443 137700 1283013 138300
985815 135780 987297 136860
1381281 127140 1381965 127740
836931 137700 837501 138300
460503 131940 460845 132540
1281987 128100 1282785 128700
1393023 126180 1393593 126780
909207 139620 910005 140220
838983 133380 839325 133980
384807 130020 385605 131100
1138119 130980 1138803 131580
1281987 142020 1282329 142620
1354833 143940 1356201 144540
686337 137700 687591 138300
840579 137220 841719 137820
834879 135780 835563 136380
1392111 126660 1392795 127260
385263 135780 386061 136860
1375353 138660 1376037 139260
1289055 139620 1289853 140220
389367 133860 390165 134940
1382079 138660 1383561 139260
1386183 137700 1386753 138300
611553 141540 612237 142140
1380255 137700 1381053 138300
535287 129540 538593 130140
982053 136740 982965 137340
1383903 143940 1384587 144540
88977 126180 89889 126780
533919 145380 534717 146460
1209027 137700 1209711 138300
608361 130980 609045 131580
160455 127140 161025 127740
982623 129060 983421 130140
1055697 143940 1057065 144540
756561 141540 758499 142620
1131735 136740 1132191 137340
311163 137700 311847 138300
1277883 128100 1278567 128700
1283583 126660 1284267 127260
534831 135780 535629 136860
457425 137700 459363 138780
1373187 143940 1373985 144540
688617 139620 689301 140220
234555 142500 235239 143100
313101 135780 313785 136380
312189 126660 312873 127260
1396557 137220 1397241 137820
1360647 130020 1362129 130620
1384815 137220 1385499 137820
1286091 131460 1287801 132060
1381167 142500 1382877 143100
86355 134820 86925 135420
838983 128100 839667 128700
457425 134820 459249 135420
538251 142500 539049 143580
685539 138660 687249 139260
834195 145380 834993 146460
314811 141060 315495 141660
609159 144900 609843 145500
384579 129060 386403 129660
460731 142500 461529 143580
84987 125700 86469 126300
687933 144900 688617 145500
1377519 136740 1378203 137340
533007 142500 533805 143580
1055697 134820 1057635 135900
312531 129060 313329 129660
386403 145380 387201 146460
534831 127140 535629 128220
1281759 136740 1282329 137340
313671 128580 314355 129180
84303 145860 87381 146460
1287231 141060 1287915 141660
390393 130020 391077 130620
85671 140580 86469 141660
314811 136260 315495 136860
1380027 130500 1380825 131100
684171 140100 685425 140700
1361559 130980 1363041 131580
1057521 126180 1059345 126780
1133901 139620 1134585 140220
1137093 144420 1138005 145020
1377861 137700 1378545 138300
986043 142020 987753 142620
1379115 139620 1380825 140220
533463 124260 534261 125340
1376265 142980 1376949 143580
1383903 129060 1384701 129660
313215 140100 314013 140700
1367715 129540 1369197 130140
1395303 137220 1395987 137820
1133331 127620 1133901 128220
612351 140100 614631 140700
1284951 127620 1285749 128220
679041 134340 680409 134940
314811 129540 315381 130140
688047 124260 688845 125340
981027 141540 982509 142620
1356657 135780 1358481 136380
1384815 131460 1385613 132060
311391 129540 311961 130140
312759 137220 313557 137820
684171 145860 684969 146460
911031 126180 912285 126780
379905 141540 382185 142140
1287003 133860 1287801 134460
234783 131940 235581 132540
1387551 138180 1388349 138780
309795 142980 310593 143580
834879 124260 836361 125340
686223 132420 686793 133020
1360419 144900 1362129 145500
762147 139140 762489 139740
1373187 140100 1373871 140700
609045 137700 609729 138300
1397583 129060 1399407 129660
1393935 143460 1395189 144060
310707 143460 311277 144060
980457 136740 981141 137340
537339 137700 538821 138780
831687 139620 832485 140700
457425 143940 458793 144540
85215 130020 86925 130620
85215 130980 86013 131580
538707 134820 539505 135900
1211079 136260 1212903 136860
983421 136740 983649 137340
1391655 137220 1392681 137820
1281645 145380 1282329 145980
1397013 125220 1399407 125820
312531 130020 313329 130620
83619 127620 85329 128220
535743 141060 536427 141660
1361331 124740 1361901 125340
1133331 142020 1134015 142620
82251 135780 83277 136380
683715 130020 684399 130620
1362471 143460 1364295 144060
535059 132900 536541 133980
1360305 129060 1361673 129660
760551 145380 762489 146460
236151 132900 236949 133500
1374327 142980 1374897 143580
1278795 124740 1279365 125340
1136979 145860 1137549 146460
539277 136740 540645 137340
1060599 126180 1061967 126780
1134927 143940 1135725 144540
1375239 126180 1376037 126780
457425 139620 463011 140220
530955 130500 531297 131100
679041 124740 680295 125340
539847 138660 541215 139260
1369083 127620 1370337 128220
1382535 145380 1383333 145980
1370451 125220 1371249 125820
233415 145380 233985 145980
84987 133860 86697 134460
231135 131940 231933 132540
311391 140100 312189 140700
1138119 136260 1138917 136860
1380027 138660 1380825 139260
987183 127140 989007 127740
1376607 137220 1377405 137820
609729 141540 610413 142140
982623 142500 984105 143100
1379115 140580 1380825 141180
1377063 126180 1378317 126780
240255 133860 241509 134460
834651 132900 835449 133980
1371363 127140 1372161 127740
609159 135300 611553 135900
1369539 130500 1370337 131100
833739 142500 839325 143100
606993 129060 608361 129660
1363611 124740 1364409 125340
459363 136740 460731 137340
1381395 129060 1382193 129660
608703 136260 609957 136860
1135839 144900 1136409 145500
1371819 136740 1372617 137340
163647 141540 165927 142140
836703 135780 837501 136380
529473 130980 530841 131580
540987 129540 542013 130140
1207659 136740 1208229 137340
1374327 134340 1374897 134940
1364295 128580 1365549 129180
1132191 128100 1132761 128700
1384359 144900 1385385 145500
87723 133860 89205 134460
690327 133380 692151 133980
84759 135780 85557 136380
1368627 130500 1369425 131100
1131735 141540 1132761 142140
390963 143460 393015 144060
85443 132900 87153 133500
1389603 144420 1390173 145020
1393479 130980 1394049 131580
308427 131940 308883 132540
90687 142500 91485 143580
1375239 127140 1376037 127740
829863 129540 830889 130140
840807 139140 841719 139740
1205265 133860 1206633 134460
1376379 128100 1376949 128700
308199 141540 308769 142140
1132419 129060 1132989 129660
1365435 144420 1366461 145020
460047 143940 462213 144540
838869 139140 839553 139740
690327 130020 692151 130620
685767 145380 686337 145980
909663 125220 910689 125820
906927 132420 907725 133020
1134699 128100 1135953 128700
1367715 128580 1369197 129180
1385955 131940 1386525 132540
540759 142500 542583 143100
162051 133860 163077 134460
538137 141060 539961 141660
1382991 124740 1383789 125340
87723 138180 88749 138780
1361559 133860 1362813 134460
1371819 138660 1372617 139260
910575 132420 911829 133020
1382991 143460 1383561 144060
1376607 135300 1377177 135900
1354833 145860 1356201 146460
387315 137700 388797 138780
1372503 126180 1374555 126780
1207203 141540 1208229 142140
1211079 139620 1212903 140220
1283355 132420 1284153 133020
1354833 135300 1356201 135900
84531 124260 85557 125340
1390971 142980 1391541 143580
89547 130020 90573 130620
1369539 125700 1370337 126300
979431 144420 980001 145020
540759 144420 542583 145020
1139031 144420 1139601 145020
1134243 142980 1135269 143580
89319 124260 90345 125340
162051 132900 162621 133500
237291 136740 237861 137340
535743 136740 538821 137340
84759 131940 85329 132540
463239 132900 465063 133500
85443 142980 86469 143580
1394847 144900 1395417 145500
459591 130980 460389 131580
762831 137220 764199 137820
838983 140100 839553 140700
682347 141060 685197 141660
1354833 127140 1356201 127740
1138803 137220 1139601 137820
1381167 134820 1382193 135420
1372731 127620 1373529 128220
233871 125220 234669 125820
1284039 133860 1285293 134460
980799 134340 981597 134940
232503 127140 233073 127740
540531 145380 542583 145980
312987 126180 314013 126780
1278339 135300 1279137 135900
1277883 134340 1278681 134940
1206975 133860 1208229 134460
1387095 128100 1387665 128700
1284267 130500 1285065 131100
1372503 141060 1373301 141660
240825 138660 241053 139260
234897 124740 235695 125340
1130367 130980 1130937 131580
1056723 130500 1057293 131100
1378203 144900 1379001 145500
379905 140580 381501 141180
1382079 141540 1383561 142140
979203 142500 980001 143100
1396671 136260 1397241 136860
1207887 131460 1208457 132060
390963 128100 393015 128700
1354833 139620 1356201 140220
539505 139620 540189 140220
989235 130020 991287 130620
1288143 140100 1288941 140700
830547 145380 831801 145980
840351 140100 841719 140700
980115 128580 980913 129180
389367 143460 390621 144060
1394847 136260 1395417 136860
758499 138660 759069 139260
162507 129060 163305 129660
1206747 131940 1207545 132540
909663 140580 910461 141180
312303 143460 312873 144060
610527 142020 611325 142620
907611 130020 908181 130620
162963 130020 163761 130620
1061283 130020 1063335 130620
906927 139140 907725 139740
986727 132900 987525 133980
983535 132900 984105 133500
386403 141060 387087 141660
87267 143460 88065 144540
1288143 132900 1288941 133500
160683 125700 162279 126300
1131279 130980 1132077 131580
534375 128580 537225 129180
1139031 127140 1139601 127740
1361103 145860 1361901 146460
1364979 142500 1366233 143100
1284267 131460 1285065 132060
159543 124740 160341 125340
14079 129060 14877 129660
379905 143460 381045 144060
83391 138180 84417 138780
383211 131460 384009 132060
1287687 130500 1288485 131100
1384131 142980 1385385 143580
314583 124740 315153 125340
381843 128100 382641 128700
82251 125700 83505 126300
1393023 133860 1394049 134460
1289739 127620 1290309 128220
461187 131940 463695 132540
912627 133380 913653 133980
159771 141540 160569 142140
759183 126660 759753 127260
310479 144900 311049 145500
680979 135780 681777 136380
762147 125220 764199 125820
1129455 132900 1130253 133500
1360875 139140 1361445 139740
610299 126660 611097 127260
835905 134340 838299 134940
691011 144900 692151 145500
161823 124740 162621 125340
161595 135300 162393 135900
912171 145380 913767 145980
1135839 130500 1136637 131100
529473 124740 533235 125340
680979 134820 681777 135420
1285407 140580 1286547 141180
1367715 134820 1368969 135420
684627 130500 685881 131100
529473 129540 530613 130140
838755 127140 839781 127740
911715 125220 912285 125820
1134471 137220 1135269 137820
1282899 131460 1283697 132060
384123 125220 384921 125820
681891 133860 682461 134460
1282671 132900 1283241 133500
1384587 127140 1385385 127740
535743 138660 536313 139260
538707 131460 539505 132060
160455 129540 161253 130140
241053 130500 242193 131100
163875 131940 164445 132540
613377 137220 614631 137820
379905 139140 381045 139740
835563 136740 836361 137340
614403 141060 614631 141660
1286547 130500 1287345 131100
913539 140100 913767 140700
1284267 136740 1284837 137340
84759 134820 85329 135420
387087 134820 387771 135420
1211307 127140 1212903 127740
529473 126660 530727 127260
1381281 145860 1381737 146460
307857 143460 309111 144060
1386411 124740 1387209 125340
384123 138180 384693 138780
1211079 131940 1212903 132540
1281987 132420 1282557 133020
536769 132420 542355 133020
613719 142980 614631 143580
1055697 131460 1057749 132060
1205265 127620 1207773 128220
612123 135300 613377 135900
762945 126660 764199 127260
1211535 143940 1212105 144540
1210623 138660 1212903 139260
687819 137700 689985 138300
1139259 126180 1139487 126780
613719 135300 614517 135900
1056609 138180 1057293 138780
386175 127620 386403 128220
1280163 128100 1280961 128700
1395531 145380 1396101 145980
1358481 131460 1359393 132060
1131279 145380 1132077 145980
908523 139140 909093 139740
235467 134820 236379 135420
391077 140100 391305 140700
241167 134820 241965 135420
457425 136740 457653 137340
1395987 139620 1397241 140220
233985 137220 234441 137820
606993 139620 608133 140220
1360305 133860 1361217 134460
241623 143940 242193 144540
82023 131940 83277 132540
542355 138180 542583 138780
1127745 145860 1130253 146460
463467 139620 465063 140220
1060827 140580 1061397 141180
1357227 127140 1358481 127740
83619 132900 84303 133500
1061739 127620 1063335 128220
159999 134820 160227 135420
240711 135780 241509 136380
1377633 144420 1378089 145020
757815 136740 758385 137340
531639 130980 532437 131580
1206519 134820 1206747 135420
835563 143460 836133 144060
682575 129060 683145 129660
84759 136740 85329 137340
233187 141540 233757 142140
386403 132420 386973 133020
1372503 134340 1373301 134940
1391655 143940 1392453 144540
1139943 129540 1140513 130140
1127745 143940 1130253 144540
380931 128580 381501 129180
1205265 139140 1206177 139740
387087 143460 387657 144060
1137435 126180 1138005 126780
386859 129060 388797 129660
231591 126660 232047 127260
1362243 134820 1362699 135420
92967 128580 93879 129180
90687 136740 91485 137340
235923 131940 236607 132540
683259 136740 683829 137340
1398495 130020 1399407 130620
1277313 141060 1278225 141660
531411 142020 532095 142620
687933 128100 688161 128700
1359735 126180 1360191 126780
92739 144900 93879 145500
1206063 144420 1206633 145020
236835 128100 237291 128700
464151 131460 465063 132060
759867 126180 760779 126780
1398267 126180 1399407 126780
388911 141540 389481 142140
382869 131940 383097 132540
240939 136740 241395 137340
533235 125700 534033 126300
89775 138180 90345 138780
384123 134820 384693 135420
1289055 126180 1289625 126780
684627 128100 686565 128700
1386183 135300 1386411 135900
314583 131460 315267 132060
237291 145860 237747 146460
313899 127140 315495 127740
1277313 132420 1278453 133020
1289397 125220 1289625 125820
1138119 128100 1139373 128700
1280049 131460 1280277 132060
1277313 136260 1277997 136860
1208115 126180 1208685 126780
234783 130980 235353 131580
1377519 134820 1378089 135420
838983 144420 839553 145020
911487 127620 912057 128220
92739 130500 93879 131100
828609 129540 829521 130140
1375125 133860 1375581 134460
389595 142500 391533 143100
388227 135300 391077 135900
1284153 128100 1284609 128700
614175 132420 614631 133020
1381509 128100 1381965 128700
1361559 143940 1362129 144540
163191 132900 163761 133500
1379001 143460 1379457 144060
1374441 125220 1375353 125820
315039 134340 315495 134940
1356999 138180 1358481 138780
1211991 145860 1212903 146460
1385499 126660 1386069 127260
1370907 136740 1371363 137340
1374441 130980 1375353 131580
838299 140100 838869 140700
1281987 131460 1282557 132060
540987 136740 542583 137340
535743 144420 536769 145020
1388691 130500 1389147 131100
1138575 132900 1138803 133500
1388007 132420 1388463 133020
909891 143940 910461 144540
240711 143460 241281 144060
379905 138180 380817 138780
1055697 145380 1057749 145980
232389 134820 233985 135420
691239 141060 692151 141660
1138803 142020 1139259 142620
907953 133860 908865 134460
756561 134340 757701 134940
1380939 130500 1381395 131100
231819 139140 232389 139740
1282785 133860 1283013 134460
1376037 144900 1376607 145500
978747 144420 979203 145020
1279251 138180 1279479 138780
687477 126660 688161 127260
457539 135780 458109 136380
1396215 128100 1399407 128700
541671 125700 542583 126300
1390743 124740 1391199 125340
1277313 145860 1277541 146460
831003 137700 831573 138300
1061283 142980 1063335 143580
1287915 134820 1288371 135420
1386981 143940 1387437 144540
841035 144900 841719 145500
613491 145860 614631 146460
1139259 145860 1140855 146460
1140399 132420 1140855 133020
1382307 126180 1382763 126780
1289511 144420 1290423 145020
606993 130020 610413 130620
1385841 142980 1386297 143580
1211763 134340 1212903 134940
1277313 131460 1277997 132060
690213 134340 692151 134940
1372161 135780 1372617 136380
380475 129540 380931 130140
80769 131940 81681 132540
763173 133380 764199 133980
1354833 126180 1358595 126780
679041 132900 681093 133500
1281645 138660 1282101 139260
831003 136740 831573 137340
1367943 136740 1368399 137340
84075 136740 84645 137340
235125 144420 235581 145020
980913 144420 981369 145020
681663 125220 683601 125820
1205265 137220 1207203 137820
165471 132420 165927 133020
1289739 128580 1290423 129180
307857 144900 308313 145500
830775 141060 834537 141660
833511 126180 836361 126780
534603 134820 538365 135420
1288827 131940 1289055 132540
1365663 137700 1366119 138300
230337 136260 231249 136860
683715 134820 684285 135420
1132875 130020 1133445 130620
913197 129540 913767 130140
529473 125700 531069 126300
1279251 144900 1279707 145500
242991 143940 243447 144540
913539 131460 913767 132060
1207203 134820 1208685 135420
1059345 137700 1059573 138300
1394847 127620 1395417 128220
1377405 142980 1377861 143580
84075 140580 85101 141180
233643 139140 234099 139740
837387 145860 838185 146460
1366803 134820 1367373 135420
984675 125220 984903 125820
1205265 140100 1205949 140700
243219 124740 243447 125340
1373871 139140 1374327 139740
690213 137220 692151 137820
982053 132900 982509 133500
606993 136260 607677 136860
762603 131460 764199 132060
1393707 145380 1394277 145980
541899 135300 542583 135900
1279707 142980 1280277 143580
1396899 142980 1397355 143580
1129455 134340 1129683 134940
1383447 130020 1383903 130620
387543 144900 388113 145500
537795 133860 539733 134460
834879 138180 836817 138780
1398723 140580 1399407 141180
1055697 129540 1057749 130140
539163 127620 542583 128220
990831 139140 991287 139740
1379115 138180 1379571 138780
1391313 139140 1391997 139740
691581 142020 692151 142620
1386981 134340 1387437 134940
541899 139140 542583 139740
385377 140100 385605 140700
1140399 140580 1140855 141180
1390743 130500 1391199 131100
1380825 135780 1381167 136380
835563 144420 836247 145020
831459 131460 834309 132060
14763 145380 16359 145980
1281759 139620 1282329 140220
613719 134340 614631 134940
7809 130020 11571 130620
241509 138660 242079 139260
1398951 144900 1399407 145500
1394277 126180 1394733 126780
1277313 138180 1277997 138780
1205265 132900 1205949 133500
990831 136260 991287 136860
990831 127620 991287 128220
611895 142980 613377 143580
986727 140580 989577 141180
1358139 142980 1359165 143580
1058319 143460 1059345 144060
88863 142980 90345 143580
459249 128580 460845 129180
513 126660 7923 127260
1135611 133380 1136181 133980
308199 140580 308883 141180
1390059 134340 1390401 134940
909663 145380 911601 145980
758385 128580 759981 129180
311391 141060 313329 141660
88635 145380 90117 145980
240597 145380 242079 145980
1140399 135300 1140855 135900
833511 144420 834993 145020
1279251 134340 1279821 134940
234555 140580 235011 141180
513 124740 7923 125340
912513 138180 913767 138780
1382763 134820 1383789 135420
834081 138180 834309 138780
243219 140100 243447 140700
90687 139140 91713 139740
90915 133380 91941 133980
908067 138180 910005 138780
1289739 129540 1290423 130140
762033 138180 762375 138780
1279251 133380 1279821 133980
690669 138660 692151 139260
1385385 142020 1385955 142620
459249 141540 460845 142140
1212561 144900 1212903 145500
389823 132420 391305 133020
242421 134340 243447 134940
841035 132420 841719 133020
1289853 130980 1290423 131580
1134129 133860 1134471 134460
1130481 140580 1131051 141180
80769 139620 88179 140220
383553 129060 384123 129660
392559 124740 393015 125340
533007 137700 536769 138300
158289 130500 160227 131100
513 145860 7923 146460
1287687 139140 1288257 139740
691809 142980 692151 143580
838755 143460 839781 144060
242877 127620 243447 128220
1393023 137220 1393593 137820
529473 132900 533235 133500
1380483 129540 1380825 130140
381387 143460 381957 144060
1399065 142980 1399407 143580
234783 145380 235809 145980
1398723 145860 1399407 146460
388683 132420 389253 133020
1206747 130500 1208229 131100
1287459 142500 1288485 143100
679041 130020 680979 130620
1390515 139140 1390857 139740
756561 137700 757587 138300
243105 129540 243447 130140
841035 130500 841719 131100
1359507 135780 1359849 136380
1281987 124740 1283013 125340
