G5:
1129227 129060 1130367 129660
980115 125220 981255 125820
1135725 138180 1136865 138780
1139259 138660 1139487 139260
1138233 134340 1139373 134940
1136181 136740 1137321 137340
1138347 139620 1139373 140220
1128885 142020 1129227 142620
1135155 140100 1136295 140700
1129455 130020 1129683 130620
1137777 133380 1139487 133980
1136181 142020 1136865 142620
159543 134340 160341 134940
1279251 125700 1280049 126300
906129 141060 911715 141660
1129113 134820 1129797 135420
833739 142980 838413 143580
907953 142020 909321 142620
1138689 132420 1139373 133020
385491 128100 386289 129180
683943 128580 688617 129180
1132647 135300 1134015 135900
387087 145380 389481 145980
686793 134340 688731 134940
1057635 142980 1060029 143580
978747 130500 981141 131100
1394163 139620 1394961 140220
828609 129060 834195 129660
237975 142500 238545 143100
1384587 129060 1385613 129660
379905 145380 385491 145980
1136067 134340 1136865 134940
1279707 132420 1280505 133020
307857 145380 313443 145980
1377291 141060 1380141 141660
159315 143940 160113 144540
1384473 143940 1385271 144540
1280163 145380 1280733 145980
1367715 137700 1368969 138300
608247 129060 609045 129660
612123 132900 614631 133500
1357227 134820 1358481 135420
983991 134340 989577 134940
838983 141540 840009 142140
1135041 145380 1136637 145980
907953 131460 909321 132060
760437 136260 762375 136860
1131963 137700 1132761 138300
1137891 141540 1138689 142140
1283583 138660 1284381 139740
85671 138180 86697 138780
982851 125220 983649 125820
463011 136740 465063 137340
1128543 140580 1129341 141180
1134813 138660 1135041 139260
162963 138660 163761 139260
82023 135300 82821 135900
689415 141060 691353 141660
382527 128100 383325 128700
1278567 130500 1279365 131100
1132419 131940 1133673 132540
1134585 133380 1134813 133980
1372731 144420 1374555 145020
381387 130500 384237 131100
1136865 141060 1137093 141660
690441 130500 691125 131100
689187 139620 689757 140220
1386867 135300 1387551 135900
1137663 125220 1138461 125820
89091 134340 89889 134940
980115 134340 980913 134940
162507 140580 163305 141180
1357227 127620 1358481 128220
1134471 135300 1134699 135900
1277883 131460 1278681 132060
1282215 143460 1284723 144060
457425 127140 459933 127740
1391199 141060 1391997 141660
381729 131460 383325 132060
1133673 144420 1134813 145020
1374441 136740 1375353 137340
978975 135300 981141 135900
237747 127140 238545 127740
1288827 128580 1289283 129180
1371135 138180 1372275 138780
1138347 129540 1138917 130140
1138689 130980 1139145 131580
1397697 137700 1397925 138300
689415 130020 689985 130620
1277313 129540 1278453 130140
159657 145860 160797 146460
1129227 137220 1129683 137820
909891 130980 912399 131580
1386867 130980 1387665 131580
1388805 140580 1389603 141180
538023 130980 540873 131580
1362471 145380 1363269 145980
233643 131940 234897 132540
683487 125220 684057 125820
683943 131460 686451 132060
1387893 140580 1388349 141180
1128543 131940 1129113 132540
1392111 128580 1392909 129180
236835 132900 237291 133500
391419 135780 393015 136380
1370223 140580 1371021 141180
458679 138660 460845 139260
381387 140580 382185 141180
840123 137220 840693 137820
1287231 127140 1287801 127740
1388919 136260 1389489 136860
388113 129540 389253 130140
1376151 127620 1377405 128220
311619 130500 313785 131100
1382079 134820 1382877 135420
1369767 134340 1370337 134940
682347 134340 685767 134940
683487 130500 684741 131100
239571 144900 240369 145500
1134927 137700 1135269 138300
1380939 128580 1381509 129180
162279 134820 163077 135420
313329 143940 313557 144540
1136979 132420 1138119 133020
979659 127620 982737 128220
159543 132900 160227 133500
1134927 132420 1135155 133020
1286319 134340 1289739 134940
1375239 132420 1376037 133020
684399 143940 684969 144540
837387 127140 838185 127740
1134015 141060 1134585 141660
389595 130500 392445 131100
382755 142980 383553 143580
685653 133380 686337 133980
682917 137220 690327 137820
164103 129540 164673 130140
758385 133860 759183 134460
1373529 142980 1374441 143580
1138803 126180 1139373 126780
237747 136740 239799 137340
382071 142020 382641 142620
987183 138660 987525 139260
233073 143460 233529 144060
1365549 131940 1366005 132540
232047 134820 232503 135420
90687 145860 91485 146460
1131735 126180 1132533 126780
1393365 138180 1394961 138780
236949 128580 237405 129180
14193 130500 14649 131100
1286319 128580 1287345 129180
230337 126180 233187 126780
234783 130500 236949 131100
1138803 140580 1139373 141180
1386183 136260 1387095 136860
683031 126660 685881 127260
987183 129540 990945 130140
457425 134340 460845 134940
1360875 145380 1361445 145980
236607 141060 239457 141660
540075 145380 540645 145980
538479 141540 540417 142140
1287117 130020 1288029 130620
236835 137700 237291 138300
1360077 126180 1360989 126780
1380711 136260 1383561 136860
1206291 131460 1206861 132060
1279935 139620 1280163 140220
681663 135780 685083 136380
1288827 129540 1289283 130140
679041 140580 686451 141180
1059345 140580 1060485 141180
1285293 138180 1285749 138780
232389 133380 233187 133980
160683 128580 161253 129180
1131507 136260 1132191 136860
1287687 128580 1288371 129180
308427 135300 310365 135900
839439 132900 841719 133500
831687 145380 832257 145980
979089 125220 979317 125820
758043 126180 759981 126780
1380141 125220 1380597 125820
1278795 144420 1279251 145020
537795 128100 538365 128700
160911 142980 161481 143580
1290195 127620 1290423 128220
1207545 138660 1208001 139260
687135 136260 687705 136860
1383105 130500 1386297 131100
687819 125220 688503 125820
687249 127140 688161 127740
461415 142500 463011 143100
1388805 144420 1389717 145020
313215 134340 313671 134940
1280163 131460 1280733 132060
1283355 128100 1283811 128700
834081 144900 834993 145500
760665 127140 762603 127740
234441 135300 234897 135900
532323 137220 535173 137820
758385 142020 759981 142620
1375923 136740 1376151 137340
1133787 142500 1135041 143100
1376949 131940 1377405 132540
1281303 129060 1283241 129660
90573 130980 91485 131580
162963 142980 164901 143580
834651 143940 837501 144540
679041 139140 682803 139740
1135611 135300 1136295 135900
310479 127140 313329 127740
382071 139620 384921 140220
1361559 134340 1364409 134940
1288371 131460 1290423 132060
1277313 137220 1278225 137820
1209711 142980 1210623 143580
1208115 133860 1208685 134460
1390059 131460 1390287 132060
1380939 131460 1382535 132060
1139943 140580 1140513 141180
1139259 128580 1139829 129180
1397583 139620 1397811 140220
1390287 139620 1392225 140220
685539 143460 687477 144060
1364523 141540 1366005 142140
1280163 142980 1280733 143580
1390059 144420 1397469 145020
531183 130980 531753 131580
1378887 144900 1380825 145500
1130139 144900 1131621 145500
238887 126660 240483 127260
1361103 131460 1361559 132060
609501 139620 613263 140220
610755 127620 612237 128220
1140399 133380 1140855 133980
1140399 139140 1140855 139740
529473 125220 536883 125820
1393365 134820 1394961 135420
832713 130020 832941 130620
1361445 125220 1364865 125820
1289511 128100 1289853 128700
385947 136260 388797 136860
1279935 142020 1280505 142620
1136523 129060 1138119 129660
1388235 128580 1389717 129180
1362015 132420 1363953 133020
1386411 131940 1389603 132540
1060599 143940 1062537 144540
1383447 143460 1384131 144060
1288371 130500 1289055 131100
238431 132900 238659 133500
1137777 138660 1138347 139260
1383447 126180 1383903 126780
1364637 134340 1368057 134940
232161 140100 233187 140700
236379 135780 238431 136380
1131507 133860 1131963 134460
539163 140100 542583 140700
382527 136260 385377 136860
1394163 141540 1395645 142140
1386183 137220 1388121 137820
1128315 126180 1128885 126780
1135611 132420 1136637 133020
756561 131460 759981 132060
91143 134340 91713 134940
391419 137700 393015 138300
457995 131940 458565 132540
829863 126180 833625 126780
610527 126180 612009 126780
240711 126660 242649 127260
459249 125220 460845 125820
1279251 128100 1280277 128700
1389375 125700 1390971 126300
908979 139140 912741 139740
158289 128100 160227 128700
1277313 134820 1279251 135420
1364295 144900 1368057 145500
611211 130980 613149 131580
241053 125700 241965 126300
159771 136740 163533 137340
1383447 140580 1387209 141180
309339 143460 310821 144060
1130823 128100 1132305 128700
238203 129540 239001 130140
83163 135780 83619 136380
1278795 135780 1279251 136380
1377291 137700 1377975 138300
160113 140100 161709 140700
1288599 126660 1289625 127260
684513 125700 686109 126300
160683 135780 164445 136380
457425 136260 457653 136860
1372503 130500 1376265 131100
1289055 127620 1289397 128220
386175 145380 386517 145980
160113 142020 163875 142620
307857 126180 309795 126780
239229 138180 241167 138780
1207203 135300 1208685 135900
88863 144420 92283 145020
536769 134340 540531 134940
689643 126660 690327 127260
988779 143940 989805 144540
235011 139620 237861 140220
536769 130020 540531 130620
236493 131940 237975 132540
907611 127140 911373 127740
610641 135780 612579 136380
1288827 125220 1289511 125820
1375353 141060 1376835 141660
534603 135300 538365 135900
1287003 132420 1287573 133020
1377519 126660 1378545 127260
1383333 135300 1384815 135900
1362015 127140 1369425 127740
758499 128100 762261 128700
909891 136260 911829 136860
1130139 141060 1131621 141660
1376949 130020 1380711 130620
828609 130500 832371 131100
539391 135300 541329 135900
1370907 129540 1374669 130140
612579 127620 614061 128220
1128999 128100 1129341 128700
987183 135780 989121 136380
312075 138180 314013 138780
232275 139140 233757 139740
912171 126180 913767 126780
162963 145860 164901 146460
681663 133380 683601 133980
383439 131940 385377 132540
1288827 140580 1290423 141180
679041 142020 686451 142620
1207203 142020 1208685 142620
238773 139140 239229 139740
1373187 134340 1373643 134940
979317 129060 981255 129660
1130139 135300 1131621 135900
1371135 131460 1374897 132060
83619 132420 91029 133020
241395 137220 241965 137820
1281303 142500 1282785 143100
836931 134820 839781 135420
1279023 143460 1280049 144060
240255 141060 242193 141660
608931 144900 609273 145500
1390401 136260 1390857 136860
242079 142020 242649 142620
1282899 136740 1284381 137340
911373 129540 913311 130140
1281987 138660 1282557 139260
233985 130500 234555 131100
1207431 139620 1209369 140220
1359279 137220 1359621 137820
460275 130980 463695 131580
1137777 135780 1139715 136380
687819 130980 688389 131580
760323 139140 762261 139740
163761 144420 164217 145020
837387 135780 839325 136380
90231 137220 92169 137820
1138803 125220 1139487 125820
909891 143460 911829 144060
1281987 135300 1283013 135900
161823 137700 163761 138300
1382079 132900 1383105 133500
679041 144900 686451 145500
1381053 139140 1384815 139740
756561 137220 758499 137820
1374441 127140 1375353 127740
756561 138660 758499 139260
240255 142500 240939 143100
912285 128100 913767 128700
907953 135300 909549 135900
839895 128580 840465 129180
313443 137220 314127 137820
381045 126660 388455 127260
1279023 138660 1279593 139260
1209027 137220 1212789 137820
906699 137700 908637 138300
679041 125220 680979 125820
684855 139140 688617 139740
1391313 129540 1391883 130140
836703 138180 838185 138780
910347 132900 912285 133500
162507 130500 163989 131100
530613 126660 531069 127260
513 138660 7923 139260
829863 144420 833625 145020
1370223 141540 1372161 142140
88065 129540 91827 130140
388683 128100 390165 128700
1392339 132420 1393365 133020
1055697 126660 1057635 127260
235809 141060 236379 141660
231933 144420 233187 145020
1285635 127620 1287117 128220
307857 137220 311619 137820
380931 135300 388341 135900
379905 138660 381843 139260
686907 125700 687249 126300
1390173 132900 1392111 133500
1392339 133380 1393365 133980
1134585 130980 1136523 131580
690213 138660 690783 139260
839325 140580 840351 141180
1139373 143940 1140855 144540
1208913 130980 1209255 131580
160911 124740 161937 125340
1137891 137700 1138461 138300
1378431 137700 1380369 138300
906129 133860 908067 134460
1385841 139140 1386411 139740
1369539 138180 1370565 138780
1366347 132900 1370109 133500
234897 133380 235923 133980
537795 124740 538821 125340
7809 129540 15219 130140
1205265 141540 1206747 142140
1377291 142020 1381053 142620
230337 127620 234099 128220
232389 136260 234327 136860
1133673 132900 1134015 133500
235467 137700 236493 138300
83619 133380 87381 133980
1393479 129540 1394961 130140
1279137 137700 1279479 138300
1360419 133380 1364181 133980
159543 129540 160569 130140
1393479 142980 1394961 143580
1140285 130020 1140855 130620
907611 136260 909549 136860
687705 130020 688389 130620
689187 128580 689871 129180
1277313 145380 1277883 145980
1383675 133860 1391085 134460
513 131940 7923 132540
1130139 140100 1131621 140700
235125 134340 242535 134940
1364295 142980 1368057 143580
838755 142980 839781 143580
161823 132420 165585 133020
606993 134340 610755 134940
1376037 125700 1379799 126300
241623 128580 242649 129180
1386183 142980 1387209 143580
1205265 133380 1207203 133980
1280505 138660 1281759 139260
1280619 137220 1282101 137820
1383447 132900 1387209 133500
1132533 143940 1133559 144540
83163 127140 86925 127740
457995 136260 461757 136860
611211 142020 612693 142620
1391427 134820 1392909 135420
307857 140100 309795 140700
235353 126660 237291 127260
81795 142980 85557 143580
233643 133380 234213 133980
1210965 143460 1211535 144060
836247 129540 840009 130140
1379799 126660 1380483 127260
610071 125220 610641 125820
1281987 125700 1282557 126300
608703 143940 612465 144540
1392339 145380 1393821 145980
513 142980 7923 143580
688503 142020 690441 142620
91143 127140 92169 127740
828609 139140 836019 139740
912171 136260 913197 136860
835449 137220 839211 137820
1059003 129540 1062765 130140
383781 140580 391191 141180
683715 129540 687477 130140
1058775 134340 1062537 134940
1368399 143460 1372161 144060
686679 132420 690441 133020
1130139 132420 1131621 133020
383895 141540 387657 142140
606993 144900 608019 145500
1392339 130020 1392909 130620
1130139 137220 1131621 137820
1372503 138180 1376265 138780
984675 125700 985245 126300
1377177 134340 1378203 134940
1279023 129540 1279593 130140
1138461 142500 1139031 143100
761235 143460 761805 144060
683031 127620 686793 128220
1354833 143460 1358595 144060
1394847 125700 1398609 126300
688389 145380 688731 145980
513 128580 7923 129180
1133103 138180 1133673 138780
1358481 126180 1359507 126780
606993 137220 610755 137820
1354833 129540 1362243 130140
1354833 125220 1358595 125820
687819 143460 688389 144060
1132533 139140 1134129 139740
460503 126660 464265 127260
835905 133860 839667 134460
761121 133860 761691 134460
1358139 144420 1361901 145020
1287003 141060 1287345 141660
1134243 136260 1135269 136860
84531 142020 86013 142620
828609 136260 836019 136860
1055697 137700 1059459 138300
1370223 125700 1373985 126300
382527 144420 383553 145020
1281987 126660 1283013 127260
1280619 136260 1282101 136860
458679 130980 459705 131580
379905 133860 387315 134460
979203 136260 982965 136860
1376607 136740 1377633 137340
513 143940 7923 144540
1205265 136260 1209027 136860
529473 141540 536883 142140
241965 130020 243447 130620
389595 139620 391533 140220
7809 136740 11571 137340
613035 138180 614061 138780
1359507 128100 1366917 128700
458907 132420 462669 133020
1283811 142500 1287573 143100
539391 139140 541329 139740
1205265 125220 1209027 125820
979203 141060 986613 141660
1130139 145860 1131621 146460
383667 142500 387429 143100
531183 127620 534945 128220
1377063 139140 1380825 139740
1282443 133380 1289853 133980
1283811 140100 1287573 140700
1280619 130500 1282101 131100
762717 138660 764199 139260
307857 131460 311619 132060
235239 142020 236265 142620
1139145 142020 1140171 142620
686223 130500 686793 131100
86355 140580 90117 141180
608703 127620 610185 128220
1364295 139140 1368057 139740
760323 125700 764085 126300
1358139 140580 1361901 141180
1130139 142980 1131621 143580
1058319 143940 1059345 144540
1362015 142020 1362357 142620
231819 142500 232845 143100
759639 133860 760665 134460
383667 138180 384237 138780
1362927 130980 1370337 131580
759639 129060 760665 129660
1284723 136740 1288485 137340
239685 139140 243447 139740
1282443 134340 1283013 134940
758043 135300 761805 135900
536769 143460 540531 144060
1286205 138180 1286775 138780
80769 125220 84531 125820
307857 142020 309795 142620
1132533 140580 1133217 141180
310479 125700 314241 126300
907383 144420 911145 145020
1374441 134820 1375467 135420
1373415 128580 1377177 129180
1354833 130980 1358595 131580
533121 132900 535173 133500
1375011 143940 1376037 144540
531411 131940 538821 132540
1359507 136260 1363269 136860
1377747 142980 1381509 143580
1130139 142020 1131621 142620
1395531 129540 1399293 130140
1389375 137700 1390401 138300
314013 140580 315495 141180
230337 135780 232275 136380
532095 144900 535857 145500
158289 134340 159315 134940
513 145380 7923 145980
1357911 145380 1358481 145980
978177 142980 985587 143580
839325 126180 840351 126780
981141 132420 988551 133020
828609 127620 832371 128220
379905 129060 383667 129660
685311 132420 686337 133020
982167 133380 985929 133980
1390971 136740 1394733 137340
1280619 127620 1282101 128220
606993 142020 608931 142620
380931 137220 388341 137820
1368741 142500 1369767 143100
1134927 143460 1138689 144060
84417 128580 84873 129180
234669 142020 235011 142620
1205265 126660 1209027 127260
457995 137220 461757 137820
981255 144420 988665 145020
1382079 144900 1384017 145500
1140399 125700 1140855 126300
687819 144420 690669 145020
1205265 144900 1212675 145500
908067 140100 911829 140700
906129 140100 907611 140700
1129113 138180 1130139 138780
1130139 131460 1131621 132060
1131507 143940 1132077 144540
387543 143460 389481 144060
307857 134340 311619 134940
88863 142020 92625 142620
307857 129060 311619 129660
1380939 127620 1388349 128220
237405 130500 241167 131100
87039 138660 90801 139260
529473 134820 533235 135420
1288713 139140 1289739 139740
314013 143460 315495 144060
87951 135780 91713 136380
541101 137700 542583 138300
1389375 127140 1396785 127740
310821 136260 312417 136860
236151 133380 236721 133980
536427 133380 540189 133980
987183 127620 990945 128220
241053 127620 242991 128220
1132191 124740 1135953 125340
513 141540 7923 142140
1279251 131460 1279593 132060
532095 126180 539505 126780
7809 135780 11571 136380
