G2:
1132077 136740 1134015 137340
1127745 142020 1128999 142620
1127745 141060 1128999 141660
1127745 138660 1128999 139260
1127745 125700 1128999 126300
1127745 124740 1128999 125340
1127745 134820 1129227 135420
1377291 131940 1380027 132540
1359051 142500 1360305 143580
1359279 130980 1360533 132060
14193 141540 16359 142140
978177 144900 985587 145500
513 144900 7923 145500
232959 137220 234099 137820
80769 144420 81681 145020
978177 145860 983421 146460
1390059 138180 1390971 138780
379905 142500 381843 143580
1371135 132900 1373073 133980
979203 126660 980343 127260
538935 142500 540873 143580
241053 138180 242193 138780
513 137700 7923 138300
1359507 133860 1360419 134460
1377291 128100 1381623 128700
834651 128100 837159 128700
1358481 125220 1361217 125820
906129 142500 909321 143100
978177 140100 979431 140700
981483 125700 982623 126300
1375011 144900 1376151 145500
236607 144420 239343 145020
234555 134820 235581 135420
1375239 125700 1376151 126300
689301 129060 690783 129660
236835 142020 239799 142620
1393707 132900 1394847 133500
1384359 142020 1385499 142620
978177 142020 981141 142620
1376379 130980 1381623 131580
978177 135300 979089 135900
1398153 145860 1398837 146460
906129 127620 909093 128220
906129 136260 907269 136860
1359507 134820 1360533 135420
1388805 135300 1389489 135900
1359507 137700 1360761 138780
987639 125220 989121 126300
7809 136260 16359 136860
756561 126180 757701 126780
1368399 145380 1369197 146460
1384359 140100 1385385 140700
535515 127140 538821 127740
1359507 127140 1360761 128220
239343 132900 240369 133500
1375011 137700 1375581 138300
1391085 135300 1391769 135900
1367943 139140 1370679 139740
756561 124740 757701 125340
1371591 141060 1372617 141660
240255 144420 243447 145020
1391199 143940 1391769 144540
1395303 132900 1396215 133500
1383675 127140 1384701 127740
1382535 135300 1383447 135900
1282215 135780 1286547 136380
910575 137700 913767 138300
1361445 131460 1363953 132060
684171 142500 685197 143580
1282671 145380 1283925 146460
80769 127140 82365 127740
14193 125220 16359 125820
981711 138660 987297 139260
7809 143940 16359 144540
540417 130020 542583 130620
756561 127140 757701 127740
1391655 128580 1392225 129180
679041 129540 683373 130140
1127745 135780 1129227 136380
681777 141540 684741 142140
1278795 145380 1279935 145980
1388121 130980 1392453 131580
1288941 144420 1289625 145500
89091 133860 91941 134460
1380483 132900 1381623 133500
834879 145380 839211 145980
1374441 131940 1375125 132540
7809 128580 16359 129180
978177 138660 981141 139260
1129569 142500 1131051 143100
1208571 129060 1209825 130140
1287459 141540 1288713 142620
81681 138180 82365 138780
1286433 140580 1287117 141660
839553 133860 841719 134460
1365663 134820 1366917 135900
230337 141060 235923 141660
459249 133860 460845 134460
80769 139140 82593 139740
1133559 138180 1134699 138780
1356087 144900 1358481 145500
1139373 132420 1140513 133020
906129 132900 909321 133500
1396101 131940 1399407 132540
1133787 143940 1134927 144540
1356087 143940 1357113 144540
1286547 143460 1287801 144540
1356999 142500 1358253 143580
389823 131940 393015 132540
1360875 141540 1362129 142620
1209939 139620 1211193 140700
1284267 140580 1285521 141660
1363155 142500 1364409 143580
1206063 138660 1206747 139740
1127745 127140 1128657 127740
1366119 145380 1366917 146460
7809 131460 16359 132060
1207431 124740 1208685 125340
1282899 133860 1284153 134940
233871 128100 234783 128700
7809 145860 16359 146460
906129 138660 911715 139260
1367031 140580 1367829 141660
828609 128580 830433 129180
911601 141060 913197 141660
1391769 145380 1392453 146460
1279365 131940 1280505 132540
1387095 124740 1387893 125340
1282443 138660 1283697 139740
1210167 137700 1210851 138780
1209711 134820 1212903 135420
1209939 135780 1211193 136860
1139715 131460 1140855 132060
828609 143460 830433 144060
1383447 138660 1386411 139260
1205265 132420 1207773 133020
1282671 141540 1283925 142620
1139943 141540 1140855 142140
906129 125220 907041 125820
91827 130020 92511 130620
1284039 137700 1286775 138300
906129 134340 913767 134940
608931 142980 611439 143580
1288257 134820 1288941 135900
233529 143940 234213 144540
1395873 137700 1396557 138780
309681 131940 310365 133020
381957 130980 382641 131580
1208571 141540 1209825 142620
1356087 134820 1357341 135900
1356087 127140 1357341 128220
828609 142500 833169 143100
685995 134820 687021 135900
1360875 126180 1362129 127260
1358367 135780 1359621 136860
461643 126180 463011 126780
1384359 143460 1389945 144060
840351 145860 841719 146460
1210509 142500 1211193 143580
1354833 129060 1360419 129660
1129113 139140 1130253 139740
679041 127620 682233 128220
1286775 134820 1288029 135900
1387893 144900 1388805 145500
457425 129540 465063 130140
756561 138180 762147 138780
1363155 144420 1364409 145500
457425 132900 459249 133500
1286433 145380 1287117 146460
1381395 129540 1385955 130140
80769 143460 83277 144060
682347 133860 683373 134460
981141 133380 982281 133980
1288143 138660 1288827 139740
688047 127140 689073 128220
837387 143940 839781 144540
1282899 126660 1283697 127260
383553 125700 384921 126300
389823 129540 392673 130140
1371819 130980 1372617 131580
82479 128100 84873 128700
381957 136260 382641 136860
1205265 137700 1206405 138300
1127745 128100 1128657 128700
1134471 141060 1135611 141660
1285179 133860 1286433 134940
978975 132420 980457 133020
1366803 139620 1367829 140220
1129113 128580 1130253 129180
756561 141060 764199 141660
1368855 137700 1369653 138780
679041 128580 683373 129180
14193 126180 16359 126780
1286547 138660 1287801 139740
1278795 126660 1279935 127260
233529 127140 234441 127740
1288827 143460 1290423 144060
11457 134820 14307 135420
911601 130500 913197 131100
679041 141540 680181 142140
1060827 138180 1063335 138780
978177 130500 978861 131100
978177 136260 979317 136860
1366119 142500 1368513 143100
612465 131940 614631 132540
1364295 129540 1365093 130140
530727 128580 533121 129180
1129227 131940 1130367 132540
1055697 136260 1063335 136860
1205265 145860 1207773 146460
80769 133380 82821 133980
1139715 129060 1140855 129660
906129 137700 906813 138300
457425 144900 465063 145500
7809 138660 13395 139260
1133559 135780 1134243 136380
906129 129060 911715 129660
981711 135300 985017 135900
1129113 125700 1130253 126300
164559 143940 165927 144540
1280391 126180 1281759 126780
1209711 132900 1212903 133500
90801 131940 91941 132540
1277313 127620 1279593 128220
1363839 125700 1364637 126300
1139487 127140 1140855 127740
1131507 138180 1132647 138780
1136865 137220 1138005 137820
80769 132420 83277 133020
81453 142020 82137 142620
1287231 128100 1288371 128700
828609 140580 830205 141180
1139373 134820 1140513 135420
1278225 128580 1279365 129180
1127745 131940 1128657 132540
1128657 132900 1129569 133500
762033 135780 764199 136380
837387 130980 840237 131580
1135725 130020 1136865 130620
762033 139620 764199 140220
1135497 139620 1135839 140220
231249 143460 231933 144060
1356087 145860 1357113 146460
688959 134820 692151 135420
829293 126180 829977 126780
835791 127140 836931 127740
1130937 125220 1132077 125820
828609 131460 830889 132060
1390173 128580 1391313 129180
231933 126660 233073 127260
1136295 136260 1137435 136860
608247 126660 609273 127260
92511 140100 93879 140700
987411 143460 988893 144540
163647 137220 165927 137820
1136181 135300 1137321 135900
1136865 138180 1138005 138780
241281 140580 241965 141180
242649 140100 243333 140700
391647 144900 393015 145500
1139487 144420 1140513 145020
238203 139140 238887 139740
1390287 134340 1391199 134940
80769 141060 82821 141660
158289 129540 159087 130140
688275 130500 688959 131100
1127745 136740 1128885 137340
679041 136260 681093 136860
829293 124740 829977 125340
1375923 132420 1376607 133020
158289 131940 159201 132540
1361331 140100 1362357 140700
912855 135300 913767 135900
11457 130500 14307 131100
1128429 130020 1129569 130620
906129 143940 907497 144540
158289 139620 160341 140220
978177 137700 980229 138300
1135155 142020 1136295 142620
910689 135780 911373 136380
1279365 144420 1280505 145020
1205265 129060 1206405 129660
980343 124740 981483 125340
679839 130980 681321 131580
392331 143940 393015 144540
838185 135300 838869 135900
80769 145860 81909 146460
457425 140100 465063 140700
234783 136260 236835 136860
1390401 141060 1391313 141660
906129 145380 906813 145980
613947 127620 614631 128220
1365663 140580 1366689 141180
607791 136260 608817 136860
613947 125700 614631 126300
1139373 139140 1140513 139740
539391 126180 542583 126780
240939 142500 241965 143100
1055697 141060 1063335 141660
839553 128100 841719 128700
1139373 125700 1140513 126300
829293 134820 829977 135420
14193 138660 16359 139260
381729 137700 383097 138300
689301 136740 690441 137340
14193 127140 16359 127740
1139373 133860 1140513 134460
1061169 131940 1063335 132540
1139259 130020 1140399 130620
1362471 137700 1364523 138300
1131393 132900 1132077 133500
160227 142980 161025 143580
309681 130020 310593 130620
1129113 140100 1130253 140700
1134129 139140 1135269 139740
237405 135300 241965 135900
1133217 142980 1134357 143580
81681 135780 82365 136380
1138803 136260 1140855 136860
159771 135780 160797 136380
158289 142020 159657 142620
987183 129060 989235 129660
1367715 135780 1372275 136380
612465 135780 614631 136380
838185 128100 838869 128700
1132647 132420 1133787 133020
1127745 133860 1129341 134460
1278339 129540 1279137 130140
829293 144420 829977 145020
1277313 139620 1279593 140220
756561 143940 764199 144540
1394847 126660 1399407 127260
988095 138660 991287 139260
1280733 144420 1281873 145020
14193 137700 16359 138300
1055697 142020 1057749 142620
1289283 129060 1290423 129660
233187 134340 234213 134940
1397583 130980 1399407 131580
906129 126180 906813 126780
840579 141060 841719 141660
1135155 137220 1136295 137820
1356087 139620 1357113 140220
1131507 139140 1132647 139740
690555 142020 691695 142620
158289 132900 159087 133500
1389489 142500 1390401 143100
1280619 145380 1281759 145980
165015 140100 165927 140700
1210737 130020 1212903 130620
1132533 140100 1132761 140700
392103 128580 393015 129180
1139373 124740 1140513 125340
386859 134340 389481 134940
11457 139620 14307 140220
159999 144900 161025 145500
14193 133860 16359 134460
612465 145380 614631 145980
689187 126180 692151 126780
1135839 141060 1136979 141660
1136865 142020 1138005 142620
230337 135300 231477 135900
1394847 139140 1399407 139740
1390173 135780 1390857 136380
1136751 133860 1137891 134460
392103 125700 393015 126300
1369311 142020 1369995 142620
383439 145860 384579 146460
837159 131940 839781 132540
985131 125700 986271 126300
313215 133380 315495 133980
979203 134340 980229 134940
1286547 127140 1287231 127740
606993 142980 608361 143580
680865 137220 682689 137820
307857 132900 308997 133500
989235 130500 991287 131100
979431 130020 980571 130620
682005 138180 683145 138780
980799 137700 983421 138300
607677 143940 608817 144540
1139373 138180 1140513 138780
91827 126660 93879 127260
1382991 132900 1383561 133500
158289 138660 159201 139260
981711 130500 985017 131100
384351 144900 385491 145500
689301 135780 690441 136380
1132989 144900 1133331 145500
1209711 130980 1212903 131580
158289 144420 159657 145020
1133559 133860 1134243 134940
688731 133860 689757 134460
1128657 130980 1129797 131580
1375125 141540 1375809 142140
381273 134820 381729 135420
1129113 124740 1130253 125340
983649 125700 984789 126300
14193 140580 16359 141180
1377975 133380 1378773 133980
1055697 144900 1063335 145500
1390743 133380 1391427 133980
1137777 140100 1138233 140700
1369425 131940 1370337 132540
159087 134820 160113 135420
611439 140100 612465 140700
460503 135300 465063 135900
307857 142980 309909 143580
840579 129540 841719 130140
838299 140580 839439 141180
911031 133380 911829 133980
1134585 134820 1135725 135420
388797 144420 389937 145020
530499 129540 531981 130140
234099 133380 235011 133980
80769 135300 81567 135900
313329 145380 315495 145980
680295 145380 681435 145980
1129113 126660 1130253 127260
158289 136740 159201 137340
1392453 140580 1393365 141180
385491 143940 386517 144540
389823 136260 392673 136860
232047 129060 232731 129660
830433 125700 832257 126300
1389603 141540 1390287 142140
1354833 138180 1356201 138780
1055697 132900 1057749 133500
1134015 140100 1135155 140700
234669 143940 235353 144540
978291 129060 979431 129660
756561 134820 759183 135420
14193 132900 16359 133500
1365891 141540 1366917 142140
608247 128580 609273 129180
1206861 139140 1207545 139740
231477 138180 232161 138780
607905 132420 609045 133020
236493 132420 237177 133020
689301 127140 690441 127740
839667 137700 841719 138300
391875 127620 393015 128220
164559 130500 165927 131100
606993 140100 609843 140700
690555 124740 691581 125340
1055697 129060 1057749 129660
1288143 127140 1288713 127740
1388121 130020 1388805 130620
309339 130980 310365 131580
1363155 133860 1364865 134460
1387437 135300 1388121 135900
531639 137220 532437 137820
1393251 137700 1393935 138300
159087 142980 159885 143580
1278681 125700 1279365 126300
607905 144900 609045 145500
382527 141540 384009 142620
1131963 134340 1133103 134940
1133103 140580 1133445 141180
230793 133380 231933 133980
162051 126660 162735 127260
1129797 137700 1130937 138300
161595 144900 163761 145500
158289 135780 159201 136380
390963 124740 392673 125340
1134243 144900 1134585 145500
1375923 133380 1376607 133980
1133901 132420 1135041 133020
313215 141540 314013 142140
757587 136260 758271 136860
831003 143460 835677 144060
463467 142020 464151 142620
983307 139620 984789 140700
687135 136740 688161 137340
1387095 129060 1388121 129660
1132419 126180 1133217 126780
1355289 139140 1355973 139740
391875 137220 393015 137820
832827 130020 833625 130620
240369 130980 241053 131580
759069 133380 759753 133980
1394619 131940 1395303 132540
232275 142020 232959 142620
390051 132900 393015 133500
611667 133860 612693 134460
1387551 140100 1390515 140700
1288257 129540 1288941 130140
1391769 133380 1392453 133980
1279365 137700 1280049 138300
390279 125700 391305 126300
530499 142980 533121 143580
159999 143940 161709 144540
1279479 138660 1280619 139260
912285 142980 912969 143580
979203 133380 980229 133980
1391883 135300 1392567 135900
457425 125220 459363 126300
462099 134340 465063 134940
1375125 145860 1375809 146460
1391769 134340 1392453 134940
1279137 136740 1279479 137340
610527 125220 611553 125820
1356771 138660 1357455 139260
608475 141060 609615 141660
1130253 133860 1130481 134460
80769 126180 81567 126780
1205265 130020 1208229 130620
309681 126180 310365 126780
759981 132420 760665 133020
1133217 125220 1133901 125820
81567 130980 83049 131580
1284153 125220 1285065 125820
309681 142020 310365 142620
1359735 135780 1360533 136380
1390287 125220 1392909 125820
1280391 142020 1282101 142620
235809 143460 236493 144060
759753 124740 760437 125340
1059915 142500 1061397 143580
1396899 143460 1397583 144060
531297 141060 531981 141660
460731 128100 462213 129180
684399 139620 685083 140220
839211 124740 839895 125340
235695 137220 236835 137820
1378431 136740 1379115 137340
463353 138180 464037 138780
236607 133380 237291 133980
513 132900 7923 133500
234327 137220 235011 137820
1389489 133380 1390173 133980
758727 127140 759411 127740
1139487 143460 1140285 144060
687819 129540 688617 130140
1391769 129540 1392453 130140
1137321 142980 1138005 143580
513 142500 7923 143100
14193 142500 14991 143100
1206633 141540 1207317 142620
834879 130980 836817 132060
1392909 142500 1393593 143100
759867 142500 760551 143100
684855 129060 685539 129660
687021 130980 687249 131580
1288371 136740 1290423 137340
463467 143940 464151 144540
1388235 138180 1389261 138780
391191 141060 392217 141660
762261 138180 762945 138780
1278225 131940 1278681 132540
1132875 135780 1133331 136380
683715 126180 688389 126780
758157 125700 758841 126300
1139487 145380 1140171 145980
1277883 136740 1278225 137340
1376037 137220 1376721 137820
1371591 134820 1374555 135420
1138917 142500 1139601 143100
1138575 141060 1139259 141660
1370337 142020 1371021 142620
1280049 127620 1280733 128220
380475 130500 380817 131100
828609 145860 829407 146460
532551 137700 533121 138300
240939 132900 241623 133500
238659 138180 239343 138780
462099 130500 465063 131100
386745 144420 387885 145020
311163 133380 312987 133980
462099 125220 465063 125820
1282443 125700 1283241 126300
231819 137220 232503 137820
1278111 140580 1278795 141660
762147 133860 764199 134460
158289 141060 165927 141660
1287801 137700 1288485 138300
1384815 132420 1385499 133020
759639 144900 764199 145500
1135725 129060 1136637 129660
233415 132420 234213 133020
1397469 140580 1398153 141180
1361787 145860 1363269 146460
1205265 126180 1208229 126780
1397127 137700 1397811 138780
238317 126660 239001 127260
684855 132900 685653 133980
311847 144420 313329 145020
681435 143460 682233 144060
86355 131940 88065 132540
1131963 143940 1132647 144540
1364751 125220 1366461 125820
1283355 129060 1283925 129660
313215 130020 315495 130620
237975 125220 238659 125820
462897 142980 463581 143580
235467 132900 236265 133500
1388349 141540 1389033 142140
1388235 136740 1388919 137340
1366005 137700 1366689 138300
907383 135780 908865 136380
92169 144420 93879 145020
310935 145860 312645 146460
1372845 145380 1374555 145980
462099 139140 465063 139740
162963 133860 165927 134460
83619 135300 91029 135900
1279365 140580 1280049 141180
241281 136740 242079 137340
161595 140100 162393 140700
680979 132900 681777 133980
233073 125700 233757 126300
237861 132900 238545 133500
391191 140100 392217 140700
689187 131460 692151 132060
1380255 145380 1380939 145980
239115 139140 239799 139740
1368285 132420 1368969 133020
85215 127620 86697 128220
912399 126660 913197 127260
762489 127140 764199 127740
240369 140580 241053 141180
462897 136260 463581 136860
1130709 127140 1133331 127740
531069 140100 531753 140700
978177 143460 979317 144060
162963 134820 165927 135420
391305 134820 393015 135420
310821 136740 311733 137340
232161 134340 232845 134940
1392567 131940 1393251 132540
158289 128580 159087 129180
684855 138660 685653 139260
382299 143940 383097 144540
689643 132900 690441 133500
1381167 144420 1382193 145020
761577 132900 762261 133500
236835 130500 237519 131100
537111 128100 537453 128700
1377405 145860 1378089 146460
612579 130500 613263 131100
1370907 142980 1371591 143580
837159 132900 838983 133500
907611 124740 908181 125340
1377063 125220 1378317 125820
907497 140100 908181 140700
165129 136260 165927 136860
233187 129060 233985 129660
1384587 145860 1385841 146460
384579 141060 384921 141660
828609 138660 829407 139260
382071 134340 383097 134940
237861 131940 238545 132540
989121 131940 989919 132540
1383447 131940 1384131 132540
760779 133380 761463 133980
683259 130980 684057 132060
612579 142020 614061 142620
1134357 133860 1135041 134460
238887 129540 239571 130140
1370223 130500 1371477 131100
682347 126660 683145 127260
390051 133860 393015 134460
1134927 130020 1135611 130620
90003 145380 90801 146460
311163 142500 311847 143100
239001 130980 239685 131580
688731 139140 689415 139740
381729 145860 382413 146460
7809 126660 13395 127260
1279821 130980 1282785 131580
911601 131940 912399 132540
608247 135300 609273 135900
532323 130980 534945 131580
1288827 128100 1289169 128700
86355 129060 87153 129660
1375125 135780 1375809 136380
909207 143460 910005 144540
1287003 129540 1287801 130140
831915 130020 832257 130620
1376721 142020 1377405 142620
687363 124740 687933 125340
1387095 130020 1387779 130620
1372845 129060 1374555 129660
1208115 138180 1209597 138780
379905 134820 380361 135420
237861 130980 238545 131580
1138347 137700 1139031 138300
1284837 126180 1285521 126780
1206633 134820 1207317 135900
159201 133380 159657 133980
840009 125220 841719 125820
1376151 139620 1377519 140220
237177 128100 237861 128700
1280277 135780 1280961 136380
1371933 142980 1372617 143580
1281987 142980 1282785 143580
159201 145380 159657 145980
513 130500 7923 131100
759867 130020 761577 130620
383211 139140 384921 139740
539619 133860 542583 134460
909663 133380 910233 133980
1368627 141060 1369311 141660
233073 140100 233757 140700
1277997 130980 1278681 131580
688503 132900 689073 133500
758043 132900 758841 133500
761349 126660 762033 127260
308997 127620 309681 128220
15219 130500 16359 131100
231363 144420 232047 145020
233073 135300 233757 135900
235011 128100 236493 128700
163191 129060 164559 129660
1133331 130020 1134015 130620
612351 143940 614061 144540
1135725 142980 1136409 143580
832371 132900 834765 133500
388683 136260 389025 136860
1376493 136260 1377177 136860
457539 131940 458109 132540
1288257 126180 1288941 126780
1391313 138660 1393935 139260
1363611 140100 1364295 140700
1059003 132900 1061853 133500
1362699 136740 1364409 137340
541215 141060 542583 141660
609501 133860 610185 134460
1277313 144900 1277655 145500
1390059 126180 1390743 126780
233073 133380 233757 133980
838869 142020 839553 142620
238545 133860 239229 134460
608817 125220 609273 125820
239343 140100 240027 140700
383895 143940 384693 144540
238431 137220 239115 137820
1380027 124740 1380597 125340
1382763 139620 1383447 140220
1375239 142500 1375923 143100
1130139 132900 1130481 133500
383211 127620 385605 128220
682803 132900 684513 133500
1279137 134820 1280961 135420
689871 145860 690327 146460
987639 141540 989121 142620
1138689 143460 1139373 144060
909891 132420 910689 133020
163761 138180 164445 138780
90003 130980 90687 131580
87267 137220 89547 137820
759753 135780 760437 136380
681207 125220 681777 125820
1397811 142500 1398381 143100
608931 138660 612237 139260
836247 126180 836589 126780
389367 127140 390165 128220
1387551 133380 1388235 133980
309567 137700 311277 138300
82935 145380 84417 146460
688503 125220 689073 125820
1139715 140100 1140513 140700
91599 139140 92625 139740
383211 140580 383895 141180
241281 126180 242079 126780
160113 127140 160569 127740
235011 129060 236493 129660
237861 129060 238545 129660
1279251 141540 1280049 142620
87951 143460 89433 144540
161253 138660 161937 139260
612123 127620 612693 128220
612351 125700 613035 126300
162165 125700 162849 126300
535515 135780 535857 136380
313215 127140 314013 127740
687363 144420 687933 145020
683943 125220 684513 125820
1286433 126180 1287117 126780
689187 124740 689757 125340
232161 132420 232845 133020
1371135 125220 1371933 125820
1283127 130980 1283811 131580
1385271 127140 1386981 127740
233985 139140 235695 139740
460731 137700 462213 138780
686451 141060 689073 141660
1287345 130980 1289625 131580
609615 144420 612237 145020
1277541 126180 1278225 126780
684171 128100 684741 128700
313443 131460 314127 132060
85215 126180 85785 126780
836133 144420 836475 145020
92283 125700 92625 126300
163761 132900 164445 133500
1278453 143460 1279137 144060
1129683 145380 1130367 145980
531411 144420 532209 145500
382071 142980 382869 143580
679839 138180 680295 138780
237177 137700 237861 138300
381501 130020 382185 130620
1359279 145380 1360989 145980
983307 129060 985245 130140
162165 142500 162849 143100
457425 128100 459363 129180
1371591 142020 1372275 142620
1288143 132420 1290423 133020
834879 137220 835563 137820
1059915 134820 1061853 135900
683487 124740 683829 125340
239685 133860 240369 134460
1287459 125220 1288257 125820
380475 126660 381159 127260
238659 131940 239343 132540
1372959 142980 1373643 143580
909207 136740 910005 137820
1375923 127140 1377177 127740
161139 131460 162849 132060
761919 130020 764199 130620
1056951 143460 1058433 144540
1371819 126180 1372617 126780
538479 129060 539277 130140
683487 129060 684057 129660
1379913 143460 1380597 144060
1289511 127140 1290081 127740
309909 139140 310593 139740
163761 128100 164445 128700
1371249 138660 1371933 139260
1127745 129060 1128429 129660
687819 142020 688617 142620
1380939 141540 1382193 142140
1372617 142020 1373301 142620
1374441 130020 1376721 130620
836703 137700 837045 138300
1289055 133860 1289625 134460
1135497 144900 1135953 145500
1135041 135780 1135725 136380
1384701 133380 1385385 133980
1282443 128580 1283127 129180
1362927 128580 1364409 129180
160683 134820 162393 135420
533691 128100 534489 129180
308427 124740 313101 125340
979317 125700 980001 126300
687135 135780 687705 136380
1286433 125220 1287117 125820
1061283 128100 1063335 128700
1057521 125220 1059345 125820
1207431 142980 1209255 143580
1383789 126180 1384473 126780
310821 141060 311505 141660
311505 134340 313329 134940
458223 131460 458793 132060
87609 130980 88293 131580
458793 136740 459477 137340
1394847 145860 1396671 146460
1379115 144420 1380825 145020
981255 126660 981939 127260
87723 132900 88407 133500
457539 136740 458109 137340
537225 139620 539619 140220
610299 130020 610641 130620
1365435 126660 1367145 127260
161253 137700 161937 138300
1136295 145860 1137093 146460
83505 130980 85329 131580
313215 139140 314241 139740
1133445 145380 1134129 145980
838185 134340 838869 134940
535515 130980 537453 132060
1130937 140580 1131621 141180
1393023 139620 1394277 140220
1138005 132420 1138689 133020
91257 130020 91599 130620
685083 135780 685653 136380
240369 129060 241053 129660
387999 130980 388797 132060
235467 127140 236949 127740
1367031 125220 1368741 125820
232047 124740 232845 125340
1059231 126180 1060713 127260
312759 142500 313557 143100
612807 128580 614631 129180
1386297 135300 1386981 135900
689415 142980 690099 143580
1280049 139620 1280733 140220
909321 130020 910005 130620
160113 137220 160797 137820
1380711 140580 1382193 141180
83163 141540 84645 142620
1368855 133380 1369881 133980
383895 131460 385605 132060
985587 130500 987981 131100
985815 127140 987297 128220
1376835 138180 1379229 138780
839895 138660 841719 139260
1061511 133860 1063335 134460
232389 128100 233073 128700
87153 136260 88065 136860
538251 125220 541101 125820
757587 130020 759297 130620
231135 130020 231933 130620
312303 130980 313101 131580
1285749 128580 1286433 129180
1375923 134820 1377633 135420
1385499 130980 1386981 131580
386289 129060 386973 129660
533235 134820 534717 135900
682119 142500 682689 143100
1055697 134340 1057521 134940
987411 132900 988893 133980
1380711 139620 1382193 140220
1366347 138660 1367145 139260
163077 125220 163761 125820
85671 138660 87153 139740
1366575 128580 1367829 129180
1057521 130020 1059345 130620
610299 134820 613149 135420
88749 127140 89433 127740
690327 144900 691125 145500
1368627 126660 1369425 127260
1289511 125220 1289967 125820
239457 131940 240141 132540
1377291 143940 1378773 144540
230337 126660 231705 127260
388911 142500 389709 143580
1397127 145860 1397697 146460
312075 131940 313329 132540
1379799 136740 1381281 137340
379905 144420 382185 145020
457425 141540 459363 142620
1397583 133860 1399407 134460
1277313 130500 1277655 131100
161139 136260 161937 136860
608817 142020 610641 142620
387087 145860 389481 146460
987411 145380 988893 146460
1364067 130500 1365549 131100
830433 140100 831801 140700
909207 130980 910005 132060
238431 136260 239001 136860
688617 145380 689301 145980
390507 130980 393015 131580
460731 141540 462213 142620
1390287 144900 1391085 145500
1367031 129540 1367829 130140
981027 129540 982737 130140
1211535 125700 1212903 126300
834423 140580 835221 141660
459819 127140 460617 127740
92511 124740 93879 125340
535059 136740 535857 137820
385491 139620 386289 140700
1396215 142500 1397241 143100
831687 134820 832485 135900
90459 130020 90801 130620
533691 142980 538365 143580
231135 128100 231933 128700
307857 128580 309225 129180
312531 126180 313101 126780
829635 145860 834309 146460
1391199 126660 1391769 127260
911601 143940 912285 144540
311049 128100 312417 128700
608931 130980 610755 131580
537795 141540 538593 142620
1393137 136260 1394961 136860
457425 143460 458793 144060
1354833 137220 1356429 137820
679041 144420 680409 145020
91827 132900 93879 133500
757473 142500 758157 143100
1055697 138660 1057521 139260
1057635 130980 1059117 132060
1388463 125220 1389831 125820
1372617 143940 1373301 144540
908979 145380 909777 146460
840123 132420 841149 133020
1369083 129540 1370337 130140
531525 125700 533349 126300
457425 135300 459249 135900
1354833 124740 1356201 125340
1380027 126180 1381281 126780
1361103 134340 1361673 134940
1372275 128100 1374555 128700
313671 134820 315495 135420
982623 127140 984105 128220
307857 136260 310137 136860
1356657 137700 1358481 138300
311163 132420 311961 133020
838983 136740 839553 137340
1057521 137220 1059345 137820
312303 136260 313101 136860
83619 130020 85329 130620
908751 140580 909777 141180
1131507 135300 1132761 135900
82251 124260 83277 125340
1382763 133860 1383789 134460
1361559 129060 1362357 129660
833511 125220 839097 125820
230337 131460 232617 132060
233871 138180 234441 138780
311391 138180 312189 138780
1365663 132420 1367145 133020
1285179 129540 1285863 130140
983991 136740 989577 137340
87267 145380 88749 146460
1378431 126660 1379001 127260
1372503 125220 1374555 125820
1357227 130020 1358481 130620
761463 130980 762261 131580
313671 135780 315495 136380
982395 141540 984219 142140
90231 124740 92055 125340
1383447 136260 1384473 136860
1397127 136260 1399407 136860
309681 140100 311505 140700
90687 127140 91257 127740
757815 130980 758613 131580
1211079 145860 1212105 146460
989463 127140 991287 127740
231135 136260 231705 136860
689871 130020 690441 130620
1379115 141540 1379913 142140
86583 133860 87837 134460
760551 129060 761805 129660
1383219 137220 1384017 137820
1377519 135780 1378089 136380
1388235 127620 1389945 128220
161937 130020 163077 130620
81795 125700 82365 126300
1208115 137220 1208799 137820
7809 133860 13395 134460
234099 130020 235809 130620
1388919 129060 1389489 129660
158973 124740 159657 125340
313671 132420 314925 133020
1057635 139620 1058433 140700
235695 145380 236265 145980
838071 138180 838869 138780
1384587 134340 1385613 134940
1372503 139620 1374555 140220
757815 128100 758613 128700
1363155 126660 1363953 127260
83391 125700 85101 126300
233871 145380 234897 145980
682689 139140 684057 139740
1380939 137700 1382193 138300
1358481 140100 1359849 140700
163875 145380 164445 145980
1365435 143460 1366461 144060
312987 128100 315495 128700
1136523 143940 1137093 144540
989007 137700 991287 138300
761691 124740 762261 125340
1372503 138660 1374555 139260
231933 145380 232617 145980
1368855 134820 1370565 135420
989007 135780 991287 136380
690327 139620 692151 140220
835449 135780 836817 136380
830433 132900 831801 133500
539619 137220 540189 137820
312759 143460 314127 144060
531639 136260 534945 136860
1211079 126660 1212903 127260
529473 136260 531183 136860
1135497 132900 1137093 133500
1057521 127620 1059345 128220
1380711 138660 1382193 139260
236607 145860 237405 146460
460731 131940 461301 132540
83619 126660 84189 127260
1393707 130020 1394961 130620
833055 136740 833625 137340
540075 132900 542583 133500
612807 126660 614631 127260
1062423 143940 1062993 144540
241167 143460 243447 144060
609843 136260 610527 136860
911715 136740 913767 137340
912627 131460 913653 132060
540075 135780 542583 136380
832371 127140 833169 127740
1286775 132900 1287573 133500
1280847 129060 1281417 129660
231363 125700 232161 126300
907611 125700 908181 126300
682005 145860 683829 146460
91599 136260 92625 136860
907953 141540 909321 142140
1136409 130980 1138233 131580
536769 143940 542355 144540
611439 132900 612237 133500
384123 130020 384921 131100
160683 145860 161253 146460
231135 129060 231705 129660
538707 136740 539391 137340
680751 134340 682119 134940
1386297 140100 1387095 140700
1372503 136740 1374555 137340
1375923 128100 1376493 128700
1370223 127620 1371477 128220
1385271 136260 1386297 136860
1365435 133860 1366233 134460
1133787 127620 1139373 128220
1138119 135300 1138917 135900
1289625 138660 1290423 139740
1278339 144420 1278909 145020
463239 127140 465063 127740
459249 142980 460845 143580
537567 137220 538365 137820
1057521 135300 1059345 135900
612807 136740 614631 137340
91827 130980 93879 131580
386175 125700 389937 126300
1372503 135780 1374555 136380
313443 136740 315495 137340
312759 137700 313329 138300
1392909 130980 1393593 131580
1284039 129540 1285065 130140
1382763 142500 1383561 143100
1381851 127140 1382877 127740
758043 139140 759867 139740
1354833 132420 1356201 133020
1285407 125220 1286205 125820
1394847 142020 1395645 142620
978177 126660 978975 127260
513 129540 7923 130140
606993 139140 608361 139740
1207089 137220 1207887 137820
1354833 133860 1356201 134460
91827 145380 93879 145980
1282899 124740 1283469 125340
1354833 141540 1356087 142140
762375 137220 762945 137820
680181 124740 680865 125340
1377975 134820 1378773 135420
1288143 133860 1288941 134460
1127745 144900 1128885 145500
1209939 125700 1211193 126300
533121 139620 534945 140220
235239 130980 236265 131580
1289739 133380 1290423 133980
381045 131940 382983 132540
84189 132900 85557 133500
390963 138660 393015 139260
909663 126180 911145 126780
1280163 129540 1280733 130140
983991 142500 984789 143100
311163 143460 312417 144060
1137891 144420 1139145 145020
989463 128100 991287 128700
1206975 144420 1210737 145020
1279935 143460 1281189 144060
1129227 127620 1130025 128220
160683 128100 162051 128700
685767 130500 686337 131100
1372503 137700 1374555 138300
609843 126180 610641 126780
679041 143460 680295 144060
909663 127620 911601 128220
839667 142980 840693 143580
832371 139620 835449 140220
389367 141540 390393 142140
762147 128100 764199 128700
1382763 125220 1384131 125820
1384587 125220 1385613 125820
1129683 134820 1129911 135420
1137321 124740 1138119 125340
613491 124740 614517 125340
1372047 127140 1374555 127740
159771 129060 160341 129660
1385271 141060 1386069 141660
828609 141540 832371 142140
1139031 130980 1139601 131580
1367715 127620 1369197 128220
839667 127140 841719 127740
840123 144900 841149 145500
1386639 137700 1387665 138300
1211079 133860 1212903 134460
689643 140580 692151 141180
307857 141060 309111 141660
1393137 128580 1394961 129180
380703 125220 381501 125820
1205835 140100 1206405 140700
988209 128100 989007 128700
1205265 142500 1206405 143100
90687 140580 91941 141180
158973 126660 159657 127260
1132647 133380 1133217 133980
989463 133860 991287 134460
1364979 136740 1368057 137340
988779 134820 991287 135420
839211 135780 840237 136380
1279707 125220 1280505 125820
1129455 136740 1129683 137340
1061283 139620 1063335 140220
541215 142020 542583 142620
612123 137700 614631 138300
91143 138180 91713 138780
240369 127620 240825 128220
391647 126660 392445 127260
529473 135300 530271 135900
980685 131460 981369 132060
238887 145860 241737 146460
91827 141540 93879 142140
91827 137700 93879 138300
241395 128100 241965 128700
457425 139140 460845 139740
1131507 128580 1132077 129180
989463 129060 991287 129660
313899 138180 314469 138780
1369311 125220 1370565 125820
1130823 126180 1131849 126780
1279707 133380 1280505 133980
84987 140580 85785 141660
462555 132420 465063 133020
1277883 138180 1278681 138780
1373871 143940 1374555 144540
690327 128100 692151 128700
686337 131460 686565 132060
88179 141060 89433 141660
540759 130980 542583 131580
531183 130500 531753 131100
540075 128100 541101 128700
1385955 128580 1386525 129180
982395 132900 983649 133500
1278567 133380 1279365 133980
688731 143460 689301 144060
1132191 142980 1132989 143580
163191 127140 163761 127740
756561 144900 759069 145500
1354833 130020 1356201 130620
762375 145860 764199 146460
90231 128100 91257 129180
1383675 139620 1384245 140220
609615 128100 610413 128700
1212675 137220 1212903 137820
1208343 131460 1209255 132060
159087 137700 159885 138300
1283469 127620 1285065 128220
832827 135780 834993 136380
1393365 143940 1394961 144540
762375 134820 764199 135420
540987 145860 541671 146460
987411 140100 988665 140700
1208799 145380 1210053 145980
762147 126180 764199 126780
538023 144900 540873 145500
540075 139620 542583 140220
233985 130980 234897 131580
1391085 132420 1391883 133020
1205265 128100 1210851 128700
1289055 142500 1289853 143100
91827 143460 93879 144060
984675 137700 987753 138300
236151 140580 237063 141180
606993 127620 608133 128220
230907 134340 231591 134940
1287459 140100 1288257 140700
86355 125700 91941 126300
1281987 140100 1282785 140700
239115 128580 239913 129180
162963 126180 163761 126780
1389147 134340 1390173 134940
86811 127140 88065 127740
1060827 129060 1063335 129660
1366347 144420 1367145 145020
835905 139140 838983 139740
539391 134820 540189 135420
1055697 130500 1056837 131100
1284495 128580 1285293 129180
1394847 134820 1395645 135420
1370223 136740 1371021 137340
241623 131940 243447 132540
92055 128100 93879 128700
88179 129060 88749 129660
1367715 144420 1368513 145020
308883 138180 309453 138780
1055697 128100 1057293 128700
979203 127620 979773 128220
161367 133860 162165 134460
1138803 129540 1139031 130140
236151 139140 236949 139740
1281531 137700 1282557 138300
240939 125220 243447 125820
830775 124740 832029 125340
1206519 133860 1207089 134460
388227 130020 389025 130620
230337 140100 232275 140700
1383219 143940 1384017 144540
1129683 144420 1130709 145020
159771 138660 160569 139260
1132191 130020 1132989 130620
1131051 136740 1131849 137340
91827 142500 93879 143100
1357227 132420 1358481 133020
309339 133860 310479 134460
86355 142980 87609 143580
84531 136260 85785 136860
1381851 143460 1383105 144060
530727 135300 531981 135900
840351 130500 841149 131100
536769 125220 537681 125820
1393365 144900 1394961 145500
1360647 136740 1361901 137340
241395 141540 243447 142140
981597 142500 982737 143100
989463 140580 991287 141180
86811 130020 87609 130620
1289739 128100 1290309 128700
84303 138180 85101 138780
1393479 126180 1394391 126780
1362471 125700 1363269 126300
231477 142500 231933 143100
610641 145860 611553 146460
1211763 141060 1212903 141660
234555 126180 235923 126780
307857 133860 308655 134460
1388577 145860 1389717 146460
84531 143940 87381 144540
690327 133860 692151 134460
1288827 140100 1289853 140700
1285635 127140 1286433 127740
160227 124740 161025 125340
1206747 131460 1207317 132060
689643 139620 689871 140220
1398267 141540 1399407 142140
538707 138180 542469 138780
1280847 130020 1281759 130620
1282899 137700 1283469 138300
1358823 143940 1359621 144540
1380483 131940 1381167 132540
1354833 140580 1356201 141180
1379229 134820 1380027 135420
312645 140580 314127 141180
978177 131460 979431 132060
834081 129060 834993 129660
311505 126660 312303 127260
313557 124740 314697 125340
1277313 135300 1278453 135900
684399 144420 687249 145020
1289055 137700 1289853 138300
163761 143940 163989 144540
240255 136740 241053 137340
538935 135780 539733 136380
1285407 131460 1286205 132060
1367259 134820 1367829 135420
309339 134820 310593 135420
307857 130980 309111 131580
911487 145380 912285 145980
1362129 132900 1363269 133500
160911 132900 162165 133500
981027 136740 982167 137340
1360647 130500 1363497 131100
691011 130500 692151 131100
1382079 136740 1382991 137340
379905 128100 381957 128700
912627 140100 913653 140700
910119 142500 912057 143100
1398267 140100 1399407 140700
237633 145860 238431 146460
159999 132420 160569 133020
236949 136740 237405 137340
910575 125220 911829 125820
537795 128580 538365 129180
1132875 129060 1133673 129660
833511 142020 837273 142620
1399179 134820 1399407 135420
1211763 138180 1212903 138780
1380711 142500 1381281 143100
1354833 142980 1356201 143580
1278111 145860 1278339 146460
1357227 133860 1358481 134460
237291 140580 238089 141180
1280505 141060 1282101 141660
310593 144420 311391 145020
1398951 127620 1399407 128220
389367 124740 390621 125340
612465 139140 614061 139740
1379343 129540 1380597 130140
241851 133860 243447 134460
541443 142980 542583 143580
460617 136740 461301 137340
539391 127140 540645 127740
985017 124740 987525 125340
380703 141060 382299 141660
381387 139620 381615 140220
1374441 133860 1375239 134460
1289511 126180 1290423 126780
686565 136740 686793 137340
540987 131940 542583 132540
464151 141060 464949 141660
1394847 138180 1395417 138780
980115 136740 980571 137340
1209711 127140 1210965 127740
538023 131460 538821 132060
232275 138660 233073 139260
1369083 140100 1370337 140700
829407 129540 829977 130140
1368627 142020 1369083 142620
540987 127140 542583 127740
382527 138660 383097 139260
1061739 137220 1063335 137820
534147 129540 534945 130140
313215 129060 315495 129660
162507 132900 163305 133500
386289 127620 386973 128220
1140399 137220 1140855 137820
762147 142500 764199 143100
680295 131940 681549 132540
391419 142980 392673 143580
1374441 132900 1375353 133500
685653 134340 685881 134940
613719 141060 614517 141660
163305 131460 165243 132060
464265 137220 465063 137820
1398495 143460 1399407 144060
1365435 129540 1366233 130140
1388691 126660 1389945 127260
1379001 142500 1380141 143100
315039 124740 315495 125340
838071 127140 838869 127740
159999 125700 160797 126300
1362015 144900 1362585 145500
988209 131460 988893 132060
828837 135780 829293 136380
1284153 126660 1284609 127260
683715 136740 684627 137340
985359 134820 987525 135420
15105 129540 16359 130140
1392339 142020 1392795 142620
387999 128100 388797 128700
978405 125700 978861 126300
1128315 139620 1128543 140220
1398495 125700 1399407 126300
1367031 131460 1367943 132060
1377633 142500 1378545 143100
241395 139620 241965 140220
1286205 130500 1286661 131100
1209711 124740 1212903 125340
606993 141540 607791 142140
384579 134820 385833 135420
380589 131940 380817 132540
1139145 140100 1139373 140700
840123 139620 841719 140220
762603 131940 764199 132540
1396101 141540 1396899 142140
88635 138180 89889 138780
1060827 130020 1061397 130620
232845 131460 233757 132060
529473 139140 531525 139740
684171 138180 684741 138780
1134699 126180 1137549 126780
606993 137700 609159 138300
380703 138180 381273 138780
1285407 142020 1286547 142620
1061739 125220 1063335 125820
1386297 132420 1386753 133020
1281987 133380 1282557 133980
1281417 127140 1282101 127740
1395189 137220 1395417 137820
385605 145860 386517 146460
687135 138660 687705 139260
980571 132420 981255 133020
163875 127140 164445 127740
686679 125220 687249 125820
384009 129060 384693 129660
1385841 142020 1386297 142620
1364523 142020 1365093 142620
1382535 131940 1383105 132540
1384473 137220 1384929 137820
530841 127620 531297 128220
533121 145860 534033 146460
1361331 139140 1363497 139740
1207887 133380 1208457 133980
1375467 143460 1375923 144060
1373187 141060 1373643 141660
1281645 136740 1281873 137340
1390629 127620 1391085 128220
88179 142020 88977 142620
1368627 143940 1369083 144540
529473 137700 531069 138300
234555 124740 235011 125340
758385 137220 759867 137820
1280163 128580 1280733 129180
164331 142500 165927 143100
1282215 136740 1283013 137340
1390401 129540 1390857 130140
236379 126180 237177 126780
839667 134820 840237 135420
1375011 138660 1375467 139260
80769 130020 82821 130620
462099 143940 462897 144540
1396785 140580 1397241 141180
687477 137700 687933 138300
308199 144900 309111 145500
912171 125220 913767 125820
1280847 128100 1281759 128700
1362927 141540 1363953 142140
241851 127140 243447 127740
239913 126180 240825 126780
1359393 126180 1359849 126780
315267 125700 315495 126300
1377177 129540 1377633 130140
1281759 125220 1282329 125820
759867 125700 760437 126300
1205265 144420 1206177 145020
92283 129060 93879 129660
1210851 141540 1211421 142140
1369539 142980 1370451 143580
1140171 142500 1140855 143100
1371021 126180 1371249 126780
679839 142500 680409 143100
1380483 134820 1381281 135420
1280277 137220 1280733 137820
1283127 132900 1285065 133500
1381053 135780 1381509 136380
1376493 144900 1376949 145500
379905 131940 380133 132540
1362015 143940 1362585 144540
382641 144900 384237 145500
1364637 126660 1364979 127260
1398495 124740 1399407 125340
531981 142020 535743 142620
1368285 136740 1369197 137340
90231 142980 90801 143580
385491 130500 386061 131100
911487 139620 912285 140220
240483 139620 241053 140220
1364523 143460 1364979 144060
1288143 145860 1289055 146460
539847 141060 540303 141660
830091 137700 831117 138300
989577 124740 990033 125340
838299 142980 838869 143580
1284609 143460 1285065 144060
829635 132420 830205 133020
1131393 133860 1131621 134460
688731 138180 692151 138780
1370223 143940 1370679 144540
1365435 131460 1366347 132060
1386183 133380 1387095 133980
1285293 130500 1285749 131100
1393251 141540 1393707 142140
381615 124740 382185 125340
390507 143460 391077 144060
1375011 140580 1375695 141180
536655 137700 537453 138300
1207773 131460 1208001 132060
1289511 145860 1290423 146460
1137663 141060 1138119 141660
760665 126180 761121 126780
1376607 129060 1377063 129660
1137435 145860 1139373 146460
1380483 135780 1380939 136380
1385271 144900 1386069 145500
1373985 142020 1374441 142620
529929 127140 530385 127740
1391313 137220 1391769 137820
910803 130020 911373 130620
307857 131940 308541 132540
1375011 139620 1375695 140220
84417 133860 85101 134460
981825 143940 983421 144540
1364751 140580 1365549 141180
83163 137220 83733 137820
89319 131940 90117 132540
307857 145860 308769 146460
685311 140100 689073 140700
230907 124740 231363 125340
230337 137220 230907 137820
1277313 125220 1278225 125820
837501 126180 838413 126780
1061739 130980 1063335 131580
1371477 139620 1371933 140220
242079 130500 242649 131100
1061739 127140 1063335 127740
1208571 133860 1210053 134460
613263 142980 613833 143580
1387551 128100 1388007 128700
235581 124740 236037 125340
310023 128100 310593 128700
1390629 142980 1391085 143580
1386753 128100 1387209 128700
391875 145860 392445 146460
611097 130020 612237 130620
1361217 135780 1361901 136380
236493 125220 236949 125820
1391427 142980 1391883 143580
1383903 144900 1384473 145500
236265 134820 236721 135420
609615 137700 611553 138300
1280961 132900 1281417 133500
1377405 133860 1377861 134460
689301 130020 689529 130620
606993 124740 607449 125340
687363 143460 687933 144060
757473 129060 757929 129660
1281987 130020 1283013 130620
913539 133380 913767 133980
532095 138660 535857 139260
1385841 137220 1386297 137820
1392567 137220 1393137 137820
831459 130980 834309 131580
540987 129060 542583 129660
1277313 134340 1277997 134940
513 140580 7923 141180
760323 127140 760779 127740
234897 142020 235353 142620
840237 126180 841719 126780
1138347 125220 1138917 125820
613263 134340 613833 134940
983991 132900 986841 133500
1384587 141060 1384815 141660
1364637 138660 1364865 139260
379905 135780 381843 136380
1130139 129540 1131621 130140
1364523 131460 1364865 132060
1385043 126180 1387893 126780
913539 128580 913767 129180
385947 132420 386517 133020
388683 137700 391533 138300
88065 130020 89661 130620
237063 131460 237519 132060
1397355 144420 1399407 145020
230337 144420 230793 145020
529473 142020 531525 142620
1371249 136740 1371933 137340
979887 140100 982737 140700
91827 135300 92625 135900
1386867 138660 1387893 139260
1395075 143460 1395759 144060
1356543 141540 1357113 142140
1281987 134340 1282557 134940
315039 126660 315495 127260
683031 136740 683373 137340
688047 145380 688503 145980
1387665 132420 1388121 133020
1205265 135780 1205949 136380
1130481 139620 1131165 140220
836247 136740 837729 137340
1367943 134340 1368399 134940
459249 130500 460845 131100
1380825 133860 1381281 134460
1366803 130500 1367031 131100
1211991 143940 1212903 144540
1354833 131460 1358595 132060
529473 130500 531069 131100
679041 138180 679725 138780
984675 131460 987525 132060
1277313 129060 1277997 129660
234897 140100 235353 140700
1277313 142020 1278795 142620
1370907 134340 1371477 134940
1383675 134820 1384245 135420
1279137 135780 1279479 136380
1370223 128580 1370679 129180
978177 124740 978861 125340
541443 137220 542013 137820
1135497 133860 1136181 134460
1371249 144900 1371705 145500
1137777 139140 1138347 139740
1387095 141540 1387437 142140
758385 145860 759981 146460
1055697 145860 1057749 146460
1136181 140100 1136865 140700
239685 137700 240141 138300
533121 124740 533577 125340
1399179 129540 1399407 130140
907269 130020 907725 130620
238545 140580 239001 141180
1282215 144420 1282785 145020
1366803 127620 1367145 128220
235467 144420 236151 145020
1376835 142980 1377519 143580
240255 138660 240939 139260
1390059 136740 1390515 137340
612465 129540 614061 130140
1359507 139140 1360989 139740
538707 128100 539277 128700
533121 133380 535173 133980
913311 145860 913767 146460
758043 140100 761805 140700
833283 134820 837045 135420
1392339 143940 1392909 144540
232389 135780 232845 136380
81453 134340 81909 134940
1205265 127140 1208685 127740
828609 137700 829635 138300
606993 132900 607449 133500
1399065 128580 1399407 129180
1289739 141060 1290423 141660
1136181 139140 1136865 139740
390507 128100 391077 128700
687363 134820 688389 135420
606993 134820 607677 135420
533919 125700 534945 126300
984675 143460 986613 144060
162051 129060 162621 129660
1137777 130020 1138347 130620
833739 127140 835677 127740
1388349 132420 1388691 133020
1365435 128580 1366005 129180
839439 145860 840009 146460
1365435 127620 1366233 128220
513 139620 7923 140220
239799 125220 240483 125820
1369995 132900 1370565 133500
310821 135300 312303 135900
1364295 145860 1364979 146460
756561 131940 757587 132540
165357 126660 165927 127260
1207431 134340 1208457 134940
388683 129060 389253 129660
1376151 138180 1376379 138780
1386411 134340 1387095 134940
906129 130020 906813 130620
985473 135780 985929 136380
909891 139620 910917 140220
836247 129060 840009 129660
1395303 136260 1396785 136860
7809 141540 11571 142140
230337 142020 231021 142620
756561 140100 757587 140700
540531 136740 541101 137340
1363839 132420 1364181 133020
681435 140100 684285 140700
831459 137700 834309 138300
529473 131940 530955 132540
529473 144420 530157 145020
1130139 130500 1131621 131100
1382079 130980 1383561 131580
756561 133860 758499 134460
838983 130020 840009 130620
230337 139140 231933 139740
1390287 145860 1390857 146460
529473 126180 531411 126780
1131963 130980 1132647 131580
1055697 126180 1057635 126780
1129911 141540 1131849 142140
1376151 140580 1378089 141180
1369083 128580 1369539 129180
1371363 128580 1371705 129180
383667 137700 387429 138300
239799 143460 240825 144060
535515 141060 535857 141660
539163 131940 540645 132540
913311 142020 913767 142620
1367373 143460 1367943 144060
828609 127140 829635 127740
1387323 134340 1387665 134940
982851 136740 983535 137340
459249 145860 460845 146460
1377291 144900 1378317 145500
1277313 143940 1277883 144540
1393479 124740 1394961 125340
1207431 140100 1209369 140700
1398723 142500 1399407 143100
1397127 141540 1397811 142140
379905 133380 381843 133980
513 134820 7923 135420
93195 125700 93879 126300
606993 130980 608475 131580
1383219 128100 1383789 128700
513 125700 7923 126300
538251 134820 538821 135420
1131393 131940 1131735 132540
1206063 124740 1206405 125340
235467 131940 236037 132540
385035 128580 385605 129180
160911 126660 161937 127260
311505 129060 312645 129660
1389147 132420 1390629 133020
1360647 143940 1361673 144540
165471 125700 165927 126300
1137891 126180 1138917 126780
387543 141540 389025 142140
828609 133860 836019 134460
85443 124740 89205 125340
383439 142980 387201 143580
1376493 143940 1376835 144540
385833 141060 386517 141660
529473 145380 530499 145980
679041 131940 680067 132540
541899 144900 542583 145500
1382079 126180 1382421 126780
1132647 141540 1134129 142140
912285 138660 913767 139260
1379343 132900 1380027 133500
232503 142980 234441 143580
1379685 133860 1380369 134460
989805 144420 991287 145020
379905 129540 380589 130140
1364523 127620 1364865 128220
382299 133380 389709 133980
307857 139620 308883 140220
513 127620 7923 128220
238203 143460 239229 144060
1127745 137700 1128771 138300
836019 143460 836703 144060
1362015 127620 1362357 128220
1378203 129540 1378773 130140
981483 134340 983421 134940
534603 145860 538365 146460
986499 142500 987525 143100
1210965 143940 1211649 144540
160113 130500 160683 131100
307857 129540 308427 130140
1130367 138660 1131393 139260
1360647 131940 1360989 132540
80769 136740 82707 137340
314127 125700 314469 126300
541101 134820 542583 135420
760323 137220 761007 137820
7809 124740 11571 125340
1386525 145860 1387095 146460
1370223 144900 1370565 145500
391191 142020 392217 142620
1381737 133860 1382307 134460
989805 139620 991287 140220
1395303 140580 1395645 141180
241965 145380 243447 145980
535743 144900 536769 145500
828609 136740 829635 137340
1379001 135780 1380027 136380
463467 137220 463809 137820
92397 134340 93879 134940
1059003 138180 1059573 138780
612693 140580 613263 141180
1367715 130500 1368741 131100
84189 131940 84873 132540
1133103 130980 1134129 131580
1140171 128100 1140855 128700
1378887 139620 1379229 140220
1388121 134340 1388691 134940
1393479 127620 1394961 128220
989805 126180 991287 126780
162165 137220 163191 137820
1381851 128100 1382421 128700
1361787 124740 1362129 125340
606993 128580 608019 129180
307857 134820 308883 135420
240939 131940 241281 132540
1362927 127620 1363953 128220
158289 127620 159315 128220
1371135 137700 1371477 138300
379905 141060 380475 141660
241965 132900 243447 133500
1362699 124740 1363725 125340
1391541 127620 1392111 128220
1356999 140580 1357341 141180
1371135 143940 1371477 144540
1135839 124740 1136409 125340
1390971 140100 1391997 140700
1061853 126180 1063335 126780
606993 126660 608019 127260
384351 132420 385377 133020
1363839 135300 1364181 135900
680523 143460 681093 144060
679041 135300 682803 135900
386175 138660 389937 139260
1392339 136260 1392681 136860
1369311 130500 1369653 131100
1378545 140580 1379229 141180
236607 142980 237177 143580
1398381 137700 1399407 138300
1381623 145860 1383561 146460
1127745 143460 1131507 144060
830091 127140 831117 127740
1387551 145860 1387893 146460
830091 136740 831117 137340
1058319 145860 1062081 146460
315153 131460 315495 132060
1365435 137700 1365777 138300
679041 140100 680979 140700
1392567 127620 1392909 128220
386859 132420 388797 133020
535515 139620 536085 140220
1393935 140580 1394619 141180
684171 134820 685197 135420
1384359 128100 1384929 128700
1382649 126180 1382991 126780
533919 127140 534945 127740
911943 127620 912969 128220
459591 131940 460617 132540
679041 145380 680067 145980
