G3:
230337 136740 233301 137340
1358367 131940 1359621 133020
540759 142980 541557 143580
1383447 142500 1387779 143100
1377291 132420 1378431 133020
1375239 130980 1376493 132060
1358367 134820 1359621 135900
237177 133380 242763 133980
1371591 140580 1374555 141180
1129113 135300 1130253 135900
1378089 128580 1379229 129180
1368399 139620 1369197 140700
1358367 127140 1359621 128220
235125 142500 238089 143100
688275 129060 689415 129660
1208115 130020 1209369 131100
7809 144900 16359 145500
1283811 142980 1289397 143580
1371363 133860 1372617 134940
7809 131940 13395 132540
1370223 137220 1375809 137820
1359507 130020 1360761 131100
1205265 140580 1210851 141180
80769 127620 82365 128220
1139943 141060 1140855 141660
230337 137700 233529 138300
1208571 134820 1209825 135900
909207 142500 910233 143580
1286661 137700 1287345 138780
1209141 142500 1209825 143580
683487 143460 684513 144540
1390287 137700 1392681 138300
1210737 138180 1211877 138780
457425 133380 459249 133980
910575 141540 913767 142140
1128657 142980 1129569 143580
762033 140580 764199 141180
1127745 140580 1128657 141180
1377519 131460 1378317 132060
1363839 131460 1364637 132060
380931 136260 382071 136860
11457 135780 14307 136380
978177 139140 979317 139740
1134015 141540 1135155 142140
1277769 145380 1278909 145980
11457 141540 14307 142140
231819 143460 233187 144060
11457 130020 14307 130620
1129113 130500 1130253 131100
1139259 134820 1139487 135420
1389147 128100 1392339 128700
7809 137700 13395 138300
1128429 139620 1129569 140220
1127745 138180 1128657 138780
235239 138660 239799 139260
1367145 142020 1367829 142620
1129113 132420 1130253 133020
1139715 131940 1140855 132540
1128885 125220 1130025 125820
1137321 136260 1138233 136860
1130253 129060 1130481 129660
1138233 133860 1139373 134460
909891 128580 912741 129180
14193 134820 16359 135420
1138917 130500 1140057 131100
1138917 129540 1140057 130140
835905 126660 837045 127260
1281987 136260 1286547 136860
1278111 126180 1279251 126780
230337 140580 231477 141180
1390515 145380 1391883 145980
1130937 137700 1132077 138300
1211079 140100 1212903 140700
1132647 144420 1133787 145020
11457 136740 14307 137340
1136751 138660 1137891 139260
980229 126660 981369 127260
1131507 140100 1132647 140700
14193 131940 16359 132540
1138233 139140 1139373 139740
690327 142020 690669 142620
988095 139140 990945 139740
1131963 125220 1132191 125820
1393251 139140 1394961 139740
980457 125700 981597 126300
1129227 133860 1130367 134460
231477 127140 232617 127740
837729 143460 838869 144060
1132647 143460 1133787 144060
1128885 141540 1130025 142140
1136409 142500 1137549 143100
1278795 130020 1279935 130620
1134585 138180 1135725 138780
1135497 141060 1135953 141660
11457 125220 14307 125820
978291 130020 979431 130620
989007 125700 991287 126300
681207 130980 682233 131580
1287003 144900 1289055 145500
1279479 139620 1280049 140220
1139031 124740 1139487 125340
980115 137700 980913 138300
1205265 128580 1212903 129180
981027 133860 982167 134460
1280391 131940 1280619 132540
1279935 125700 1280619 126300
14193 139620 16359 140220
1132647 132900 1133787 133500
1139373 132900 1140513 133500
1059459 137700 1060941 138780
1139373 126180 1140513 126780
829863 124740 830889 125340
158289 142500 159429 143100
14193 128100 16359 128700
906129 144900 913767 145500
1361103 125700 1362585 126300
978405 140580 979545 141180
80769 134820 82821 135420
380247 134820 381387 135420
1136751 134340 1137891 134940
387771 144420 388797 145020
159087 136740 159885 137340
458451 132420 459021 133020
1279821 126660 1280733 127260
1356087 138180 1357113 138780
1129113 136260 1130253 136860
384465 144420 385605 145020
687591 125700 692151 126300
608247 136740 609273 137340
1135725 135780 1136865 136380
14193 130980 16359 131580
1134471 139620 1135611 140220
11457 140580 14307 141180
688959 127140 689415 127740
979203 136740 980229 137340
688275 130020 689415 130620
1135155 136740 1136295 137340
1279251 145860 1279593 146460
1133673 138660 1133901 139260
1128771 126180 1129911 126780
688503 128100 689529 128700
1139259 138180 1139487 138780
1385841 129540 1386525 130140
1133901 143460 1135041 144060
1136751 139620 1137891 140220
235695 135780 236493 136380
460731 125220 462213 126300
1279251 131940 1279479 132540
1279821 145380 1280277 145980
1395531 131940 1396215 132540
1375809 141540 1376493 142140
530955 137700 531639 138300
1279935 138180 1280619 138780
1127745 130020 1128543 130620
159087 131940 159885 132540
462099 130020 465063 130620
1134471 132900 1135611 133500
384465 145860 384693 146460
1359507 139620 1362129 140220
460503 133380 465063 133980
757473 136740 757929 137340
1128885 129540 1129227 130140
462099 145380 465063 145980
158289 134820 159087 135420
1288257 128100 1288941 129180
159543 145380 160569 145980
159087 138660 159885 139260
1390173 131460 1390857 132060
608931 132900 611553 133500
242079 138180 242649 138780
1127745 142500 1128543 143100
759069 134820 759753 135420
1136067 133380 1136865 133980
839211 133380 840351 133980
1356999 145860 1359621 146460
688617 134340 689073 134940
1375239 125220 1376037 125820
1133901 135300 1134585 135900
828609 144420 829407 145020
163761 143460 164559 144060
760209 137700 760893 138300
80769 142020 81567 142620
1390857 125700 1391541 126300
462099 128580 465063 129180
982509 125700 983649 126300
82479 138660 83961 139740
82707 140580 84189 141660
1131963 134820 1132761 135420
231477 135300 232161 135900
163761 130980 164559 131580
1370907 142020 1371591 142620
761463 135780 762147 136380
1283469 126180 1284153 126780
1136751 129540 1137891 130140
839667 143940 840693 144540
1390401 140100 1391085 140700
612009 132420 612693 133020
607905 128580 608361 129180
1393251 133380 1394961 133980
1387323 140580 1388007 141180
1278111 129060 1279251 129660
828609 124740 829407 125340
1393251 132420 1394961 133020
1287345 126180 1288257 127260
382869 142500 383097 143100
979089 141540 979545 142140
1134015 145380 1135155 145980
1385271 139140 1385955 139740
1278111 137220 1278795 137820
462099 137700 465063 138300
686451 126660 687591 127260
1281987 138180 1284267 138780
238431 127140 239115 127740
684855 132420 685425 133020
382527 138180 383097 138780
688275 126660 688845 127260
987639 137700 989121 138780
1392453 132900 1393137 133500
1389489 140580 1390173 141180
1395417 139620 1396101 140220
90003 131940 90915 132540
1136295 140580 1136979 141180
236835 135300 237519 135900
159201 134340 159657 134940
1391883 141060 1393593 141660
1140057 145380 1140855 145980
162165 145380 163077 146460
612123 140580 612807 141180
236721 136260 237405 136860
391305 125220 393015 125820
90915 134820 93879 135420
981027 138660 981825 139740
1397697 138180 1399407 138780
907155 136260 907725 136860
1281645 126180 1282329 126780
1391085 130500 1391769 131100
385491 145380 386289 145980
758955 126660 759297 127260
1288371 130020 1288941 130620
383325 145860 383553 146460
1131279 138660 1131735 139260
685767 134340 686337 134940
757587 134340 758271 134940
681891 128100 682461 128700
978177 134820 981141 135420
1367715 138180 1368969 138780
980343 132420 980685 133020
238659 144900 239685 145500
760551 133860 761235 134460
1285521 137220 1286205 137820
386175 134340 386973 134940
1379001 137220 1379685 137820
158289 140580 159087 141180
681207 133860 681777 134460
1377405 139620 1378089 140220
460731 140580 462213 141660
1390743 138660 1391427 139740
1279137 144420 1279479 145020
1362471 135780 1365777 136380
689643 133860 690441 134460
1133559 131940 1134357 132540
458451 140580 459249 141180
379905 130020 381615 130620
828609 134820 829407 135420
1132533 138180 1133217 138780
760551 143460 761349 144060
681207 141540 681891 142140
1383789 130020 1384473 130620
1277997 130020 1278681 130620
1129911 127620 1131621 128220
687135 130980 687933 131580
832599 129540 833397 130140
1385157 143940 1385841 144540
1129341 140580 1130025 141180
1392453 133860 1393137 134460
687591 138660 689301 139260
1376037 136740 1376721 137340
239115 141540 240939 142140
606993 133860 609615 134460
828609 126180 829407 126780
310251 130980 311049 131580
607905 126660 608361 127260
312075 144900 313557 145500
1392339 130980 1393023 131580
159543 142020 160227 142620
830319 143460 831117 144540
91713 139620 92511 140220
1129569 137220 1130253 137820
1376721 137700 1377405 138300
233871 134820 234669 135420
231819 133380 232503 133980
830319 128100 831117 129180
686679 136260 687249 136860
1398039 140580 1398837 141180
690213 124740 690669 125340
81567 126180 82137 126780
381729 142980 382185 143580
1278567 130980 1278909 131580
839667 131940 840351 132540
837387 144420 839097 145020
760323 138660 761007 139260
159087 135780 159885 136380
689187 130980 692151 131580
1370337 142980 1371021 143580
907497 138180 908181 138780
1370223 130980 1371477 131580
759069 133860 759753 134460
382299 141060 382869 141660
460731 138660 462213 139740
1286433 129540 1287117 130140
1289169 129540 1289853 130140
1278567 138180 1279365 138780
611325 142980 612009 143580
1383789 140100 1384473 140700
539163 129060 541101 130140
1057635 132900 1059117 133980
389139 129060 389937 130140
310479 133380 311277 133980
1379457 138180 1384131 138780
1277883 136260 1278567 136860
1281075 141540 1282785 142140
241395 142020 242193 142620
685083 141060 686565 141660
690213 145860 692151 146460
1388235 138660 1389489 139260
459135 134820 460617 135900
234213 136260 234897 136860
1287801 141060 1289169 141660
684855 143460 685653 144060
1387551 130980 1388235 131580
159543 133380 160341 133980
1376379 125220 1377177 125820
759639 144420 761349 145020
758385 127620 760095 128220
682347 136740 682689 137340
1134927 133860 1135611 134460
683259 128100 684057 129180
163761 134340 164445 134940
308427 128100 310137 128700
7809 132900 13395 133500
382755 139140 383325 139740
385491 127140 386289 128220
160113 134820 160797 135420
911943 138180 912627 138780
1362471 137220 1363953 137820
80769 137700 88179 138300
984789 125220 985473 125820
1380939 126660 1385613 127260
832371 133380 834765 133980
684399 129060 684969 129660
234213 143460 235923 144060
607563 136260 607905 136860
981711 130020 985017 130620
1354833 135780 1356771 136860
88407 134820 90117 135420
1397583 137220 1399407 137820
85671 128100 90345 128700
759867 141540 760665 142620
906243 142980 906813 143580
1381395 128580 1386069 129180
1289625 134340 1290081 134940
1289169 128580 1289853 129180
391191 131460 391989 132060
687135 144420 687477 145020
838299 128580 840009 129180
1134471 140580 1135155 141180
680865 130020 681549 130620
1354833 142500 1357113 143100
1132077 136260 1132533 136860
1372047 145860 1373529 146460
1284723 138180 1285407 138780
159543 144420 160227 145020
1288941 131940 1289625 132540
758043 124740 759867 125340
761577 133860 762261 134460
1128543 131460 1129227 132060
1057635 141540 1059117 142620
534831 130980 535629 132060
1137321 140580 1138005 141180
389139 131940 389937 133020
87495 142500 88977 143580
1286091 134820 1286889 135900
1289511 126660 1289967 127260
83163 143460 84645 144540
7809 128100 13395 128700
241395 142980 242421 143580
611895 128100 612579 128700
313215 141060 314925 141660
1377291 127620 1378545 128220
1380825 145380 1382649 145980
233073 144420 233757 145020
612123 130020 612807 130620
1133217 135780 1133673 136380
1382079 135780 1383333 136380
159999 140580 160683 141180
758157 136260 759981 136860
1380483 125220 1382307 125820
612351 131460 614061 132060
1127745 126180 1128429 126780
461415 142980 463011 143580
1393251 142020 1394961 142620
689415 139140 690213 139740
833055 142500 833853 143580
909207 132900 910005 133500
1397127 139620 1397697 140220
756561 125700 758271 126300
389595 133380 391305 133980
1057635 145380 1058433 146460
1367715 145380 1368513 146460
1286319 128100 1287345 128700
1057521 134820 1059345 135420
686451 131460 687021 132060
536769 129060 538593 129660
836019 140100 838413 140700
513 126180 7923 126780
834879 144420 835677 145500
682575 142500 684285 143100
311505 137220 312873 137820
1382079 139620 1382877 140220
1282671 127140 1284381 127740
1059915 125220 1061853 126300
762831 136260 764199 136860
909435 134820 910233 135900
908067 130020 909435 130620
382527 127140 383325 128220
830091 140580 830889 141660
832143 125220 833625 126300
1367943 124740 1369653 125340
91485 130020 91941 130620
836703 130980 837501 132060
1359051 144900 1359849 145500
162621 138180 163875 138780
1137321 137700 1138005 138300
1281987 143940 1286661 144540
988779 133860 989577 134460
911259 127140 913767 127740
233871 129060 235125 129660
1128543 137220 1129341 137820
388227 137220 391989 137820
1358139 141540 1358937 142620
1380711 129540 1381509 130140
830775 130980 831573 132060
232959 138660 234783 139260
1378659 143940 1383333 144540
987411 130980 988209 132060
1379799 128580 1381053 129180
1391883 140100 1393593 140700
1057521 125700 1059345 126300
382071 144900 382755 145500
690327 136740 692151 137340
1395303 142500 1396329 143100
1055697 133860 1057521 134460
386403 144420 386859 145020
832371 140100 835449 140700
1360191 142500 1360989 143580
533121 135780 534945 136380
833739 127620 839325 128220
1379799 140100 1381281 140700
82023 142020 83277 142620
1137891 142980 1138689 143580
1374099 135300 1375581 135900
379905 142020 382185 142620
833511 130020 839097 130620
834195 137700 834993 138780
389367 145380 390165 146460
1386183 125220 1388007 125820
461643 136260 463011 136860
234099 132420 235353 133020
758727 125700 759981 126300
1387551 135780 1388805 136380
236151 130020 237633 130620
237633 126180 239457 126780
1360647 137700 1361445 138780
983307 130980 984789 132060
1372503 130020 1374555 130620
1206063 134820 1206633 135420
312303 128100 313101 128700
540303 141540 542583 142140
911259 135780 913767 136380
1057635 129060 1059117 130140
1382079 140580 1383561 141180
906927 133380 907953 133980
911943 142500 913767 143100
907953 136740 909321 137340
1367715 131940 1369539 132540
92055 127140 93879 127740
1059231 143460 1060029 144540
1206291 137700 1206861 138300
1389375 124740 1390857 125340
986385 125220 987753 125820
1378887 131460 1379913 132060
379905 140100 385491 140700
537567 125220 538365 126300
1358481 133380 1360191 133980
610299 141540 611667 142140
238431 134820 239457 135420
1134471 130020 1135041 130620
308541 135780 309225 136380
1367031 126660 1368741 127260
987411 142500 988893 143580
458679 131460 464265 132060
529473 136740 535059 137340
1378203 125220 1379457 125820
1211079 142980 1212903 143580
985587 130020 987981 130620
608247 139140 609045 139740
611211 144900 612237 145500
906699 126180 909777 126780
909891 137700 910689 138780
385947 135780 391533 136380
911715 132420 912285 133020
1375923 126180 1377177 126780
82707 130020 83733 131100
1361103 130980 1361673 131580
458679 143460 460161 144540
1374213 139140 1376607 139740
233643 140100 235011 140700
1396101 132900 1399407 133500
1130139 126660 1131621 127260
529473 128580 530841 129180
906927 127140 907725 127740
82707 132900 83733 133980
833511 141540 839097 142140
830433 139620 831801 140220
236721 137220 238545 137820
1061283 140580 1063335 141180
1057521 127140 1059345 127740
689187 143460 689757 144060
687591 135780 689415 136380
1396215 143940 1397241 144540
7809 127140 13395 127740
1280847 134820 1282329 135420
611895 139140 612579 139740
1380027 141060 1381053 141660
1137891 132900 1138689 133500
1365435 145380 1366233 146460
1389375 135300 1390401 135900
983307 137700 984789 138780
688959 141060 689529 141660
834195 130980 834993 132060
1279479 127620 1280049 128220
1280619 139620 1281873 140220
164103 144420 165927 145020
911715 137220 912741 137820
312987 132420 313785 133020
839895 130020 841719 130620
1057407 138660 1058889 139740
981027 142500 981711 143100
1289739 131940 1290195 132540
1055697 135780 1061283 136380
988779 131460 989463 132060
307857 143940 313443 144540
761463 130020 762033 130620
759867 130980 761577 131580
1061283 145380 1063335 145980
163647 139620 165927 140220
609615 134820 610413 135420
533691 142500 538365 143100
989007 141540 991287 142140
1208229 132420 1212903 133020
384807 125220 386289 126300
1373871 144900 1374441 145500
759867 128580 761577 129180
1365435 130500 1366917 131100
1206291 130500 1206861 131100
1386867 139620 1388121 140220
759867 145380 760665 146460
610641 130980 611325 131580
1278681 140580 1279479 141180
88065 144900 91485 145500
1283811 145380 1284609 146460
1354833 134820 1356201 135420
230337 130020 231249 130620
531297 142500 533121 143100
984675 126660 990261 127260
87951 131940 89433 132540
612351 145860 613605 146460
161937 125220 163191 125820
1378887 126660 1379913 127260
1364067 132420 1365777 133020
1206975 137700 1208457 138300
612351 143460 614631 144060
7809 143460 13395 144060
612807 126180 614631 126780
684399 125220 686793 125820
762147 143460 764199 144060
385491 130980 386289 132060
1396443 137700 1397241 138780
1279935 141540 1280505 142140
308427 127140 309795 127740
162963 135300 163761 135900
1060599 143460 1061967 144060
85215 136740 90801 137340
312987 136260 314241 136860
756561 139620 762147 140220
92511 129540 93879 130140
989463 136740 991287 137340
1135383 144420 1137207 145020
1371933 143940 1372731 144540
1207203 135780 1208001 136380
610641 125700 612465 126300
679041 132420 684627 133020
160683 137700 161367 138300
310479 130020 312645 130620
233187 125220 233985 125820
231819 130020 233073 130620
759639 126660 761463 127260
830433 133380 831801 133980
1211079 126180 1212903 126780
1057521 136740 1059345 137340
984903 135300 985587 135900
980343 145380 983421 145980
1129227 127140 1129797 127740
1055697 143460 1057065 144060
241395 135780 243447 136380
1362471 143940 1368057 144540
609387 131460 609957 132060
685539 132900 688389 133500
7809 142500 13395 143100
91827 144900 92853 145500
390963 130020 393015 130620
1060599 126660 1062537 127260
838983 136260 839781 136860
757587 127140 758157 127740
1369539 138660 1371363 139260
540531 134340 541215 134940
161481 144900 161709 145500
459249 142020 460845 142620
1279935 140580 1280505 141180
1287003 135780 1287801 136860
457425 126660 459933 127260
313557 134340 315153 134940
1061283 141540 1063335 142140
1372503 130980 1374555 131580
7809 134820 11571 135420
762375 139140 762945 139740
1354833 128580 1356201 129180
313671 130500 314241 131100
1211079 145380 1212903 145980
1277313 133860 1282899 134460
1132419 125700 1138005 126300
1381281 130500 1382649 131100
761691 129060 764199 129660
1139259 128100 1140285 128700
1378089 145380 1379343 145980
836931 145860 837501 146460
978177 128100 985587 128700
1398153 145380 1399407 145980
1366803 128100 1372389 128700
988779 132900 991287 133500
690327 132900 692151 133500
682689 135300 685197 135900
1385271 135300 1386297 135900
762375 145380 764199 145980
1209483 138180 1210281 138780
984675 141540 987753 142140
1388235 142500 1389603 143100
232047 130980 233073 131580
1374441 141540 1375239 142140
682119 129060 682689 129660
1285521 132900 1286889 133500
1366803 133860 1369197 134460
1278567 128100 1279365 128700
230337 141540 231705 142140
1282671 128100 1283469 128700
1211079 135780 1212903 136380
84987 129060 86469 129660
1393821 137700 1395987 138300
686907 134820 687477 135420
1393137 135780 1398723 136380
84303 145380 87381 145980
1392339 142980 1393593 143580
683031 127140 686337 127740
7809 129060 13395 129660
85899 130980 87723 131580
240027 131940 241053 132540
237405 140100 239457 140700
983535 136740 984105 137340
1205835 132900 1206405 133500
606993 145380 607905 145980
756561 130980 757929 131580
907155 140580 908295 141180
606993 135300 608361 135900
909435 136260 910005 136860
1133787 128100 1134813 128700
1137207 135300 1138005 135900
911259 130020 912285 130620
160455 131460 161253 132060
85899 126660 91485 127260
762147 132900 764199 133500
312759 126660 315153 127260
907953 128100 909321 128700
1277313 143460 1278567 144060
1391883 131940 1392681 132540
829407 131940 829977 132540
762375 141540 764199 142140
14535 143460 16359 144060
530955 126660 538365 127260
309567 141060 310935 141660
310479 139140 313329 139740
233985 133860 235809 134460
158973 129540 159657 130140
612579 133860 614631 134460
90003 132900 91029 133980
1391085 134340 1391883 134940
236379 129060 237405 129660
762147 130980 764199 131580
536655 144420 537453 145500
160227 139620 161025 140220
1136979 131460 1138005 132060
1128543 128100 1129113 128700
839097 137220 840237 137820
234099 131460 237177 132060
1278111 127140 1278909 127740
379905 143940 382413 144540
978177 145380 979545 145980
1137435 141540 1138005 142140
1288599 125700 1290423 126300
162507 128100 163875 128700
163191 141540 163761 142140
159543 128580 160797 129180
907953 130980 909321 131580
1131507 141060 1132305 141660
1137891 143940 1139145 144540
1287687 131460 1288485 132060
1388805 136740 1389603 137340
761691 127620 762261 128220
384123 141060 384693 141660
232731 135780 233529 136380
690327 127140 692151 127740
609159 124740 609957 125340
839439 140100 840465 140700
163419 136740 165927 137340
459249 130020 460845 130620
1392681 126660 1394961 127260
1061283 142500 1063335 143100
313443 142500 315495 143100
988779 145380 991287 145980
1379799 127620 1381053 128220
690327 135780 692151 136380
91827 138660 93879 139260
540987 125220 542583 125820
910347 143940 911715 144540
1388121 127140 1388919 127740
383667 138660 384921 139260
531639 140100 534945 140700
163191 140580 164559 141180
606993 138180 610755 138780
314127 145860 314925 146460
91827 140580 93879 141180
1389831 143460 1390401 144060
1362015 131940 1363269 132540
609387 143460 610185 144060
161595 143940 162393 144540
1205265 139620 1206405 140220
163647 125220 165927 125820
1288827 136260 1290423 136860
313671 139620 315495 140220
240939 129060 243447 129660
682689 139620 684057 140220
912285 140580 913767 141180
1210851 136740 1212903 137340
1277313 130980 1278111 131580
241395 144900 242421 145500
612123 141540 614631 142140
309339 138180 310137 138780
162279 127140 163077 127740
1368171 125700 1369653 126300
535515 136260 541101 136860
91827 131940 93879 132540
1354833 130500 1356201 131100
84075 126660 85329 127260
1280163 130500 1280733 131100
382983 131940 383553 132540
1392453 125700 1394961 126300
237633 144900 238089 145500
85215 131940 86469 132540
238773 130020 239685 130620
912285 130980 913767 131580
1370223 130020 1371477 130620
679041 133860 680979 134460
230337 125700 231477 126300
162507 131940 163533 132540
836931 135300 838299 135900
1210623 144420 1212903 145020
1130823 134820 1131849 135420
459249 145380 460845 145980
829179 135780 832941 136380
1362585 134820 1365777 135420
1211079 134340 1211877 134940
1362015 142980 1363269 143580
1057179 128100 1057749 128700
988551 144420 989919 145020
680979 136260 681777 136860
83505 135780 84873 136380
91827 133860 93879 134460
609159 126660 610413 127260
611439 137700 612237 138300
762147 144420 764199 145020
530955 125700 531639 126300
757473 137700 758157 138300
241851 139620 243447 140220
1134927 142500 1135725 143100
836247 124740 839325 125340
230679 144420 231477 145020
1387095 136740 1388349 137340
160455 142500 161253 143100
1205265 131940 1206405 132540
160227 126660 161025 127260
391533 141540 393015 142140
1374441 143460 1375581 144060
1354833 127620 1356201 128220
761691 125220 762261 125820
1138803 145380 1139601 145980
1055697 142500 1057065 143100
1388919 141540 1389717 142140
611439 135300 612237 135900
538707 137700 541215 138300
161139 129540 164217 130140
609729 140100 610413 140700
232047 141540 233301 142140
1386867 144900 1388007 145500
388227 133860 389481 134460
1288371 137700 1289169 138300
307857 139140 310023 139740
13623 143460 14193 144060
382299 135780 385377 136380
1382079 134340 1384245 134940
1207431 139140 1208685 139740
1055697 131940 1061283 132540
1279023 135300 1280049 135900
533007 128580 533805 129180
160455 141540 161253 142140
613035 134820 614631 135420
759183 130020 759981 130620
1392339 129540 1393593 130140
163647 126180 165927 126780
1370223 134340 1371021 134940
1285179 128580 1285863 129180
1133559 127140 1134357 127740
1286319 133860 1287117 134460
1369311 127140 1371477 127740
534375 128100 537225 128700
539163 128100 540189 128700
91599 135780 93879 136380
681663 142500 682233 143100
91371 125220 93879 125820
1357227 130500 1358481 131100
839895 141540 841719 142140
1287459 132420 1288257 133020
241623 145860 242421 146460
1368399 137220 1369197 137820
1365435 142020 1366689 142620
239001 137220 241509 137820
1369767 133380 1370565 133980
1390059 130500 1390857 131100
911943 134820 913767 135420
238887 128100 239685 128700
1208799 145860 1210053 146460
1366347 141060 1367145 141660
684285 130020 686793 130620
683031 138180 684285 138780
1057179 130500 1059345 131100
1389375 144900 1390401 145500
530955 145380 534033 145980
1357227 128580 1358481 129180
1354833 131940 1356201 132540
1279251 124740 1280277 125340
1135155 130500 1135953 131100
391191 139140 391761 139740
1369197 141060 1371021 141660
988893 128100 989577 128700
1372503 132420 1375353 133020
1131507 142980 1132305 143580
462897 139620 463581 140220
307857 138180 308997 138780
387201 133860 387429 134460
608931 129060 611439 129660
538935 145380 540189 145980
683259 126180 683829 126780
232731 132420 233529 133020
1371591 135300 1372845 135900
1281987 145860 1282785 146460
607335 132900 608475 133500
1205265 142980 1206405 143580
81795 145860 83049 146460
1369083 144900 1370337 145500
230337 131940 231249 132540
906927 125220 909777 125820
463467 142980 465063 143580
1357227 124740 1358481 125340
688047 136740 688959 137340
1388805 131460 1389717 132060
1357455 144420 1358253 145020
1279935 143940 1280505 144540
683715 145380 685881 145980
240027 135780 240825 136380
538935 130500 541785 131100
839895 145860 840465 146460
240939 138660 241623 139260
234441 141540 235239 142140
240825 142500 241053 143100
1285407 141060 1286547 141660
609045 144420 609729 145020
91599 126180 93879 126780
241851 134820 243447 135420
1130253 145380 1131393 145980
1392339 124740 1393593 125340
606993 143940 607791 144540
1285635 144900 1286547 145500
1132191 127620 1133445 128220
979887 129540 980115 130140
313215 137700 315495 138300
462783 143940 463581 144540
457425 137220 457653 137820
391191 132420 391989 133020
161823 136260 162507 136860
608247 142980 609045 143580
690555 144420 692151 145020
832257 127620 833169 128220
978177 142500 979317 143100
1385499 134340 1385955 134940
1365663 126180 1366461 126780
241965 126180 243447 126780
232617 129060 233301 129660
839439 139140 840579 139740
1360191 128580 1362357 129180
238545 125220 239343 125820
230337 142500 231591 143100
1397127 142500 1397925 143100
1283583 131460 1284381 132060
311277 128580 311733 129180
538707 127140 539505 127740
1369083 145860 1371249 146460
611895 129060 613263 129660
1134243 129060 1135839 129660
240939 130980 243447 131580
1390743 135780 1391883 136380
1391085 124740 1391883 125340
1281987 144900 1282785 145500
1393479 130500 1394961 131100
1207659 127620 1208229 128220
14535 126660 14991 127260
1206291 125700 1210053 126300
680751 124740 683601 125340
1386867 127140 1387665 127740
1211307 141540 1212903 142140
234669 128100 235125 128700
1362471 144900 1363269 145500
1367943 142980 1369083 143580
85215 134820 86469 135420
380703 145860 381843 146460
683259 129540 683829 130140
381387 125220 384237 125820
1278111 125220 1278909 125820
1138917 137700 1139145 138300
984675 143940 987525 144540
1384017 143460 1384473 144060
538251 128100 538821 128700
310251 126180 311505 126780
982623 140100 983421 140700
86811 134820 87951 135420
1128999 145380 1129797 145980
385491 130020 388341 130620
1392795 128580 1393251 129180
314013 132900 315495 133500
240141 128100 240939 128700
1387095 132900 1389945 133500
1140399 138180 1140855 138780
761919 126660 762717 127260
1136523 132420 1137093 133020
91143 143460 91941 144060
87039 132900 87837 133500
530499 141060 531411 141660
1139259 140100 1139829 140700
1393479 134340 1394961 134940
1205265 145380 1207773 145980
839667 126660 840465 127260
1205265 136740 1207773 137340
1284951 127140 1285749 127740
1376835 134340 1377291 134940
759297 132420 760095 133020
1132533 133860 1133673 134460
1210737 130500 1212903 131100
837387 137700 838641 138300
231477 134340 232275 134940
1368969 142020 1369425 142620
240027 127140 241965 127740
161481 139620 161709 140220
1374441 129060 1375353 129660
1358481 143460 1359621 144060
1373529 134340 1374441 134940
610071 127620 610869 128220
312075 140100 313329 140700
682575 138660 682803 139260
310479 128100 311163 128700
758385 138660 758613 139260
1377291 133380 1378089 133980
1285635 145860 1286547 146460
679041 127140 682233 127740
1288941 139620 1289169 140220
535743 137220 537681 137820
1398267 139620 1399407 140220
1373529 133380 1376037 133980
1285407 126180 1286547 126780
1139487 137220 1140513 137820
87039 129060 88293 129660
985359 139140 987525 139740
541215 135300 542013 135900
1209711 141540 1210965 142140
1357911 139620 1358709 140220
379905 127620 380817 128220
83619 134820 84873 135420
382071 130020 382299 130620
979203 125220 980001 125820
161937 126180 163077 126780
1366803 136260 1367943 136860
683943 130980 686109 131580
1208913 136260 1210053 136860
1279593 137220 1280391 137820
687135 125220 687363 125820
688731 124740 689301 125340
241851 140580 243447 141180
832143 145380 834309 145980
1373187 142020 1374099 142620
680979 128100 681549 128700
83163 131940 83733 132540
1208913 126660 1210053 127260
988779 135300 989577 135900
1290195 128100 1290423 128700
979317 131460 979773 132060
315267 129540 315495 130140
1359963 125700 1360533 126300
162051 142980 162507 143580
534831 129540 535401 130140
1389375 126180 1390173 126780
1285407 139140 1286661 139740
234327 127140 235581 127740
1136523 145380 1137321 145980
608019 127620 608817 128220
978177 132420 979089 133020
1280619 142980 1282101 143580
239343 142500 240369 143100
1205265 129540 1206405 130140
1205265 138660 1206177 139260
1283469 130500 1284381 131100
530727 130980 531297 131580
611553 133860 611781 134460
762603 137700 764199 138300
1289283 127620 1289853 128220
979887 144420 981027 145020
1366575 137700 1366803 138300
840123 142500 841719 143100
688275 143460 688845 144060
1207089 133380 1208001 133980
307857 136740 308655 137340
690555 131940 692151 132540
1127745 144420 1127973 145020
1060371 140580 1060941 141180
310479 134820 311049 135420
309453 145860 311049 146460
533121 134820 533349 135420
690099 129540 692151 130140
164331 135780 165927 136380
1364295 142500 1365093 143100
832941 136740 833169 137340
990831 128580 991287 129180
164331 128100 165927 128700
1282671 130980 1283241 131580
1361787 140580 1362129 141180
538707 131940 539277 132540
1394847 143940 1395759 144540
389823 143940 390621 144540
391419 142500 393015 143100
1380711 139140 1381167 139740
1061739 134820 1063335 135420
1127745 145380 1128657 145980
1205265 143940 1207773 144540
457425 130980 458337 131580
1374327 145860 1375239 146460
164331 132900 165927 133500
832599 130500 833169 131100
307857 141540 308313 142140
241851 128100 243447 128700
680979 143460 681549 144060
1278339 132420 1279137 133020
1376607 145860 1377519 146460
910347 140580 911601 141180
828609 130020 832029 130620
830091 145380 830661 145980
679041 134820 681093 135420
1373415 127620 1376265 128220
91371 145860 91941 146460
1289511 130500 1290423 131100
756561 144420 759069 145020
833511 136740 835677 137340
1396785 141540 1397241 142140
1055697 140100 1057749 140700
1140399 125220 1140855 125820
81567 131940 82137 132540
238887 135780 239571 136380
1208115 141540 1208685 142140
613263 136260 614061 136860
308769 140580 309225 141180
1362129 129540 1363269 130140
162735 142500 163875 143100
541215 139140 542013 139740
391647 128580 392217 129180
542355 130500 542583 131100
1384017 130980 1385613 131580
231249 124740 232161 125340
1378089 134340 1378545 134940
613149 130020 614631 130620
761691 142500 762261 143100
1384017 131940 1386069 132540
231363 139620 232161 140220
91371 130980 91941 131580
1360419 134820 1361217 135420
1060827 139620 1061397 140220
680295 144420 680865 145020
984675 140100 987525 140700
1280619 129540 1282101 130140
840123 130980 841719 131580
613035 138660 614631 139260
308883 129540 310023 130140
1277313 144420 1278453 145020
839895 125700 840693 126300
390051 134340 391533 134940
840123 127620 840693 128220
164331 145380 165927 145980
689187 136740 689415 137340
988779 124740 989691 125340
92283 136740 93879 137340
1131393 129060 1132533 129660
1208343 133380 1208685 133980
1284039 134340 1285293 134940
1390287 142500 1392225 143100
240711 125700 241167 126300
684627 138180 685197 138780
1391883 139140 1392339 139740
1381623 131940 1382649 132540
1209711 133380 1212903 133980
1286319 127140 1286661 127740
1360761 145860 1361217 146460
91371 137700 91941 138300
160455 132420 161367 133020
386175 140100 389025 140700
313329 127620 315495 128220
1208685 137220 1209141 137820
834195 124740 834993 125340
679041 142500 679953 143100
1374441 142500 1375353 143100
392559 132420 393015 133020
1384587 138180 1385271 138780
540987 128100 542583 128700
1286091 125220 1286547 125820
239571 130980 240483 131580
763971 125700 764199 126300
1206063 142020 1206747 142620
310593 138180 311505 138780
379905 128580 381045 129180
1140057 135300 1140513 135900
311733 142500 312873 143100
679041 130980 679953 131580
380703 131940 381159 132540
14763 129060 16359 129660
981141 129060 982737 129660
1289511 145380 1290423 145980
1379913 125700 1380369 126300
92397 145860 92853 146460
610527 130020 611211 130620
912171 139620 913767 140220
907839 143940 909321 144540
529473 138660 531525 139260
979887 142500 980685 143100
1061739 132900 1063335 133500
1288827 132900 1289283 133500
540987 140580 542583 141180
241167 131940 241737 132540
1139487 142500 1140285 143100
1134015 139140 1134243 139740
240711 134820 241281 135420
90231 142500 90801 143100
1383105 130020 1383561 130620
530499 140100 531183 140700
1397469 143460 1398039 144060
1061739 136740 1063335 137340
908751 133860 909321 134460
1371591 142980 1372047 143580
463581 134820 465063 135420
679041 138660 679953 139260
240939 139620 241509 140220
236379 128100 236949 128700
164331 127140 165927 127740
231363 138660 232389 139260
1367031 132420 1367259 133020
462099 142020 463581 142620
91371 142500 91941 143100
1282557 129540 1284153 130140
840123 135780 841719 136380
457539 136260 458109 136860
906129 139140 907041 139740
391419 138180 392217 138780
232731 142500 233529 143100
1362243 140100 1363725 140700
681321 145380 683259 145980
1378887 132420 1379343 133020
840123 134820 841719 135420
235695 140580 236265 141180
458223 138660 458793 139260
1136295 127140 1139145 127740
1133901 136740 1134927 137340
1277313 140580 1278225 141180
163647 132900 163875 133500
230337 128100 231249 128700
686337 142020 687933 142620
540759 144900 542013 145500
688503 145860 689985 146460
1209711 131460 1212903 132060
1140399 129540 1140855 130140
1207089 134340 1207545 134940
1287687 138660 1288257 139260
756561 130020 757701 130620
234441 130500 234897 131100
1282215 125220 1284267 125820
458679 136740 458907 137340
459249 128100 460845 128700
613035 137220 613491 137820
689871 137700 690327 138300
989121 129060 989577 129660
1391313 133380 1391883 133980
1288827 143940 1290423 144540
1277313 141540 1278795 142140
1388463 137700 1388919 138300
1136181 145860 1136409 146460
92283 130500 92853 131100
232959 127140 233643 127740
1131849 133860 1132077 134460
756561 132900 758157 133500
1378089 136740 1378545 137340
234897 137220 235809 137820
1280163 136260 1280733 136860
834879 145860 836817 146460
1207203 131460 1207887 132060
1060371 141540 1060941 142140
1209711 127620 1212903 128220
1370223 131940 1371477 132540
237861 129540 238317 130140
1138575 129060 1138803 129660
978861 126660 979317 127260
1140399 139620 1140855 140220
80769 130980 81681 131580
230337 129060 231249 129660
682005 134340 682461 134940
1288827 124740 1290423 125340
160455 138660 161367 139260
307857 133380 309795 133980
1393365 145860 1394961 146460
1394619 136740 1397469 137340
1385955 126660 1386411 127260
1128315 129060 1128771 129660
1374441 126180 1375353 126780
1366575 139620 1366917 140220
308883 125700 309795 126300
242193 132420 242649 133020
158289 133380 159315 133980
1354833 145380 1356771 145980
984675 145860 987525 146460
313899 125220 315495 125820
1388577 126180 1389033 126780
1280961 140580 1284381 141180
380931 139140 381501 139740
1376607 130020 1377063 130620
540531 127140 541101 127740
237405 141540 237861 142140
1132077 130020 1132305 130620
1398495 143940 1399407 144540
1386411 143940 1387095 144540
230337 145860 232275 146460
1357455 136740 1359393 137340
1373187 136260 1373757 136860
691467 124740 692151 125340
312873 133380 313329 133980
1382307 133380 1383789 133980
307857 132420 309795 133020
1209711 129540 1212903 130140
1397127 140580 1397583 141180
613035 144420 614631 145020
832257 141540 832941 142140
680181 143460 680637 144060
380361 141060 380817 141660
13281 138660 14307 139260
307857 130500 308313 131100
382983 143460 383553 144060
13281 126180 14307 126780
828609 131940 829293 132540
686679 127620 688161 128220
829293 145860 829749 146460
539391 131460 542583 132060
913311 125700 913767 126300
83163 124740 84645 125340
1281987 130500 1282215 131100
1284951 130500 1285407 131100
1128201 144420 1129797 145020
1281303 132900 1282785 133500
1371819 139620 1372047 140220
1354833 139140 1355403 139740
464835 141060 465063 141660
1140399 134340 1140855 134940
1133103 141060 1133559 141660
1378203 126180 1378773 126780
1287687 133860 1288257 134460
1277313 128100 1277997 128700
1140399 130500 1140855 131100
162735 144420 163305 145020
1380711 130500 1381053 131100
233871 126180 234669 126780
983991 133860 987753 134460
1385955 144900 1386411 145500
906129 132420 907041 133020
80769 135780 81795 136380
1288827 135300 1290423 135900
84531 141540 91941 142140
238431 130980 239115 131580
680295 138660 680865 139260
1289739 137700 1290423 138300
240939 140580 241395 141180
1277313 142500 1279251 143100
978177 144420 978861 145020
390051 127620 391989 128220
1281645 128100 1282101 128700
978177 129060 978405 129660
1135839 128100 1136409 128700
88635 129060 92397 129660
1396671 142980 1397013 143580
536769 138180 537453 138780
683487 133380 684969 133980
542241 143940 542583 144540
1277313 139140 1278339 139740
1281987 137220 1283925 137820
1281189 137700 1281645 138300
1375809 142500 1377747 143100
606993 125220 608931 125820
756561 128580 758499 129180
1369653 142500 1370109 143100
536769 141540 537909 142140
1378545 141540 1379229 142140
1287915 135300 1288371 135900
1209711 139140 1212903 139740
1287003 141540 1287573 142140
1130595 144420 1132533 145020
685311 136260 685881 136860
90003 140580 90801 141180
1364295 145380 1364979 145980
457425 131940 457653 132540
1208799 143940 1209825 144540
232959 128100 233985 128700
984675 142500 986613 143100
463467 136260 465063 136860
308997 130980 309453 131580
1361673 134820 1362357 135420
1370109 139620 1371591 140220
1139259 143460 1139601 144060
684969 139620 688731 140220
687819 124740 688161 125340
1283811 142020 1284381 142620
386973 141060 390393 141660
310707 142500 311277 143100
464151 126660 465063 127260
686223 145380 688161 145980
688959 140100 692151 140700
382641 134820 384237 135420
311961 126180 312645 126780
979089 144420 979545 145020
980457 130020 981141 130620
85443 135780 87381 136380
829863 134820 831801 135420
1140399 144420 1140855 145020
1372161 138180 1372617 138780
460503 127140 463353 127740
230337 124740 231021 125340
237747 125220 238089 125820
1059915 127620 1061853 128220
1375809 143460 1377747 144060
1282215 139620 1282785 140220
1289739 132900 1290423 133500
459249 137700 460845 138300
830091 132420 837501 133020
1385727 138180 1387665 138780
379905 137700 381843 138300
313101 145860 313671 146460
1385385 137220 1385955 137820
909663 145860 913425 146460
978177 125220 978861 125820
83163 127620 83733 128220
679041 145860 680979 146460
1379799 145380 1380369 145980
379905 125220 380817 125820
314013 131460 314697 132060
240141 130020 242079 130620
231819 128100 232503 128700
1362015 141540 1362357 142140
981825 126660 983421 127260
236265 133860 236949 134460
164331 131940 165927 132540
232503 145380 233529 145980
1289739 140100 1290423 140700
386175 139140 389937 139740
513 139140 7923 139740
312759 135300 314697 135900
380931 132900 388341 133500
513 141060 7923 141660
1062651 129540 1063335 130140
392331 126660 393015 127260
392331 145860 393015 146460
1389375 129060 1391313 129660
980571 143460 983421 144060
80769 128580 84531 129180
390507 124740 391077 125340
1359507 124740 1361445 125340
990831 129540 991287 130140
83163 136740 84189 137340
1059915 130500 1063335 131100
1370679 126180 1371135 126780
1134813 127140 1135839 127740
1379001 127620 1379343 128220
980457 141540 981141 142140
1384245 133380 1384815 133980
1131963 132900 1132191 133500
391533 140580 393015 141180
88179 130980 90117 131580
912285 133860 913767 134460
1062879 143940 1063335 144540
1140171 143460 1140855 144060
1131507 142020 1133445 142620
835335 133380 839097 133980
234669 144420 235239 145020
161937 138180 162165 138780
1130595 130020 1131165 130620
911715 125700 912741 126300
610413 136260 612465 136860
907611 132420 908637 133020
756561 142500 757587 143100
1055697 138180 1056723 138780
91143 128100 92169 128700
236379 143460 238317 144060
1208115 136740 1208571 137340
230337 134340 231021 134940
1390173 141540 1391199 142140
1375695 135780 1377633 136380
541899 129540 542583 130140
310251 131940 312189 132540
1377975 138660 1378317 139260
230337 133380 230907 133980
1381167 136740 1381623 137340
529473 132420 536883 133020
910119 133380 911145 133980
1389033 130500 1389603 131100
513 135780 7923 136380
988551 140100 990489 140700
756561 135300 757587 135900
1206633 139140 1206975 139740
1386411 128580 1388349 129180
1368171 136260 1371933 136860
839781 124740 841719 125340
383895 142020 391305 142620
309339 136740 310935 137340
1372161 142020 1372731 142620
314013 143940 315495 144540
613149 140580 614631 141180
1130823 130980 1131393 131580
1354833 125700 1358595 126300
1360647 127140 1360989 127740
688503 144900 690441 145500
1362015 126660 1362357 127260
837159 138660 839097 139260
389595 140100 391191 140700
614403 124740 614631 125340
1395303 127620 1399065 128220
387087 142980 389025 143580
760551 127620 761577 128220
529473 143460 536883 144060
756561 143460 760323 144060
388341 126660 391761 127260
7809 130980 11571 131580
1135611 134820 1136295 135420
161139 135300 161709 135900
307857 142500 308427 143100
1374783 134340 1376379 134940
1287003 145860 1287687 146460
233757 137700 234783 138300
541557 145860 542583 146460
687363 129540 687933 130140
388683 130980 390621 131580
530499 133860 537909 134460
234555 125220 236037 125820
1369539 129060 1372959 129660
379905 126660 380589 127260
1397127 145380 1397697 145980
981825 132900 982167 133500
608247 141540 608589 142140
392559 136260 393015 136860
231591 129060 232161 129660
513 140100 7923 140700
232731 134340 233301 134940
1362699 133860 1363269 134460
763629 134340 764199 134940
307857 140580 308313 141180
535515 140100 539277 140700
242079 143940 243105 144540
839211 144900 840237 145500
13281 133860 14307 134460
990261 143940 991287 144540
1284951 131460 1285521 132060
1387323 143940 1388349 144540
761463 137220 762489 137820
1368969 143940 1369539 144540
236379 140100 236949 140700
464037 143940 465063 144540
1395531 134820 1399293 135420
1395987 145380 1396671 145980
1134129 134340 1134699 134940
389823 125700 390393 126300
609501 141540 609843 142140
88635 145860 90117 146460
1361103 133860 1361673 134460
1394847 124740 1398609 125340
1368399 142020 1368741 142620
689985 142980 691923 143580
690897 128580 692151 129180
233985 142500 234669 143100
1387665 130020 1388235 130620
241965 136740 243447 137340
529473 127620 530955 128220
236151 136740 236493 137340
838071 145860 839553 146460
14877 142500 16359 143100
532095 139140 539505 139740
89091 124740 89433 125340
241395 143940 241737 144540
163647 127140 163989 127740
1393935 129060 1397697 129660
1362927 126660 1363269 127260
1354833 144420 1356771 145020
1376379 129060 1376721 129660
239229 131940 239571 132540
1395417 130500 1399179 131100
1392339 135780 1392681 136380
84531 136740 84873 137340
1396329 140580 1396899 141180
828609 137220 832371 137820
231819 140580 232389 141180
513 133860 7923 134460
1372503 142980 1373073 143580
165585 142020 165927 142620
1366803 129540 1367145 130140
1128885 138660 1129455 139260
1284951 125220 1285521 125820
1363839 129540 1364409 130140
989805 131940 991287 132540
90231 138180 91257 138780
314241 128580 315495 129180
1391655 126660 1392225 127260
532095 144420 535857 145020
1360647 132420 1360989 133020
1280619 124740 1282101 125340
1383447 141540 1387209 142140
1280847 135780 1281873 136380
309567 144900 310593 145500
1367715 141060 1368741 141660
1061853 138660 1063335 139260
313443 128580 313785 129180
690669 137700 692151 138300
1359963 141540 1360989 142140
542241 132420 542583 133020
832371 134820 832713 135420
1377975 130500 1378545 131100
1385727 145860 1386069 146460
513 130020 7923 130620
1284951 129540 1285293 130140
1366803 135300 1370565 135900
613149 142500 614631 143100
383211 130020 384237 130620
379905 130980 380931 131580
1362927 142020 1363953 142620
158289 145380 159315 145980
909891 130020 910917 130620
538251 135300 538821 135900
513 136740 7923 137340
238431 131940 238773 132540
1388121 141540 1388463 142140
1130139 124740 1131621 125340
1130595 136740 1131165 137340
1365435 140580 1365777 141180
828609 135780 828951 136380
1393479 131460 1394961 132060
1133103 140100 1134129 140700
164445 129060 165927 129660
233643 141540 233985 142140
761691 131940 762717 132540
161139 130500 162165 131100
314241 144900 315495 145500
1288713 138660 1289739 139260
1284039 135300 1285065 135900
381387 128580 385149 129180
1277313 126180 1277655 126780
314241 129540 314925 130140
541899 137220 542583 137820
159771 142980 160341 143580
613149 139620 614631 140220
1283697 128100 1284267 128700
1131963 145380 1133559 145980
1127745 132900 1128771 133500
907611 139140 908637 139740
230337 143460 231363 144060
513 125220 7923 125820
1362471 138180 1363497 138780
1382991 131940 1383561 132540
685539 135300 686109 135900
531867 141060 535629 141660
1289739 142500 1290423 143100
1379115 130500 1380141 131100
1376493 133380 1376835 133980
1130139 125700 1131621 126300
1287231 130500 1287801 131100
838755 140100 839097 140700
87039 139140 90801 139740
1287003 125220 1287573 125820
464037 142020 465063 142620
