G4:
1206291 129540 1208685 130140
1206291 141060 1211877 141660
1129113 135780 1130253 136380
238545 132900 239457 133500
1376949 129060 1381509 129660
1129113 129540 1130253 130140
236151 142020 236949 142620
14193 144420 16359 145020
232503 143940 233643 144540
981141 125220 981369 125820
1139259 133860 1139487 134460
688503 129540 689301 130140
1138233 138660 1139373 139260
1128885 139140 1129227 139740
836931 126660 839781 127260
1135155 137700 1136295 138300
1128885 141060 1129227 141660
1129113 142020 1130253 142620
1129113 133380 1130253 133980
979317 130020 979545 130620
1136181 136260 1136409 136860
1139259 139620 1139487 140220
1130253 131940 1130481 132540
1128885 124740 1129227 125340
1136751 138180 1136979 138780
14193 135780 16359 136380
1135041 140100 1135269 140700
1279593 144900 1280277 145500
978177 133860 981141 134460
1279137 126180 1279479 126780
1135725 139620 1136865 140220
14193 136740 16359 137340
906129 144420 906927 145020
836589 143460 837729 144060
1137435 142500 1138575 143100
1280391 132420 1282101 133020
978177 127140 980229 127740
1128885 130500 1129227 131100
1278681 144900 1279365 145500
1138803 135300 1139601 135900
159771 136260 160911 136860
690441 141540 692151 142140
1135041 132420 1135725 133020
1375239 136740 1376037 137340
1279365 138180 1280049 138780
1138575 141540 1140057 142140
1128543 138180 1129227 138780
1138689 129060 1139829 129660
1279707 140100 1280277 140700
1278567 130020 1278909 130620
1131507 124740 1132305 125340
1134813 136740 1135269 137340
906699 142980 909321 143580
688731 126660 689757 127260
1394733 132900 1395417 133500
828609 144900 834195 145500
1128999 131940 1129341 132540
688275 134820 689073 135420
1133445 143940 1133901 144540
1133901 134820 1134585 135420
1136181 142500 1136523 143100
1139031 137700 1139829 138300
1394847 140100 1397811 140700
1132647 138660 1133787 139260
1391427 138180 1392453 138780
1136067 133860 1136865 134460
382983 134340 386289 134940
688047 126660 688389 127260
1139259 140580 1140057 141180
1389603 131460 1390173 132060
159087 133860 159885 134460
1284153 138180 1284837 138780
1134813 142020 1135269 142620
684399 143460 684969 144060
1129227 128100 1129911 128700
462099 128100 465063 128700
983649 125220 984789 125820
979317 140100 980001 140700
1138689 132900 1139373 133500
462099 125700 465063 126300
460731 145380 462213 146460
688047 128100 688617 128700
1131507 125700 1132533 126300
1369767 133860 1371477 134460
1385499 129060 1387209 129660
1133901 132900 1134585 133500
381843 143460 382413 144060
689643 133380 690441 133980
688047 130500 688389 131100
909207 141540 910689 142620
385377 144900 387657 145500
686223 134340 686907 134940
1208685 134340 1210053 134940
1128885 125700 1129227 126300
679041 130500 681321 131100
1129911 140580 1130595 141180
159771 144900 160113 145500
689643 124740 690327 125340
981027 134820 981825 135900
686679 136740 687249 137340
384123 144900 384465 145500
1129569 134340 1130253 134940
158973 134820 159201 135420
237291 138180 238773 138780
381159 134340 382185 134940
1287687 127140 1288257 127740
159087 145860 159771 146460
981027 130020 981825 131100
838869 132900 839553 133500
757587 124740 758157 125340
1289055 128100 1289625 128700
382983 137700 383781 138780
382983 142500 383781 143100
1368855 131460 1370565 132060
1131507 132420 1132761 133020
158973 132900 159657 133500
308655 141540 313329 142140
1389147 139620 1390401 140220
1359507 134340 1361217 134940
987411 138660 988209 139740
688845 130500 690555 131100
385947 131940 389253 132540
681435 131940 686109 132540
681435 130020 683829 130620
1363839 137220 1368513 137820
234327 142980 236037 143580
1389147 141060 1390515 141660
380703 130500 381501 131100
1356657 136260 1358481 136860
687363 143940 687933 144540
1376835 128100 1377405 128700
1376379 141540 1378089 142140
1134927 138660 1135725 139260
612579 132420 614289 133020
383211 128100 384009 128700
310935 144900 312189 145500
386175 128580 391761 129180
1055697 125220 1057635 126300
1059231 136740 1060029 137820
1387779 138660 1388349 139260
983307 126180 984789 127260
1281759 135780 1282329 136380
1133445 141060 1134129 141660
906699 145380 909093 145980
7809 126180 13395 126780
310479 130500 311733 131100
1390629 126180 1393137 126780
1131507 135780 1132989 136380
1207431 142500 1209255 143100
82707 134820 83733 135900
1057407 133860 1058889 134940
1131507 137220 1132761 137820
832827 141540 833625 142620
1379799 131460 1381053 132060
1392111 139620 1393137 140220
684627 141540 685425 142140
1283811 137220 1285635 137820
235239 132420 236607 133020
460731 133860 462213 134940
906129 131940 911715 132540
1057635 142500 1060029 143100
987867 130020 989349 131100
909435 135780 910803 136380
231363 142980 232617 143580
1391085 141540 1391883 142620
1128771 136740 1129569 137340
310935 133860 312303 134460
686337 144900 688047 145500
237747 142980 241509 143580
606993 129540 612579 130140
833283 129540 834993 130140
1380711 144420 1381281 145020
1059231 125220 1060029 126300
461643 137220 463011 137820
83163 132420 83733 133020
987639 133860 988893 134460
1383333 144420 1388919 145020
1387095 142980 1388577 143580
830433 125220 832257 125820
839667 143460 841719 144060
1279479 131460 1280163 132060
386175 127140 389481 127740
160227 133380 163989 133980
1209711 143460 1210509 144540
988779 142500 991287 143100
1137207 134820 1138005 135420
1363839 131940 1365663 132540
1397127 137220 1397697 137820
239343 141060 240369 141660
1057521 126660 1059345 127260
1385385 130020 1387209 130620
756561 135780 759867 136380
82251 127140 83277 128220
608361 132900 609045 133500
1279251 128580 1280277 129180
311505 127620 312873 128220
89775 134340 91257 134940
1136751 142020 1136979 142620
1376151 130500 1377177 131100
906129 135780 907497 136380
908067 125700 911829 126300
989007 125220 991287 125820
1136979 143940 1138005 144540
531639 130500 539049 131100
1055697 144420 1061283 145020
909435 129540 910917 130140
1287231 128580 1287801 129180
1288599 141540 1290423 142140
1374555 129540 1375353 130140
1392567 137700 1393365 138300
1209255 139620 1210053 140700
457425 129060 463011 129660
159771 135300 160569 135900
760323 135780 761577 136380
1281075 143460 1282329 144060
906129 130500 911715 131100
158289 143460 163875 144060
1354833 136740 1356429 137340
837159 142020 838983 142620
1389147 138180 1390173 138780
758043 127140 758841 127740
83847 138660 85785 139740
1288599 127140 1289625 127740
391077 131460 391305 132060
457425 144420 463011 145020
1131507 127620 1132305 128220
462099 138180 463467 138780
309111 128580 309681 129180
1354833 134340 1356201 134940
1055697 142980 1057065 143580
839895 129060 841719 129660
1377291 137220 1379115 137820
1060827 137700 1063335 138300
1132647 140100 1133217 140700
1360419 130980 1361217 132060
233643 125700 235011 126300
384807 139620 385605 140220
985131 129060 985929 130140
1131507 144900 1133103 145500
1392339 130500 1393593 131100
1378773 138660 1380141 139260
1131507 126660 1132191 127260
82023 126180 85329 126780
978177 132900 981939 133500
159087 141540 159885 142140
459249 138180 460845 138780
911715 136260 912285 136860
158289 130980 163875 131580
835107 140580 838413 141180
907953 137220 909321 137820
1060827 141540 1061397 142140
1394163 142500 1395417 143100
1137891 125700 1139487 126300
1283811 144420 1284609 145500
1278567 134340 1279365 134940
685539 133380 685767 133980
237519 130020 238317 130620
679041 125700 684627 126300
688731 142980 689529 143580
1131507 145860 1135269 146460
1398609 135780 1399407 136380
1278339 142980 1278909 143580
1372503 133860 1374555 134460
1288371 142500 1289169 143100
1277313 130020 1278111 130620
1390743 131460 1391883 132060
1354833 142020 1356087 142620
240939 137700 243447 138300
982851 136260 985929 136860
230337 133860 234099 134460
1377063 135300 1382649 135900
761691 143460 762261 144060
163647 138660 165927 139260
1357227 135300 1358481 135900
908979 127620 909777 128220
756561 140580 762147 141180
1281759 144420 1282329 145020
81453 126180 81681 126780
839439 144420 841719 145020
1388007 139620 1388691 140220
231363 130980 232161 131580
1129455 142980 1130253 143580
237177 126660 238431 127260
162051 134340 163875 134940
1384017 135780 1387095 136380
761919 136740 764199 137340
911715 143460 913767 144060
982053 133860 983421 134460
85671 136260 87267 136860
236835 130980 237975 131580
828609 138180 834195 138780
1133103 126180 1133901 126780
313215 138660 315495 139260
313215 144420 315495 145020
313215 131940 315495 132540
689643 134340 690327 134940
540303 142020 541329 142620
760437 142500 761805 143100
1278567 131460 1279365 132060
90687 145380 90915 145980
1372047 141540 1374555 142140
1359735 144900 1360533 145500
689643 143460 692151 144060
1392339 134340 1393593 134940
988779 143460 991287 144060
1375467 135300 1376721 135900
311847 132420 313101 133020
385947 130500 389025 131100
1382079 130020 1383219 130620
689301 139140 689529 139740
757587 126180 758157 126780
1287003 126180 1287459 126780
82251 138180 83505 138780
1362015 126180 1365777 126780
690327 145380 692151 145980
459819 126660 460617 127260
680067 141540 681321 142140
390963 135300 391761 135900
1131507 133380 1132761 133980
839439 136740 841719 137340
1392453 135300 1394961 135900
907953 128580 909321 129180
1377975 144420 1379229 145020
1288143 125220 1288941 125820
681663 141060 682461 141660
1392339 131460 1393593 132060
682119 130980 683373 131580
1284267 127140 1285065 127740
757587 139140 758157 139740
1129683 130980 1130481 131580
1372047 143460 1374555 144060
1136979 141060 1137777 141660
1374441 144420 1377747 145020
382527 132420 384465 133020
81567 140580 82821 141180
981711 139140 985473 139740
1132191 141060 1133217 141660
1375809 131940 1377063 132540
1395873 137220 1396671 137820
1137891 137220 1138917 137820
163647 137700 165927 138300
910575 138180 912057 138780
1362015 142500 1363269 143100
389595 130020 390507 130620
686679 135780 687249 136380
909891 128100 912399 128700
390279 141540 391647 142140
234783 135300 236949 135900
1372047 137700 1372617 138300
382527 130980 385605 131580
158973 128580 159657 129180
1357227 128100 1358481 128700
232959 130020 234213 130620
979317 128580 980229 129180
14535 130500 15333 131100
1135155 133380 1135725 133980
163647 130020 165927 130620
759069 137700 760323 138300
1370223 140100 1373301 140700
14079 145380 14877 145980
238659 125700 240825 126300
1378887 145860 1381395 146460
382071 140580 383325 141180
1279479 129540 1280277 130140
87267 133380 90117 133980
459249 125700 460845 126300
462099 141060 464265 141660
611667 143460 612465 144060
611667 131460 612465 132060
1389375 136260 1390515 136860
911715 144420 913767 145020
981255 131460 983421 132060
1364295 144420 1365549 145020
1367715 139620 1368513 140220
160569 140580 162621 141180
1358481 126660 1360989 127260
1285407 138660 1286661 139260
1134699 144420 1135497 145020
530499 137220 531753 137820
1131507 131460 1137093 132060
1391199 129060 1392453 129660
1388463 128100 1389261 128700
681663 134820 683829 135420
92397 130020 93879 130620
1282215 134820 1283013 135420
1284039 126180 1284951 126780
1287459 132900 1288257 133500
1360647 140100 1361445 140700
606993 131460 609501 132060
1137891 140580 1138917 141180
314127 136260 314925 136860
688389 125220 688617 125820
237063 134820 237975 135420
87951 127140 88863 127740
686223 133380 689073 133980
312759 133860 313557 134460
1354833 128100 1356201 128700
761691 128580 762261 129180
1367943 143940 1368741 144540
681663 132900 682233 133500
1136523 130500 1139031 131100
91827 133380 92625 133980
1132647 128100 1133901 128700
1396215 143460 1397013 144060
1357227 131940 1358481 132540
232047 125700 233187 126300
1387551 131460 1388349 132060
1373415 135300 1374213 135900
1279023 132420 1279821 133020
457539 137220 458109 137820
691011 126660 692151 127260
606993 127140 612579 127740
1382079 129060 1382877 129660
690213 126660 690441 127260
1397241 141060 1399407 141660
237177 132900 237975 133500
1289511 133860 1290423 134460
1279707 134340 1280505 134940
1386753 141060 1388919 141660
838527 137700 839781 138300
1361331 145380 1362585 145980
613035 130980 614631 131580
540987 125700 541785 126300
1136979 132900 1138005 133500
606993 138660 608133 139260
1396101 142020 1397013 142620
88065 137700 90915 138300
1205265 143460 1207773 144060
237291 136260 238545 136860
1133103 125220 1133331 125820
1285749 129540 1286547 130140
1128543 127140 1129341 127740
684399 132900 684969 133500
539391 124740 542583 125340
1357227 145380 1358025 145980
684969 135780 685197 136380
382071 144420 382641 145020
1359507 128580 1360305 129180
233643 135300 234555 135900
1277427 145860 1278225 146460
685767 126660 686565 127260
233643 131460 234213 132060
613263 135300 613833 135900
906129 142980 906357 143580
1058319 140100 1062081 140700
538935 145860 541101 146460
613149 129060 614631 129660
608475 134820 609729 135420
1357227 134340 1358481 134940
1382079 144420 1382877 145020
312759 135780 313215 136380
380931 143460 381501 144060
1381395 142980 1384245 143580
1280505 138180 1282101 138780
1288143 145380 1289055 145980
1206291 131940 1206861 132540
1374441 135780 1375239 136380
86583 138180 87837 138780
162279 135300 163077 135900
1209711 142500 1210623 143100
161139 145860 162279 146460
161823 138660 163077 139260
463923 138180 465063 138780
1140399 126180 1140855 126780
307857 135780 308655 136380
611211 139140 612009 139740
1390743 136260 1391883 136860
90687 138660 91941 139260
1060827 145380 1061397 145980
1280505 139140 1282101 139740
1140399 138660 1140855 139260
759297 127140 760437 127740
240255 144900 241509 145500
84759 128100 85785 129180
608361 124740 609273 125340
759639 133380 760893 133980
1366803 141540 1368741 142140
1386867 126660 1388805 127260
380817 129540 388227 130140
313899 141540 315495 142140
241851 125700 242421 126300
537111 128580 537909 129180
1380939 141060 1384701 141660
612921 125700 614061 126300
1138575 143460 1138803 144060
1285407 141540 1286547 142140
1128543 145380 1129113 145980
307857 144420 310707 145020
1277313 127140 1278225 127740
382071 141540 382641 142140
1208343 137700 1209141 138300
1207887 138660 1208685 139260
1287915 130020 1288485 130620
988893 127140 989577 127740
379905 136740 387315 137340
14079 124740 14877 125340
1211079 142500 1212903 143100
231363 127140 231591 127740
92055 141060 92853 141660
1287003 145380 1287687 145980
309111 140580 310365 141180
1140399 137700 1140855 138300
232845 140580 233757 141180
758043 133380 759183 133980
1282215 142020 1282785 142620
1389831 143940 1390401 144540
1387779 124740 1388919 125340
979659 131460 980799 132060
762603 126660 763059 127260
240255 132900 241053 133500
457425 141060 460845 141660
686337 140580 689187 141180
232047 135300 233187 135900
462897 142500 463125 143100
513 142020 7923 142620
529473 144900 531525 145500
161139 142500 162279 143100
312987 130980 315495 131580
536199 135780 539049 136380
1358367 144900 1359165 145500
686679 130500 687249 131100
690555 142500 692151 143100
686451 131940 687021 132540
309681 133380 310593 133980
986499 141060 990261 141660
232389 139620 234555 140220
235809 128580 237063 129180
241851 142500 243447 143100
1134471 135780 1135155 136380
989463 135300 990261 135900
388341 143940 389937 144540
458451 131940 459021 132540
1288827 135780 1290423 136380
14079 143460 14649 144060
232047 138180 232617 138780
1288827 130020 1290423 130620
1372503 131940 1374555 132540
683715 145860 684285 146460
458223 130980 458793 131580
307857 127620 309111 128220
1280505 125700 1282101 126300
979773 124740 980457 125340
610299 140100 611553 140700
237405 139140 238317 139740
1374441 128100 1375239 128700
1364979 142020 1365549 142620
1277313 135780 1278909 136380
1375923 137700 1376835 138300
835563 144900 839325 145500
237747 133860 238659 134460
235239 143940 237177 144540
1358481 130980 1359393 131580
1289511 130980 1289967 131580
1127859 144420 1128315 145020
309567 139620 310479 140220
679041 126660 682461 127260
91371 144900 91941 145500
236949 140580 237405 141180
1285635 145380 1286547 145980
828609 126660 836019 127260
985473 135300 987525 135900
529473 143940 536883 144540
1283355 137700 1283583 138300
606993 142500 608589 143100
160227 129060 162165 129660
92055 127620 92625 128220
1383447 136740 1387209 137340
1364181 143460 1364637 144060
682575 137220 683031 137820
912171 130020 913767 130620
241851 135300 242421 135900
1370223 126660 1377633 127260
840237 140580 841719 141180
1389831 126660 1390287 127260
1289967 127140 1290423 127740
1393821 138660 1394277 139260
984675 130980 987525 131580
1208457 135780 1210053 136380
988095 131460 988323 132060
1131507 129540 1135269 130140
1284039 132420 1286547 133020
1279821 143940 1280049 144540
839211 127620 840237 128220
1211079 125700 1211649 126300
840465 139140 840921 139740
381729 138660 382641 139260
909891 132900 910461 133500
978747 125700 979431 126300
606993 144420 607677 145020
1379343 125220 1380255 125820
1140399 132900 1140855 133500
241851 131460 242421 132060
240369 126660 240825 127260
1361103 125220 1361559 125820
311733 137700 312873 138300
81795 136260 84645 136860
762147 124740 764199 125340
1360077 133380 1360533 133980
1367829 136260 1368285 136860
84417 142500 87609 143100
313899 126180 315495 126780
239457 129540 243219 130140
463467 142500 465063 143100
1364295 134340 1364751 134940
606993 130500 610755 131100
1388577 137220 1391427 137820
1372959 132900 1374555 133500
835905 136260 839097 136860
1282899 126180 1283583 126780
1375467 133860 1377519 134460
308997 143460 309453 144060
241623 136260 242421 136860
391419 134340 391989 134940
1133217 127140 1133673 127740
1373415 145860 1373871 146460
907953 134820 909549 135420
1383333 139620 1383789 140220
609729 144900 611325 145500
237291 128580 239229 129180
609159 128580 612921 129180
1369311 126660 1369539 127260
1374441 145380 1378203 145980
13281 129060 14193 129660
389595 142980 391533 143580
1059003 130980 1061853 131580
1370109 145380 1372959 145980
1281645 130020 1282101 130620
1139031 136740 1140057 137340
314013 137220 314469 137820
83619 130500 91029 131100
1140399 134820 1140855 135420
1397583 143940 1398039 144540
160911 144900 161595 145500
1283013 128580 1284609 129180
386403 143940 387885 144540
1127745 137220 1128657 137820
1279935 127620 1280163 128220
1135611 135780 1135839 136380
159771 131940 162621 132540
311619 128580 313557 129180
80769 131460 88179 132060
680295 134340 680865 134940
1139943 130500 1140513 131100
1277313 137700 1279251 138300
241395 133860 241965 134460
1130025 138180 1131621 138780
1278453 128100 1278681 128700
1374783 131460 1375353 132060
759639 134820 762489 135420
232503 131460 232959 132060
1375695 141540 1375923 142140
1137777 139620 1138461 140220
1287459 139620 1289055 140220
457425 138660 458337 139260
1055697 130980 1057749 131580
1136181 129540 1136865 130140
235695 130020 236265 130620
91371 142980 91941 143580
460503 132900 463353 133500
391191 133380 391761 133980
1135155 142980 1135839 143580
13281 143460 13737 144060
380703 127620 381273 128220
1287117 127140 1287345 127740
1356999 143940 1358937 144540
1279137 142500 1280733 143100
236379 127620 236835 128220
529473 140580 531411 141180
837387 139620 840237 140220
1395189 131940 1395645 132540
1366803 135780 1367259 136380
235125 141540 235581 142140
1394847 137220 1395303 137820
679839 138660 680409 139260
534945 136740 535173 137340
760209 143460 760665 144060
688845 136740 689301 137340
90915 135300 91941 135900
688503 139140 688845 139740
540987 136260 542583 136860
978177 141540 979203 142140
1367715 140580 1369767 141180
758385 141540 759981 142140
390051 145860 391989 146460
1280619 145860 1282101 146460
1287003 144420 1289055 145020
838755 128100 839097 128700
158289 140100 160227 140700
830775 140580 834537 141180
985473 128100 988323 128700
679953 131940 680409 132540
1392225 128100 1392681 128700
534147 124740 537909 125340
386175 139620 389025 140220
1383675 124740 1386525 125340
236379 137700 236949 138300
388683 138180 391533 138780
1280163 135780 1280391 136380
240711 127620 241167 128220
840237 145380 841719 145980
234099 143940 234783 144540
1277313 124740 1278909 125340
1061739 125700 1063335 126300
1289511 144900 1290423 145500
683943 139620 684513 140220
1287003 140580 1288941 141180
1209597 137700 1210281 138300
1358481 125700 1360077 126300
162963 145380 163989 145980
457425 135780 457653 136380
909207 124740 912969 125340
231363 135300 231591 135900
234897 140580 235809 141180
1280391 136740 1280847 137340
1206519 144420 1207089 145020
85671 126180 89091 126780
89775 126180 91713 126780
907383 143940 907953 144540
1394847 141060 1396785 141660
236265 141060 236721 141660
89319 143460 91257 144060
606993 125700 610755 126300
231591 141540 232161 142140
392559 142980 393015 143580
758385 145380 759981 145980
529473 131460 533235 132060
1278681 141060 1280619 141660
235809 133380 236265 133980
457425 133860 459363 134460
834879 137700 836817 138300
906129 129540 908979 130140
13281 142500 14307 143100
1392795 142500 1393023 143100
160341 142500 160569 143100
82251 137220 83277 137820
906129 139620 909321 140220
460047 143460 463467 144060
832257 130500 832713 131100
1137207 137700 1137435 138300
1362927 130020 1370337 130620
828609 134340 836019 134940
907839 133380 909777 133980
828609 132420 829749 133020
1368399 142500 1368855 143100
679041 135780 681093 136380
391419 139620 393015 140220
1139031 143940 1139487 144540
80769 129540 88179 130140
233415 137700 233871 138300
756561 136740 757587 137340
539163 140580 541101 141180
459249 142500 460845 143100
538023 144420 540873 145020
760779 131460 762717 132060
1283697 130980 1287459 131580
982281 125220 982965 125820
1133787 125220 1134471 125820
1391655 135300 1391997 135900
162507 124740 164445 125340
978177 130020 978405 130620
312075 125220 314013 125820
984675 145380 987525 145980
84531 143460 87381 144060
1377975 127140 1381395 127740
1383903 125700 1386753 126300
758499 130980 759981 131580
606993 135780 610755 136380
685083 138180 688845 138780
1392339 141540 1392795 142140
235467 125700 238317 126300
384009 141060 384237 141660
540075 134820 540645 135420
158289 125220 162051 125820
1134357 140580 1134585 141180
761007 126180 761577 126780
1377063 136260 1380825 136860
1136181 140580 1136409 141180
833283 135300 837045 135900
1380939 142020 1383789 142620
612123 144900 614061 145500
1055697 139620 1057749 140220
1134927 125220 1137777 125820
685083 134820 685653 135420
906129 126660 909891 127260
1140399 124740 1140855 125340
1362927 140580 1364865 141180
239571 133860 239799 134460
307857 126660 311619 127260
1059003 129060 1060941 129660
392559 129540 393015 130140
1132989 134340 1133673 134940
384579 143940 385605 144540
1375923 138660 1377519 139260
1131507 134340 1132077 134940
309567 127620 311049 128220
1364523 133380 1367943 133980
684855 145860 688617 146460
529473 142500 531411 143100
1395303 138180 1395987 138780
538251 137220 539733 137820
608589 144420 609159 145020
1391427 144900 1392909 145500
1207203 132900 1208685 133500
1135611 143940 1136637 144540
91827 145860 92511 146460
910119 134820 912057 135420
91143 128580 93081 129180
987183 136260 990945 136860
1374783 142980 1376379 143580
1140399 140100 1140855 140700
1288143 126180 1288371 126780
1373757 140100 1376607 140700
1386867 142020 1388805 142620
1389831 132900 1390287 133500
1280619 140100 1282101 140700
310935 134820 313785 135420
614403 135300 614631 135900
1383447 137700 1385385 138300
1377633 143460 1379115 144060
979203 139140 981141 139740
84417 125220 87267 125820
236151 130980 236379 131580
1127745 130980 1128771 131580
1280391 144420 1280847 145020
1359279 136740 1359621 137340
529473 129060 536883 129660
1364295 124740 1368057 125340
690099 139140 692151 139740
1379229 132420 1382991 133020
1387551 136260 1389033 136860
1282215 145380 1282785 145980
1379343 143460 1380027 144060
1383561 129060 1384017 129660
1131963 142500 1133901 143100
912171 132900 913767 133500
680865 136740 682461 137340
1371363 130980 1371933 131580
1282443 131460 1283013 132060
1288827 134820 1290423 135420
610071 133860 611667 134460
1363839 136260 1365777 136860
1369539 132420 1371477 133020
1366575 140580 1367145 141180
390507 143940 392445 144540
1378317 132420 1379001 133020
513 137220 7923 137820
689187 145380 689415 145980
1388919 133380 1389603 133980
463581 130980 465063 131580
1371477 142020 1371705 142620
310935 139620 313785 140220
1397241 142980 1399179 143580
1210851 127140 1211421 127740
836019 139620 836475 140220
1277313 136740 1277997 137340
230337 132420 232275 133020
1137207 145380 1138233 145980
530271 127140 534033 127740
513 138180 7923 138780
760893 138660 762831 139260
1130139 128580 1131621 129180
910575 126660 912513 127260
609843 124740 613605 125340
1209711 138660 1210737 139260
1385499 131460 1387095 132060
1205265 135300 1206747 135900
1133103 137700 1135041 138300
837159 125700 840009 126300
80769 133860 84531 134460
1369881 142020 1370451 142620
540075 137220 541557 137820
238659 139620 240597 140220
1379571 137220 1383333 137820
463581 131940 465063 132540
756561 132420 759411 133020
1280619 131460 1282101 132060
608019 139620 608589 140220
529473 134340 536883 134940
1136295 128100 1138233 128700
529473 145860 533235 146460
1209027 136740 1210965 137340
1208115 127620 1208685 128220
311619 136740 313557 137340
1205265 134340 1207203 134940
1367715 138660 1369653 139260
1140399 133860 1140855 134460
536313 141060 538251 141660
240255 142020 240939 142620
163191 144420 163875 145020
1384131 139620 1386981 140220
679041 133380 681093 133980
1278795 127140 1279479 127740
1385385 132420 1386411 133020
609501 142500 613263 143100
87723 125220 91485 125820
831459 136740 833055 137340
513 128100 7923 128700
239799 128580 241737 129180
687135 125700 687705 126300
540531 131940 541101 132540
233757 136740 235695 137340
541101 134340 542583 134940
313899 140100 315495 140700
379905 134340 380589 134940
760551 132420 762489 133020
1393935 133860 1397697 134460
7809 145380 11571 145980
387999 144900 391761 145500
1389033 129540 1389489 130140
1385271 142980 1385955 143580
232959 145860 236721 146460
1287003 142020 1287573 142620
1392909 129060 1393479 129660
1208913 125220 1210851 125820
1371477 142980 1371705 143580
682119 143460 683601 144060
679041 139620 682803 140220
1127745 139620 1128429 140220
1354833 137700 1356771 138300
1394619 126180 1398381 126780
979887 125700 980571 126300
990945 137220 991287 137820
234327 138180 236265 138780
1371135 139140 1373985 139740
7809 144420 11571 145020
1285635 144420 1286547 145020
690213 137700 690783 138300
1371363 127620 1372845 128220
758955 138660 760437 139260
1394847 130020 1398609 130620
158289 130020 162051 130620
1061739 135300 1063335 135900
1367715 132420 1368399 133020
1059915 127140 1061853 127740
1289739 139620 1290423 140220
307857 130020 309795 130620
1287231 137700 1287915 138300
1397469 142020 1399407 142620
237747 141540 238431 142140
1362015 130020 1362357 130620
606993 145860 610755 146460
1369539 137700 1370565 138300
163419 131940 163989 132540
13281 137700 14307 138300
1360647 143460 1362585 144060
1391997 132900 1392567 133500
386745 134820 387201 135420
1361787 144420 1363269 145020
90915 132420 92853 133020
839211 142500 840237 143100
232845 142020 234783 142620
158289 137220 160227 137820
1389261 142980 1390743 143580
513 132420 7923 133020
680751 144420 684513 145020
158289 127140 160227 127740
1207773 137220 1208229 137820
680295 142500 681777 143100
1283811 141540 1284381 142140
1391313 145860 1391883 146460
1205265 130980 1209027 131580
611211 138180 613149 138780
232959 126660 234897 127260
379905 125700 383667 126300
384579 138180 387429 138780
835335 132900 837273 133500
311847 129540 313785 130140
379905 131460 381843 132060
89319 127140 90801 127740
230337 138180 231591 138780
1137777 129540 1138461 130140
163761 142020 165699 142620
231363 145380 232047 145980
1360647 127620 1360989 128220
1397811 136740 1399407 137340
757815 129060 759753 129660
1059003 141540 1060485 142140
308769 131940 309795 132540
1137777 133860 1138347 134460
1130139 139140 1131621 139740
80769 144900 88179 145500
1284039 134820 1285065 135420
457995 135780 461757 136380
463581 135780 465063 136380
608931 139140 610413 139740
1281987 127620 1283013 128220
232731 124740 234669 125340
689415 128100 690441 128700
1360647 137220 1362585 137820
1057179 138180 1059117 138780
761349 133380 763287 133980
756561 133380 757587 133980
1061853 143460 1063335 144060
164445 143460 165927 144060
760323 124740 761805 125340
1377747 133860 1379229 134460
986157 125700 987753 126300
683031 129060 683601 129660
981141 127140 982737 127740
158289 126180 162051 126780
1288827 126180 1289169 126780
1280391 127140 1280961 127740
1369083 145380 1369653 145980
680751 138660 682689 139260
237747 143940 241509 144540
162963 127140 163305 127740
310479 142980 314241 143580
1394163 145380 1395645 145980
1364751 135300 1365777 135900
911715 140100 912741 140700
1385613 128100 1386297 128700
7809 130500 11571 131100
1278339 143940 1278909 144540
1384131 134820 1391541 135420
831003 143940 834765 144540
1389375 142020 1390401 142620
1279023 139140 1279593 139740
7809 125220 11571 125820
1211421 143460 1212903 144060
457425 131460 458109 132060
529473 138180 536883 138780
382071 124740 389481 125340
830775 129540 832713 130140
13281 131940 14307 132540
1059915 130020 1060941 130620
513 143460 7923 144060
1206747 137700 1207089 138300
13281 132900 14307 133500
990945 144900 991287 145500
1209255 130020 1210281 130620
758043 142500 759981 143100
684627 124740 687477 125340
1281987 128580 1282557 129180
160911 127140 162393 127740
1360191 145860 1360875 146460
682347 128100 683373 128700
541101 138660 542583 139260
1139259 127620 1140855 128220
978177 137220 985587 137820
93537 131460 93879 132060
537111 125700 537681 126300
989349 131460 991287 132060
1383219 145380 1390629 145980
1382991 131460 1384929 132060
391191 125700 392217 126300
986499 143460 987525 144060
1285635 143460 1286661 144060
1372275 128580 1372845 129180
1359507 135300 1363269 135900
379905 139620 381501 140220
985815 133380 986841 133980
529473 127140 530043 127740
756561 129060 757587 129660
1381167 126180 1381623 126780
513 127140 7923 127740
391077 140580 391647 141180
88065 139620 91827 140220
310479 129540 311505 130140
609159 136740 612921 137340
164445 140580 165927 141180
978177 143940 981939 144540
1369083 144420 1372845 145020
534603 145380 538365 145980
1354833 140100 1358595 140700
13281 128100 14307 128700
1371819 136260 1373301 136860
83619 137220 87381 137820
234213 140580 234669 141180
1280163 124740 1280733 125340
529473 133380 533235 133980
978177 125700 978519 126300
1369197 141540 1369767 142140
989463 134340 990489 134940
612693 130020 613263 130620
1277313 128580 1278339 129180
513 131460 7923 132060
307857 125220 311619 125820
1395417 128580 1399179 129180
13281 127140 14307 127740
984675 138180 986613 138780
1282671 130500 1283013 131100
606993 132420 608019 133020
1380597 130020 1381623 130620
1277313 131940 1278339 132540
831003 128100 834765 128700
1362243 129060 1369653 129660
529473 135780 533235 136380
606993 141060 608589 141660
1386639 132420 1387209 133020
1206633 138660 1207659 139260
1370223 124740 1377633 125340
1355859 139140 1359621 139740
1373871 125700 1375353 126300
1208571 126180 1210053 126780
980571 142500 981141 143100
1130139 143940 1131621 144540
86355 141060 88293 141660
982395 142020 986157 142620
1393935 130980 1397697 131580
388227 132900 390165 133500
310251 132420 311277 133020
241965 138660 243447 139260
1362927 139620 1366689 140220
1207431 131940 1211193 132540
1279251 130500 1280277 131100
1354833 133380 1358595 133980
80769 138180 81795 138780
535515 127620 539277 128220
87951 136260 91713 136860
978177 140580 978519 141180
389823 139140 391305 139740
7809 139620 11571 140220
7809 140580 11571 141180
760779 137700 762717 138300
1381623 124740 1383105 125340
160911 139620 161595 140220
1354833 141060 1362243 141660
310821 140580 312759 141180
1367943 144900 1368513 145500
840237 131940 841719 132540
513 133380 7923 133980
513 135300 7923 135900
1358139 142500 1359165 143100
1356543 142020 1357113 142620
1373073 142500 1374555 143100
1137891 131460 1139829 132060
240255 134820 240825 135420
1399065 130500 1399407 131100
681663 133860 682005 134460
690669 129060 692151 129660
762375 142020 763401 142620
1393365 125220 1397127 125820
88863 142500 90345 143100
379905 132420 381843 133020
235923 124740 243333 125340
84075 141060 85101 141660
912285 131940 913767 132540
683715 138660 684057 139260
685539 135780 685881 136380
513 134340 7923 134940
1366803 145860 1367829 146460
241509 132900 242079 133500
612465 133380 614061 133980
529473 139620 533235 140220
1359963 142020 1360989 142620
314013 133860 315495 134460
1057635 128100 1061397 128700
161139 141540 162165 142140
307857 137700 308883 138300
1058775 139140 1062537 139740
308427 138660 312189 139260
164445 130980 165927 131580
1277313 138660 1278339 139260
1282443 132420 1283469 133020
536427 132900 540189 133500
382983 143940 384009 144540
1366347 143460 1366917 144060
838983 138660 840009 139260
160683 137220 161709 137820
1387551 125700 1389489 126300
1133673 139620 1134015 140220
1377063 140100 1379913 140700
832371 135300 832713 135900
232161 145860 232503 146460
1390287 138660 1390857 139260
912285 129060 913767 129660
92397 139620 93879 140220
829863 131940 837273 132540
80769 137220 81795 137820
387201 126180 390963 126780
1055697 130020 1057635 130620
606993 136740 608019 137340
1135497 130020 1135839 130620
1131507 130500 1135269 131100
609501 141060 613263 141660
1127745 142980 1128771 143580
1376379 129540 1376721 130140
