G6:
1139259 139140 1139487 139740
1139259 134340 1139487 134940
1138575 138180 1139373 138780
1128657 129060 1129341 129660
1136295 137220 1136979 137820
1136067 138660 1136865 139260
1128771 134340 1129569 134940
1139259 132420 1139487 133020
608931 132420 612123 133020
1386753 130500 1388805 131100
310935 130980 312417 131580
385377 145380 385605 145980
1129227 140580 1129455 141180
1135041 140580 1135269 141180
236949 145380 240711 145980
1388691 135780 1390287 136380
1388805 141060 1389261 141660
983535 125220 983763 125820
160113 132900 160341 133500
1133103 133380 1134699 133980
1376949 131460 1377633 132060
1134129 135780 1134585 136380
1137777 134340 1138347 134940
382185 141060 382413 141660
1135611 134340 1136181 134940
1135611 142500 1136295 143100
685083 142980 688845 143580
237291 129060 237975 129660
238887 136260 241737 136860
1283469 130020 1287231 130620
386175 128100 388113 128700
686451 128100 688047 128700
1287687 129540 1288371 130140
231819 131940 233757 132540
1134471 134820 1134699 135420
685995 131940 686565 132540
1138575 132420 1138803 133020
232047 139620 232503 140220
1278567 144900 1278795 145500
1363839 132900 1365777 133500
538479 142020 540417 142620
1284495 128100 1286433 128700
540417 134340 540645 134940
381387 139140 382869 139740
1208343 134340 1208799 134940
610983 126660 612921 127260
609843 131460 611781 132060
978747 125220 979203 125820
381159 127620 382641 128220
1386867 139140 1390629 139740
1375923 132900 1378773 133500
1390059 131940 1391997 132540
81795 134340 89205 134940
1364523 125700 1368285 126300
1280163 145860 1280733 146460
1375695 137220 1376151 137820
160227 134340 162165 134940
235239 140100 235809 140700
686907 131460 688389 132060
979317 129540 980001 130140
613149 130500 614061 131100
236949 138180 237405 138780
685539 134820 686109 135420
1133673 134820 1134015 135420
1372503 144900 1373985 145500
1134813 143940 1135041 144540
90915 130500 92397 131100
239457 140580 240483 141180
1280163 140100 1280733 140700
383439 143460 387201 144060
908523 137700 910005 138300
1137891 142020 1138917 142620
1387551 137700 1388577 138300
756561 127620 758499 128220
758271 136740 762033 137340
1354833 132900 1362243 133500
1139601 135780 1140855 136380
232161 135780 232503 136380
1393479 140100 1394961 140700
1380255 125700 1384017 126300
1357455 137220 1359393 137820
230337 130500 234099 131100
909777 126660 910005 127260
1278681 137220 1279707 137820
1136865 140580 1137435 141180
1131963 128580 1139373 129180
1385271 137700 1386297 138300
1379685 125700 1380027 126300
608817 145380 612579 145980
911715 133380 912741 133980
159771 127620 163533 128220
1132647 137220 1134585 137820
1388007 129060 1389033 129660
1368285 134340 1369881 134940
1394847 142980 1396785 143580
309111 135780 312873 136380
981711 134820 985473 135420
1283811 139620 1287573 140220
1365891 131940 1367829 132540
758043 131940 761805 132540
80769 142500 84531 143100
1373529 141060 1375467 141660
1395303 144900 1399065 145500
980799 128580 988209 129180
1281987 139140 1282557 139740
1281531 131940 1288941 132540
829863 138660 837273 139260
1278795 125220 1279821 125820
1390287 143460 1394049 144060
1058775 133860 1061625 134460
679041 137700 686451 138300
461187 136740 463125 137340
681663 136260 685425 136860
1137207 136740 1139145 137340
1280619 144900 1282101 145500
531867 140580 539277 141180
1280619 126660 1282101 127260
158289 138180 162051 138780
1280619 128580 1282101 129180
1137891 135300 1138233 135900
1133901 142020 1134927 142620
1208799 143460 1209825 144060
979887 125220 980229 125820
88065 140100 91827 140700
1392567 128100 1396329 128700
461643 135780 463125 136380
387657 134820 391419 135420
1387095 140580 1387437 141180
1354833 126660 1358595 127260
1130139 136260 1131621 136860
536199 138660 539961 139260
1357341 138660 1364751 139260
81567 144420 88977 145020
831003 128580 838413 129180
1280733 136740 1281759 137340
387201 136740 390963 137340
1388919 143940 1389945 144540
529473 130020 536883 130620
1136295 144900 1140057 145500
236721 127620 240483 128220
1277313 132900 1281075 133500
1132077 139620 1132761 140220
1278795 142980 1279821 143580
91371 136740 92397 137340
308883 142500 310821 143100
833511 125700 837273 126300
985473 131940 989235 132540
687135 130500 688161 131100
979431 140580 986841 141180
90915 132900 91941 133500
1130139 133380 1131621 133980
162279 143940 163875 144540
1378431 134340 1382193 134940
1393479 137220 1394961 137820
1393479 141060 1394961 141660
161139 128580 164901 129180
1132647 126660 1140057 127260
1130139 134340 1131621 134940
1278453 136260 1279479 136860
1209255 130500 1210281 131100
